location_id,timestamp,Available,Total,Offline
94249,2025-09-02 03:38:29,0,2,0
94249,2025-09-02 03:33:29,0,2,0
94249,2025-09-02 03:28:29,0,2,0
94249,2025-09-02 03:23:29,0,2,0
94249,2025-09-02 03:18:29,0,2,0
94249,2025-09-02 03:13:29,0,2,0
94249,2025-09-02 03:08:29,0,2,0
94249,2025-09-02 03:03:29,0,2,0
94249,2025-09-02 02:58:29,0,2,0
94249,2025-09-02 02:53:29,0,2,0
94249,2025-09-02 02:48:29,0,2,0
94249,2025-09-02 02:43:29,0,2,0
94249,2025-09-02 02:38:29,0,2,0
94249,2025-09-02 02:33:29,0,2,0
94249,2025-09-02 02:28:29,0,2,0
94249,2025-09-02 02:23:29,0,2,0
94249,2025-09-02 02:18:29,0,2,0
94249,2025-09-02 02:13:30,0,2,0
94249,2025-09-02 02:08:29,0,2,0
94249,2025-09-02 02:03:29,0,2,0
94249,2025-09-02 01:58:29,0,2,0
94249,2025-09-02 01:53:29,0,2,0
94249,2025-09-02 01:48:29,0,2,0
94249,2025-09-02 01:43:29,0,2,0
94249,2025-09-02 01:38:29,0,2,0
94249,2025-09-02 01:33:29,0,2,0
94249,2025-09-02 01:28:29,0,2,0
94249,2025-09-02 01:23:29,0,2,0
94249,2025-09-02 01:18:29,0,2,0
94249,2025-09-02 01:13:29,0,2,0
94249,2025-09-02 01:08:29,0,2,0
94249,2025-09-02 01:03:29,0,2,0
94249,2025-09-02 00:58:29,0,2,0
94249,2025-09-02 00:53:29,0,2,0
94249,2025-09-02 00:48:29,0,2,0
94249,2025-09-02 00:43:29,0,2,0
94249,2025-09-02 00:38:29,0,2,0
94249,2025-09-02 00:33:30,0,2,0
94249,2025-09-02 00:28:29,0,2,0
94249,2025-09-02 00:23:29,0,2,0
94249,2025-09-02 00:18:29,0,2,0
94249,2025-09-02 00:13:29,0,2,0
94249,2025-09-02 00:08:29,0,2,0
94249,2025-09-02 00:03:29,1,2,0
94249,2025-09-01 23:59:59,1,2,0
94249,2025-09-01 23:53:29,1,2,0
94249,2025-09-01 23:48:29,1,2,0
94249,2025-09-01 23:43:29,2,2,0
94249,2025-09-01 23:38:29,2,2,0
94249,2025-09-01 23:33:29,2,2,0
94249,2025-09-01 23:28:29,2,2,0
94249,2025-09-01 23:23:29,2,2,0
94249,2025-09-01 23:18:29,2,2,0
94249,2025-09-01 23:13:29,2,2,0
94249,2025-09-01 23:08:29,2,2,0
94249,2025-09-01 23:03:29,2,2,0
94249,2025-09-01 22:58:29,2,2,0
94249,2025-09-01 22:53:29,2,2,0
94249,2025-09-01 22:48:29,2,2,0
94249,2025-09-01 22:43:29,2,2,0
94249,2025-09-01 22:38:29,2,2,0
94249,2025-09-01 22:33:29,2,2,0
94249,2025-09-01 22:28:29,2,2,0
94249,2025-09-01 22:23:29,2,2,0
94249,2025-09-01 22:18:29,2,2,0
94249,2025-09-01 22:13:29,2,2,0
94249,2025-09-01 22:08:29,2,2,0
94249,2025-09-01 22:03:29,2,2,0
94249,2025-09-01 21:58:29,2,2,0
94249,2025-09-01 21:53:29,2,2,0
94249,2025-09-01 21:48:29,2,2,0
94249,2025-09-01 21:43:29,2,2,0
94249,2025-09-01 21:38:29,2,2,0
94249,2025-09-01 21:33:29,2,2,0
94249,2025-09-01 21:28:29,2,2,0
94249,2025-09-01 21:23:30,2,2,0
94249,2025-09-01 21:18:29,2,2,0
94249,2025-09-01 21:13:29,2,2,0
94249,2025-09-01 21:08:29,1,2,0
94249,2025-09-01 21:03:30,1,2,0
94249,2025-09-01 20:58:29,1,2,0
94249,2025-09-01 20:53:29,1,2,0
94249,2025-09-01 20:48:29,1,2,0
94249,2025-09-01 20:43:29,1,2,0
94249,2025-09-01 20:38:29,1,2,0
94249,2025-09-01 20:33:29,1,2,0
94249,2025-09-01 20:28:29,1,2,0
94249,2025-09-01 20:23:29,1,2,0
94249,2025-09-01 20:18:29,0,2,0
94249,2025-09-01 20:13:29,0,2,0
94249,2025-09-01 20:08:30,0,2,0
94249,2025-09-01 20:03:30,0,2,0
94249,2025-09-01 19:58:29,0,2,0
94249,2025-09-01 19:53:30,0,2,0
94249,2025-09-01 19:48:29,0,2,0
94249,2025-09-01 19:43:29,0,2,0
94249,2025-09-01 19:38:29,0,2,0
94249,2025-09-01 19:33:30,0,2,0
94249,2025-09-01 19:28:29,0,2,0
94249,2025-09-01 19:23:29,0,2,0
94249,2025-09-01 19:18:29,0,2,0
94249,2025-09-01 19:13:29,0,2,0
94249,2025-09-01 19:08:29,0,2,0
94249,2025-09-01 19:03:29,0,2,0
94249,2025-09-01 18:58:29,0,2,0
94249,2025-09-01 18:53:29,0,2,0
94249,2025-09-01 18:48:29,0,2,0
94249,2025-09-01 18:43:29,0,2,0
94249,2025-09-01 18:38:29,0,2,0
94249,2025-09-01 18:33:30,0,2,0
94249,2025-09-01 18:28:29,0,2,0
94249,2025-09-01 18:23:29,0,2,0
94249,2025-09-01 18:18:29,0,2,0
94249,2025-09-01 18:13:29,0,2,0
94249,2025-09-01 18:08:29,0,2,0
94249,2025-09-01 18:03:29,0,2,0
94249,2025-09-01 17:58:29,0,2,0
94249,2025-09-01 17:53:29,0,2,0
94249,2025-09-01 17:48:29,0,2,0
94249,2025-09-01 17:43:29,0,2,0
94249,2025-09-01 17:38:29,1,2,0
94249,2025-09-01 17:33:29,1,2,0
94249,2025-09-01 17:28:30,1,2,0
94249,2025-09-01 17:23:29,1,2,0
94249,2025-09-01 17:18:29,1,2,0
94249,2025-09-01 17:13:29,1,2,0
94249,2025-09-01 17:08:29,1,2,0
94249,2025-09-01 17:03:29,1,2,0
94249,2025-09-01 16:58:29,1,2,0
94249,2025-09-01 16:53:29,1,2,0
94249,2025-09-01 16:48:29,1,2,0
94249,2025-09-01 16:43:29,1,2,0
94249,2025-09-01 16:38:29,1,2,0
94249,2025-09-01 16:33:29,1,2,0
94249,2025-09-01 16:28:29,1,2,0
94249,2025-09-01 16:23:29,1,2,0
94249,2025-09-01 16:18:30,1,2,0
94249,2025-09-01 16:13:29,1,2,0
94249,2025-09-01 16:08:29,1,2,0
94249,2025-09-01 16:03:29,1,2,0
94249,2025-09-01 15:58:29,1,2,0
94249,2025-09-01 15:53:29,1,2,0
94249,2025-09-01 15:48:29,1,2,0
94249,2025-09-01 15:43:29,1,2,0
94249,2025-09-01 15:38:29,1,2,0
94249,2025-09-01 15:33:30,1,2,0
94249,2025-09-01 15:28:29,1,2,0
94249,2025-09-01 15:23:29,1,2,0
94249,2025-09-01 15:18:29,1,2,0
94249,2025-09-01 15:13:30,1,2,0
94249,2025-09-01 15:08:29,1,2,0
94249,2025-09-01 15:03:29,1,2,0
94249,2025-09-01 14:58:29,1,2,0
94249,2025-09-01 14:53:29,1,2,0
94249,2025-09-01 14:48:29,1,2,0
94249,2025-09-01 14:43:29,1,2,0
94249,2025-09-01 14:38:29,1,2,0
94249,2025-09-01 14:33:29,1,2,0
94249,2025-09-01 14:28:29,1,2,0
94249,2025-09-01 14:23:29,1,2,0
94249,2025-09-01 14:18:29,1,2,0
94249,2025-09-01 14:13:29,1,2,0
94249,2025-09-01 14:08:29,1,2,0
94249,2025-09-01 14:03:29,1,2,0
94249,2025-09-01 13:58:29,1,2,0
94249,2025-09-01 13:53:29,1,2,0
94249,2025-09-01 13:48:29,1,2,0
94249,2025-09-01 13:43:29,1,2,0
94249,2025-09-01 13:38:29,1,2,0
94249,2025-09-01 13:33:29,1,2,0
94249,2025-09-01 13:28:29,1,2,0
94249,2025-09-01 13:23:29,1,2,0
94249,2025-09-01 13:18:29,1,2,0
94249,2025-09-01 13:13:29,1,2,0
94249,2025-09-01 13:08:29,1,2,0
94249,2025-09-01 13:03:30,1,2,0
94249,2025-09-01 12:58:29,1,2,0
94249,2025-09-01 12:53:29,1,2,0
94249,2025-09-01 12:48:29,1,2,0
94249,2025-09-01 12:43:29,1,2,0
94249,2025-09-01 12:38:29,1,2,0
94249,2025-09-01 12:33:29,1,2,0
94249,2025-09-01 12:28:29,1,2,0
94249,2025-09-01 12:23:29,1,2,0
94249,2025-09-01 12:18:29,1,2,0
94249,2025-09-01 12:13:29,1,2,0
94249,2025-09-01 12:08:29,1,2,0
94249,2025-09-01 12:03:29,1,2,0
94249,2025-09-01 11:58:29,1,2,0
94249,2025-09-01 11:53:29,1,2,0
94249,2025-09-01 11:48:29,1,2,0
94249,2025-09-01 11:43:29,1,2,0
94249,2025-09-01 11:38:29,1,2,0
94249,2025-09-01 11:33:29,1,2,0
94249,2025-09-01 11:28:29,1,2,0
94249,2025-09-01 11:23:29,1,2,0
94249,2025-09-01 11:18:29,1,2,0
94249,2025-09-01 11:13:29,0,2,0
94249,2025-09-01 11:08:29,0,2,0
94249,2025-09-01 11:03:29,0,2,0
94249,2025-09-01 10:58:29,0,2,0
94249,2025-09-01 10:53:29,0,2,0
94249,2025-09-01 10:48:29,0,2,0
94249,2025-09-01 10:43:29,0,2,0
94249,2025-09-01 10:38:29,0,2,0
94249,2025-09-01 10:33:29,0,2,0
94249,2025-09-01 10:28:29,0,2,0
94249,2025-09-01 10:23:29,0,2,0
94249,2025-09-01 10:18:29,0,2,0
94249,2025-09-01 10:13:29,0,2,0
94249,2025-09-01 10:08:29,0,2,0
94249,2025-09-01 10:03:29,1,2,0
94249,2025-09-01 09:58:29,1,2,0
94249,2025-09-01 09:53:29,1,2,0
94249,2025-09-01 09:48:29,1,2,0
94249,2025-09-01 09:43:29,1,2,0
94249,2025-09-01 09:38:29,1,2,0
94249,2025-09-01 09:33:29,1,2,0
94249,2025-09-01 09:28:29,1,2,0
94249,2025-09-01 09:23:29,1,2,0
94249,2025-09-01 09:18:29,1,2,0
94249,2025-09-01 09:13:29,1,2,0
94249,2025-09-01 09:08:29,0,2,0
94249,2025-09-01 09:03:29,0,2,0
94249,2025-09-01 08:58:29,0,2,0
94249,2025-09-01 08:53:29,0,2,0
94249,2025-09-01 08:48:29,0,2,0
94249,2025-09-01 08:43:29,0,2,0
94249,2025-09-01 08:38:29,0,2,0
94249,2025-09-01 08:33:29,0,2,0
94249,2025-09-01 08:28:29,0,2,0
94249,2025-09-01 08:23:29,0,2,0
94249,2025-09-01 08:18:29,0,2,0
94249,2025-09-01 08:13:29,0,2,0
94249,2025-09-01 08:08:29,0,2,0
94249,2025-09-01 08:03:29,0,2,0
94249,2025-09-01 07:58:29,0,2,0
94249,2025-09-01 07:53:29,0,2,0
94249,2025-09-01 07:48:29,0,2,0
94249,2025-09-01 07:43:29,0,2,0
94249,2025-09-01 07:38:29,1,2,0
94249,2025-09-01 07:33:29,1,2,0
94249,2025-09-01 07:28:29,1,2,0
94249,2025-09-01 07:23:29,1,2,0
94249,2025-09-01 07:18:29,1,2,0
94249,2025-09-01 07:13:29,1,2,0
94249,2025-09-01 07:08:29,1,2,0
94249,2025-09-01 07:03:29,1,2,0
94249,2025-09-01 06:58:29,1,2,0
94249,2025-09-01 06:53:29,1,2,0
94249,2025-09-01 06:48:29,1,2,0
94249,2025-09-01 06:43:29,1,2,0
94249,2025-09-01 06:38:29,1,2,0
94249,2025-09-01 06:33:29,1,2,0
94249,2025-09-01 06:28:29,1,2,0
94249,2025-09-01 06:23:29,1,2,0
94249,2025-09-01 06:18:29,1,2,0
94249,2025-09-01 06:13:30,1,2,0
94249,2025-09-01 06:08:29,1,2,0
94249,2025-09-01 06:03:29,1,2,0
94249,2025-09-01 05:58:29,1,2,0
94249,2025-09-01 05:53:29,1,2,0
94249,2025-09-01 05:48:29,1,2,0
94249,2025-09-01 05:43:29,1,2,0
94249,2025-09-01 05:38:29,1,2,0
94249,2025-09-01 05:33:29,1,2,0
94249,2025-09-01 05:28:29,1,2,0
94249,2025-09-01 05:23:29,1,2,0
94249,2025-09-01 05:18:29,1,2,0
94249,2025-09-01 05:13:29,1,2,0
94249,2025-09-01 05:08:29,1,2,0
94249,2025-09-01 05:03:29,1,2,0
94249,2025-09-01 04:58:29,1,2,0
94249,2025-09-01 04:53:29,1,2,0
94249,2025-09-01 04:48:29,0,2,0
94249,2025-09-01 04:43:29,0,2,0
94249,2025-09-01 04:38:29,0,2,0
94249,2025-09-01 04:33:29,0,2,0
94249,2025-09-01 04:28:29,0,2,0
94249,2025-09-01 04:23:29,0,2,0
94249,2025-09-01 04:18:29,0,2,0
94249,2025-09-01 04:13:29,0,2,0
94249,2025-09-01 04:08:29,0,2,0
94249,2025-09-01 04:03:29,0,2,0
94249,2025-09-01 03:58:29,0,2,0
94249,2025-09-01 03:53:29,0,2,0
94249,2025-09-01 03:48:30,0,2,0
94249,2025-09-01 03:43:29,0,2,0
94249,2025-09-01 03:38:29,0,2,0
94249,2025-09-01 03:33:29,0,2,0
94249,2025-09-01 03:28:29,0,2,0
94249,2025-09-01 03:23:29,0,2,0
94249,2025-09-01 03:18:30,0,2,0
94249,2025-09-01 03:13:29,0,2,0
94249,2025-09-01 03:08:29,0,2,0
94249,2025-09-01 03:03:29,0,2,0
94249,2025-09-01 02:58:29,0,2,0
94249,2025-09-01 02:53:29,0,2,0
94249,2025-09-01 02:48:29,0,2,0
94249,2025-09-01 02:43:29,0,2,0
94249,2025-09-01 02:38:29,0,2,0
94249,2025-09-01 02:33:29,0,2,0
94249,2025-09-01 02:28:29,0,2,0
94249,2025-09-01 02:23:29,0,2,0
94249,2025-09-01 02:18:29,0,2,0
94249,2025-09-01 02:13:29,0,2,0
94249,2025-09-01 02:08:29,0,2,0
94249,2025-09-01 02:03:29,0,2,0
94249,2025-09-01 01:58:29,0,2,0
94249,2025-09-01 01:53:29,0,2,0
94249,2025-09-01 01:48:29,1,2,0
94249,2025-09-01 01:43:29,1,2,0
94249,2025-09-01 01:38:30,1,2,0
94249,2025-09-01 01:33:29,1,2,0
94249,2025-09-01 01:28:30,1,2,0
94249,2025-09-01 01:23:31,1,2,0
94249,2025-09-01 01:18:31,1,2,0
94249,2025-09-01 01:13:29,0,2,0
94249,2025-09-01 01:08:31,0,2,0
94249,2025-09-01 01:03:29,0,2,0
94249,2025-09-01 00:58:29,0,2,0
94249,2025-09-01 00:53:29,0,2,0
94249,2025-09-01 00:48:30,0,2,0
94249,2025-09-01 00:43:29,0,2,0
94249,2025-09-01 00:38:29,0,2,0
94249,2025-09-01 00:33:29,0,2,0
94249,2025-09-01 00:28:29,0,2,0
94249,2025-09-01 00:23:29,0,2,0
94249,2025-09-01 00:18:29,0,2,0
94249,2025-09-01 00:13:29,0,2,0
94249,2025-09-01 00:08:29,0,2,0
94249,2025-09-01 00:03:29,0,2,0
94249,2025-08-31 23:59:57,0,2,0
94249,2025-08-31 23:53:29,1,2,0
94249,2025-08-31 23:48:29,1,2,0
94249,2025-08-31 23:43:29,1,2,0
94249,2025-08-31 23:38:29,1,2,0
94249,2025-08-31 23:33:29,1,2,0
94249,2025-08-31 23:28:29,1,2,0
94249,2025-08-31 23:23:29,1,2,0
94249,2025-08-31 23:18:29,1,2,0
94249,2025-08-31 23:13:29,2,2,0
94249,2025-08-31 23:08:29,1,2,0
94249,2025-08-31 23:03:29,1,2,0
94249,2025-08-31 22:58:29,1,2,0
94249,2025-08-31 22:53:29,1,2,0
94249,2025-08-31 22:48:29,1,2,0
94249,2025-08-31 22:43:29,1,2,0
94249,2025-08-31 22:38:29,1,2,0
94249,2025-08-31 22:33:29,1,2,0
94249,2025-08-31 22:28:29,1,2,0
94249,2025-08-31 22:23:29,1,2,0
94249,2025-08-31 22:18:29,1,2,0
94249,2025-08-31 22:13:29,1,2,0
94249,2025-08-31 22:08:29,1,2,0
94249,2025-08-31 22:03:29,1,2,0
94249,2025-08-31 21:58:29,1,2,0
94249,2025-08-31 21:53:29,1,2,0
94249,2025-08-31 21:48:29,1,2,0
94249,2025-08-31 21:43:29,1,2,0
94249,2025-08-31 21:38:29,1,2,0
94249,2025-08-31 21:33:29,1,2,0
94249,2025-08-31 21:28:29,1,2,0
94249,2025-08-31 21:23:30,1,2,0
94249,2025-08-31 21:18:29,1,2,0
94249,2025-08-31 21:13:29,1,2,0
94249,2025-08-31 21:08:29,1,2,0
94249,2025-08-31 21:03:29,1,2,0
94249,2025-08-31 20:58:29,1,2,0
94249,2025-08-31 20:53:29,1,2,0
94249,2025-08-31 20:48:29,1,2,0
94249,2025-08-31 20:43:29,1,2,0
94249,2025-08-31 20:38:29,1,2,0
94249,2025-08-31 20:33:29,1,2,0
94249,2025-08-31 20:28:29,1,2,0
94249,2025-08-31 20:23:29,1,2,0
94249,2025-08-31 20:18:29,1,2,0
94249,2025-08-31 20:13:29,1,2,0
94249,2025-08-31 20:08:29,1,2,0
94249,2025-08-31 20:03:29,1,2,0
94249,2025-08-31 19:58:29,1,2,0
94249,2025-08-31 19:53:29,1,2,0
94249,2025-08-31 19:48:29,1,2,0
94249,2025-08-31 19:43:29,1,2,0
94249,2025-08-31 19:38:29,1,2,0
94249,2025-08-31 19:33:29,1,2,0
94249,2025-08-31 19:28:29,1,2,0
94249,2025-08-31 19:23:29,1,2,0
94249,2025-08-31 19:18:29,1,2,0
94249,2025-08-31 19:13:29,1,2,0
94249,2025-08-31 19:08:29,1,2,0
94249,2025-08-31 19:03:29,1,2,0
94249,2025-08-31 18:58:29,1,2,0
94249,2025-08-31 18:53:29,1,2,0
94249,2025-08-31 18:48:29,1,2,0
94249,2025-08-31 18:43:29,1,2,0
94249,2025-08-31 18:38:29,1,2,0
94249,2025-08-31 18:33:29,1,2,0
94249,2025-08-31 18:28:29,1,2,0
94249,2025-08-31 18:23:29,1,2,0
94249,2025-08-31 18:18:29,1,2,0
94249,2025-08-31 18:13:29,1,2,0
94249,2025-08-31 18:08:29,1,2,0
94249,2025-08-31 18:03:29,1,2,0
94249,2025-08-31 17:58:29,1,2,0
94249,2025-08-31 17:53:29,1,2,0
94249,2025-08-31 17:48:29,1,2,0
94249,2025-08-31 17:43:29,1,2,0
94249,2025-08-31 17:38:29,1,2,0
94249,2025-08-31 17:33:29,1,2,0
94249,2025-08-31 17:28:29,1,2,0
94249,2025-08-31 17:23:30,1,2,0
94249,2025-08-31 17:18:29,1,2,0
94249,2025-08-31 17:13:29,1,2,0
94249,2025-08-31 17:08:29,1,2,0
94249,2025-08-31 17:03:29,1,2,0
94249,2025-08-31 16:58:30,1,2,0
94249,2025-08-31 16:53:29,1,2,0
94249,2025-08-31 16:48:29,1,2,0
94249,2025-08-31 16:43:29,1,2,0
94249,2025-08-31 16:38:29,1,2,0
94249,2025-08-31 16:33:29,1,2,0
94249,2025-08-31 16:28:29,1,2,0
94249,2025-08-31 16:23:29,1,2,0
94249,2025-08-31 16:18:29,1,2,0
94249,2025-08-31 16:13:29,2,2,0
94249,2025-08-31 16:08:29,2,2,0
94249,2025-08-31 16:03:29,2,2,0
94249,2025-08-31 15:58:29,2,2,0
94249,2025-08-31 15:53:29,2,2,0
94249,2025-08-31 15:48:29,2,2,0
94249,2025-08-31 15:43:29,2,2,0
94249,2025-08-31 15:38:29,2,2,0
94249,2025-08-31 15:33:30,2,2,0
94249,2025-08-31 15:28:29,2,2,0
94249,2025-08-31 15:23:29,2,2,0
94249,2025-08-31 15:18:29,2,2,0
94249,2025-08-31 15:13:29,2,2,0
94249,2025-08-31 15:08:29,2,2,0
94249,2025-08-31 15:03:29,2,2,0
94249,2025-08-31 14:58:29,2,2,0
94249,2025-08-31 14:53:29,2,2,0
94249,2025-08-31 14:48:29,2,2,0
94249,2025-08-31 14:43:29,2,2,0
94249,2025-08-31 14:38:29,2,2,0
94249,2025-08-31 14:33:29,2,2,0
94249,2025-08-31 14:28:29,2,2,0
94249,2025-08-31 14:23:29,2,2,0
94249,2025-08-31 14:18:29,2,2,0
94249,2025-08-31 14:13:29,2,2,0
94249,2025-08-31 14:08:29,2,2,0
94249,2025-08-31 14:03:29,2,2,0
94249,2025-08-31 13:58:29,2,2,0
94249,2025-08-31 13:53:29,2,2,0
94249,2025-08-31 13:48:29,2,2,0
94249,2025-08-31 13:43:29,2,2,0
94249,2025-08-31 13:38:50,2,2,0
94249,2025-08-31 13:33:29,2,2,0
94249,2025-08-31 13:28:29,2,2,0
94249,2025-08-31 13:23:29,2,2,0
94249,2025-08-31 13:18:29,2,2,0
94249,2025-08-31 13:13:29,2,2,0
94249,2025-08-31 13:08:29,2,2,0
94249,2025-08-31 13:03:29,2,2,0
94249,2025-08-31 12:58:29,2,2,0
94249,2025-08-31 12:53:29,2,2,0
94249,2025-08-31 12:48:29,1,2,0
94249,2025-08-31 12:43:29,1,2,0
94249,2025-08-31 12:38:29,1,2,0
94249,2025-08-31 12:33:29,1,2,0
94249,2025-08-31 12:28:30,1,2,0
94249,2025-08-31 12:23:29,1,2,0
94249,2025-08-31 12:18:29,1,2,0
94249,2025-08-31 12:13:29,1,2,0
94249,2025-08-31 12:08:29,1,2,0
94249,2025-08-31 12:03:29,1,2,0
94249,2025-08-31 11:58:29,1,2,0
94249,2025-08-31 11:53:29,1,2,0
94249,2025-08-31 11:48:29,1,2,0
94249,2025-08-31 11:43:29,1,2,0
94249,2025-08-31 11:38:29,1,2,0
94249,2025-08-31 11:33:29,1,2,0
94249,2025-08-31 11:28:29,1,2,0
94249,2025-08-31 11:23:29,1,2,0
94249,2025-08-31 11:18:29,1,2,0
94249,2025-08-31 11:13:29,1,2,0
94249,2025-08-31 11:08:29,1,2,0
94249,2025-08-31 11:03:29,1,2,0
94249,2025-08-31 10:58:29,1,2,0
94249,2025-08-31 10:53:29,1,2,0
94249,2025-08-31 10:48:29,1,2,0
94249,2025-08-31 10:43:29,1,2,0
94249,2025-08-31 10:38:29,1,2,0
94249,2025-08-31 10:33:29,1,2,0
94249,2025-08-31 10:28:29,1,2,0
94249,2025-08-31 10:23:30,1,2,0
94249,2025-08-31 10:18:29,1,2,0
94249,2025-08-31 10:13:29,1,2,0
94249,2025-08-31 10:08:29,1,2,0
94249,2025-08-31 10:03:29,1,2,0
94249,2025-08-31 09:58:29,1,2,0
94249,2025-08-31 09:53:29,1,2,0
94249,2025-08-31 09:48:29,1,2,0
94249,2025-08-31 09:43:29,1,2,0
94249,2025-08-31 09:38:29,1,2,0
94249,2025-08-31 09:33:29,1,2,0
94249,2025-08-31 09:28:29,1,2,0
94249,2025-08-31 09:23:29,1,2,0
94249,2025-08-31 09:18:29,1,2,0
94249,2025-08-31 09:13:29,1,2,0
94249,2025-08-31 09:08:29,1,2,0
94249,2025-08-31 09:03:29,1,2,0
94249,2025-08-31 08:58:29,1,2,0
94249,2025-08-31 08:53:29,1,2,0
94249,2025-08-31 08:48:29,1,2,0
94249,2025-08-31 08:43:29,1,2,0
94249,2025-08-31 08:38:29,1,2,0
94249,2025-08-31 08:33:29,0,2,0
94249,2025-08-31 08:28:29,0,2,0
94249,2025-08-31 08:23:29,0,2,0
94249,2025-08-31 08:18:29,0,2,0
94249,2025-08-31 08:13:29,0,2,0
94249,2025-08-31 08:08:29,0,2,0
94249,2025-08-31 08:03:29,0,2,0
94249,2025-08-31 07:58:29,0,2,0
94249,2025-08-31 07:53:29,0,2,0
94249,2025-08-31 07:48:29,0,2,0
94249,2025-08-31 07:43:29,0,2,0
94249,2025-08-31 07:38:29,0,2,0
94249,2025-08-31 07:33:29,0,2,0
94249,2025-08-31 07:28:29,0,2,0
94249,2025-08-31 07:23:29,0,2,0
94249,2025-08-31 07:18:29,0,2,0
94249,2025-08-31 07:13:29,0,2,0
94249,2025-08-31 07:08:29,0,2,0
94249,2025-08-31 07:03:29,0,2,0
94249,2025-08-31 06:58:29,0,2,0
94249,2025-08-31 06:53:29,0,2,0
94249,2025-08-31 06:48:29,0,2,0
94249,2025-08-31 06:43:29,0,2,0
94249,2025-08-31 06:38:29,0,2,0
94249,2025-08-31 06:33:29,0,2,0
94249,2025-08-31 06:28:29,0,2,0
94249,2025-08-31 06:23:29,0,2,0
94249,2025-08-31 06:18:29,0,2,0
94249,2025-08-31 06:13:29,0,2,0
94249,2025-08-31 06:08:29,0,2,0
94249,2025-08-31 06:03:30,0,2,0
94249,2025-08-31 05:58:29,0,2,0
94249,2025-08-31 05:53:29,0,2,0
94249,2025-08-31 05:48:29,0,2,0
94249,2025-08-31 05:43:29,0,2,0
94249,2025-08-31 05:38:29,0,2,0
94249,2025-08-31 05:33:29,0,2,0
94249,2025-08-31 05:28:29,0,2,0
94249,2025-08-31 05:23:29,0,2,0
94249,2025-08-31 05:18:29,0,2,0
94249,2025-08-31 05:13:29,0,2,0
94249,2025-08-31 05:08:29,0,2,0
94249,2025-08-31 05:03:29,0,2,0
94249,2025-08-31 04:58:29,0,2,0
94249,2025-08-31 04:53:29,1,2,0
94249,2025-08-31 04:48:29,1,2,0
94249,2025-08-31 04:43:29,1,2,0
94249,2025-08-31 04:38:29,1,2,0
94249,2025-08-31 04:33:29,1,2,0
94249,2025-08-31 04:28:30,1,2,0
94249,2025-08-31 04:23:29,1,2,0
94249,2025-08-31 04:18:30,1,2,0
94249,2025-08-31 04:13:29,1,2,0
94249,2025-08-31 04:08:29,1,2,0
94249,2025-08-31 04:03:29,1,2,0
94249,2025-08-31 03:58:29,1,2,0
94249,2025-08-31 03:53:29,1,2,0
94249,2025-08-31 03:48:29,1,2,0
94249,2025-08-31 03:43:30,1,2,0
94249,2025-08-31 03:38:29,1,2,0
94249,2025-08-31 03:33:29,1,2,0
94249,2025-08-31 03:28:29,1,2,0
94249,2025-08-31 03:23:29,1,2,0
94249,2025-08-31 03:18:29,1,2,0
94249,2025-08-31 03:13:33,1,2,0
94249,2025-08-31 03:08:29,1,2,0
94249,2025-08-31 03:03:29,1,2,0
94249,2025-08-31 02:58:29,1,2,0
94249,2025-08-31 02:53:29,2,2,0
94249,2025-08-31 02:48:29,2,2,0
94249,2025-08-31 02:43:29,2,2,0
94249,2025-08-31 02:38:29,2,2,0
94249,2025-08-31 02:33:29,2,2,0
94249,2025-08-31 02:28:29,2,2,0
94249,2025-08-31 02:23:29,1,2,0
94249,2025-08-31 02:18:29,1,2,0
94249,2025-08-31 02:13:29,1,2,0
94249,2025-08-31 02:08:29,1,2,0
94249,2025-08-31 02:03:29,1,2,0
94249,2025-08-31 01:58:29,1,2,0
94249,2025-08-31 01:53:29,1,2,0
94249,2025-08-31 01:48:29,1,2,0
94249,2025-08-31 01:43:29,1,2,0
94249,2025-08-31 01:38:29,1,2,0
94249,2025-08-31 01:33:29,1,2,0
94249,2025-08-31 01:28:29,1,2,0
94249,2025-08-31 01:23:29,0,2,0
94249,2025-08-31 01:18:29,0,2,0
94249,2025-08-31 01:13:29,0,2,0
94249,2025-08-31 01:08:29,0,2,0
94249,2025-08-31 01:03:29,0,2,0
94249,2025-08-31 00:58:29,0,2,0
94249,2025-08-31 00:53:29,0,2,0
94249,2025-08-31 00:48:30,0,2,0
94249,2025-08-31 00:43:29,0,2,0
94249,2025-08-31 00:38:29,0,2,0
94249,2025-08-31 00:33:29,0,2,0
94249,2025-08-31 00:28:29,0,2,0
94249,2025-08-31 00:23:29,0,2,0
94249,2025-08-31 00:18:29,1,2,0
94249,2025-08-31 00:13:29,1,2,0
94249,2025-08-31 00:08:29,1,2,0
94249,2025-08-31 00:03:29,1,2,0
94249,2025-08-30 23:58:29,1,2,0
94249,2025-08-30 23:53:29,1,2,0
94249,2025-08-30 23:48:29,1,2,0
94249,2025-08-30 23:43:29,1,2,0
94249,2025-08-30 23:38:29,1,2,0
94249,2025-08-30 23:33:29,1,2,0
94249,2025-08-30 23:28:29,1,2,0
94249,2025-08-30 23:23:30,1,2,0
94249,2025-08-30 23:18:30,1,2,0
94249,2025-08-30 23:13:31,1,2,0
94249,2025-08-30 23:08:30,1,2,0
94249,2025-08-30 23:03:30,1,2,0
94249,2025-08-30 22:58:30,1,2,0
94249,2025-08-30 22:53:30,1,2,0
94249,2025-08-30 22:48:30,1,2,0
94249,2025-08-30 22:43:30,1,2,0
94249,2025-08-30 22:38:29,1,2,0
94249,2025-08-30 22:33:29,1,2,0
94249,2025-08-30 22:28:29,1,2,0
94249,2025-08-30 22:23:29,1,2,0
94249,2025-08-30 22:18:29,1,2,0
94249,2025-08-30 22:13:29,1,2,0
94249,2025-08-30 22:08:29,1,2,0
94249,2025-08-30 22:03:29,1,2,0
94249,2025-08-30 21:58:29,1,2,0
94249,2025-08-30 21:53:29,1,2,0
94249,2025-08-30 21:48:29,1,2,0
94249,2025-08-30 21:43:29,0,2,0
94249,2025-08-30 21:38:29,0,2,0
94249,2025-08-30 21:33:29,0,2,0
94249,2025-08-30 21:28:29,0,2,0
94249,2025-08-30 21:23:29,0,2,0
94249,2025-08-30 21:18:29,0,2,0
94249,2025-08-30 21:13:29,0,2,0
94249,2025-08-30 21:08:29,0,2,0
94249,2025-08-30 21:03:29,0,2,0
94249,2025-08-30 20:58:29,0,2,0
94249,2025-08-30 20:53:29,0,2,0
94249,2025-08-30 20:48:29,0,2,0
94249,2025-08-30 20:43:29,0,2,0
94249,2025-08-30 20:38:29,0,2,0
94249,2025-08-30 20:33:29,1,2,0
94249,2025-08-30 20:28:29,1,2,0
94249,2025-08-30 20:23:29,1,2,0
94249,2025-08-30 20:18:29,1,2,0
94249,2025-08-30 20:13:29,0,2,0
94249,2025-08-30 20:08:29,0,2,0
94249,2025-08-30 20:03:29,0,2,0
94249,2025-08-30 19:58:29,0,2,0
94249,2025-08-30 19:53:29,0,2,0
94249,2025-08-30 19:48:29,0,2,0
94249,2025-08-30 19:43:29,0,2,0
94249,2025-08-30 19:38:30,0,2,0
94249,2025-08-30 19:33:29,0,2,0
94249,2025-08-30 19:28:29,0,2,0
94249,2025-08-30 19:23:29,0,2,0
94249,2025-08-30 19:18:29,0,2,0
94249,2025-08-30 19:13:29,0,2,0
94249,2025-08-30 19:08:29,0,2,0
94249,2025-08-30 19:03:29,0,2,0
94249,2025-08-30 18:58:29,0,2,0
94249,2025-08-30 18:53:29,0,2,0
94249,2025-08-30 18:48:29,0,2,0
94249,2025-08-30 18:43:29,0,2,0
94249,2025-08-30 18:38:29,0,2,0
94249,2025-08-30 18:33:29,0,2,0
94249,2025-08-30 18:28:29,0,2,0
94249,2025-08-30 18:23:29,0,2,0
94249,2025-08-30 18:18:29,0,2,0
94249,2025-08-30 18:13:29,0,2,0
94249,2025-08-30 18:08:29,0,2,0
94249,2025-08-30 18:03:29,0,2,0
94249,2025-08-30 17:58:29,0,2,0
94249,2025-08-30 17:53:29,0,2,0
94249,2025-08-30 17:48:29,0,2,0
94249,2025-08-30 17:43:29,0,2,0
94249,2025-08-30 17:38:29,0,2,0
94249,2025-08-30 17:33:30,0,2,0
94249,2025-08-30 17:28:29,0,2,0
94249,2025-08-30 17:23:29,0,2,0
94249,2025-08-30 17:18:29,0,2,0
94249,2025-08-30 17:13:29,0,2,0
94249,2025-08-30 17:08:29,0,2,0
94249,2025-08-30 17:03:29,0,2,0
94249,2025-08-30 16:58:30,0,2,0
94249,2025-08-30 16:53:29,0,2,0
94249,2025-08-30 16:48:29,0,2,0
94249,2025-08-30 16:43:29,0,2,0
94249,2025-08-30 16:38:29,0,2,0
94249,2025-08-30 16:33:29,0,2,0
94249,2025-08-30 16:28:30,0,2,0
94249,2025-08-30 16:23:29,0,2,0
94249,2025-08-30 16:18:29,0,2,0
94249,2025-08-30 16:13:29,0,2,0
94249,2025-08-30 16:08:29,0,2,0
94249,2025-08-30 16:03:29,0,2,0
94249,2025-08-30 15:58:29,0,2,0
94249,2025-08-30 15:53:29,1,2,0
94249,2025-08-30 15:48:29,1,2,0
94249,2025-08-30 15:43:29,1,2,0
94249,2025-08-30 15:38:29,1,2,0
94249,2025-08-30 15:33:29,1,2,0
94249,2025-08-30 15:28:29,1,2,0
94249,2025-08-30 15:23:29,1,2,0
94249,2025-08-30 15:18:29,1,2,0
94249,2025-08-30 15:13:29,1,2,0
94249,2025-08-30 15:08:31,1,2,0
94249,2025-08-30 15:03:30,0,2,0
94249,2025-08-30 14:58:30,0,2,0
94249,2025-08-30 14:53:30,0,2,0
94249,2025-08-30 14:48:30,0,2,0
94249,2025-08-30 14:43:30,0,2,0
94249,2025-08-30 14:38:29,0,2,0
94249,2025-08-30 14:33:29,0,2,0
94249,2025-08-30 14:28:29,0,2,0
94249,2025-08-30 14:23:31,0,2,0
94249,2025-08-30 14:18:30,0,2,0
94249,2025-08-30 14:13:29,0,2,0
94249,2025-08-30 14:08:29,0,2,0
94249,2025-08-30 14:03:30,0,2,0
94249,2025-08-30 13:58:29,0,2,0
94249,2025-08-30 13:53:30,0,2,0
94249,2025-08-30 13:48:30,0,2,0
94249,2025-08-30 13:43:30,0,2,0
94249,2025-08-30 13:38:29,0,2,0
94249,2025-08-30 13:33:29,0,2,0
94249,2025-08-30 13:28:29,0,2,0
94249,2025-08-30 13:23:29,0,2,0
94249,2025-08-30 13:18:29,0,2,0
94249,2025-08-30 13:13:29,0,2,0
94249,2025-08-30 13:08:29,0,2,0
94249,2025-08-30 13:03:29,0,2,0
94249,2025-08-30 12:58:29,0,2,0
94249,2025-08-30 12:53:29,0,2,0
94249,2025-08-30 12:48:29,0,2,0
94249,2025-08-30 12:43:29,0,2,0
94249,2025-08-30 12:38:29,0,2,0
94249,2025-08-30 12:33:29,0,2,0
94249,2025-08-30 12:28:29,0,2,0
94249,2025-08-30 12:23:29,0,2,0
94249,2025-08-30 12:18:29,0,2,0
94249,2025-08-30 12:13:29,0,2,0
94249,2025-08-30 12:08:29,0,2,0
94249,2025-08-30 12:03:29,0,2,0
94249,2025-08-30 11:58:29,0,2,0
94249,2025-08-30 11:53:30,0,2,0
94249,2025-08-30 11:48:29,0,2,0
94249,2025-08-30 11:43:29,0,2,0
94249,2025-08-30 11:38:29,0,2,0
94249,2025-08-30 11:33:29,0,2,0
94249,2025-08-30 11:28:29,0,2,0
94249,2025-08-30 11:23:29,0,2,0
94249,2025-08-30 11:18:29,0,2,0
94249,2025-08-30 11:13:29,0,2,0
94249,2025-08-30 11:08:29,0,2,0
94249,2025-08-30 11:03:29,0,2,0
94249,2025-08-30 10:58:29,0,2,0
94249,2025-08-30 10:53:29,0,2,0
94249,2025-08-30 10:48:29,0,2,0
94249,2025-08-30 10:43:29,0,2,0
94249,2025-08-30 10:38:29,0,2,0
94249,2025-08-30 10:33:29,1,2,0
94249,2025-08-30 10:28:29,1,2,0
94249,2025-08-30 10:23:29,1,2,0
94249,2025-08-30 10:18:29,1,2,0
94249,2025-08-30 10:13:29,1,2,0
94249,2025-08-30 10:08:29,1,2,0
94249,2025-08-30 10:03:29,1,2,0
94249,2025-08-30 09:58:29,1,2,0
94249,2025-08-30 09:53:29,1,2,0
94249,2025-08-30 09:48:29,1,2,0
94249,2025-08-30 09:43:29,1,2,0
94249,2025-08-30 09:38:29,1,2,0
94249,2025-08-30 09:33:29,2,2,0
94249,2025-08-30 09:28:29,2,2,0
94249,2025-08-30 09:23:30,2,2,0
94249,2025-08-30 09:18:29,2,2,0
94249,2025-08-30 09:13:29,2,2,0
94249,2025-08-30 09:08:29,2,2,0
94249,2025-08-30 09:03:29,2,2,0
94249,2025-08-30 08:58:29,2,2,0
94249,2025-08-30 08:53:29,2,2,0
94249,2025-08-30 08:48:29,2,2,0
94249,2025-08-30 08:43:29,2,2,0
94249,2025-08-30 08:38:29,2,2,0
94249,2025-08-30 08:33:29,2,2,0
94249,2025-08-30 08:28:29,2,2,0
94249,2025-08-30 08:23:29,2,2,0
94249,2025-08-30 08:18:29,1,2,0
94249,2025-08-30 08:13:29,1,2,0
94249,2025-08-30 08:08:29,1,2,0
94249,2025-08-30 08:03:29,1,2,0
94249,2025-08-30 07:58:29,1,2,0
94249,2025-08-30 07:53:29,1,2,0
94249,2025-08-30 07:48:29,1,2,0
94249,2025-08-30 07:43:29,1,2,0
94249,2025-08-30 07:38:29,1,2,0
94249,2025-08-30 07:33:29,1,2,0
94249,2025-08-30 07:28:29,1,2,0
94249,2025-08-30 07:23:29,1,2,0
94249,2025-08-30 07:18:29,1,2,0
94249,2025-08-30 07:13:29,1,2,0
94249,2025-08-30 07:08:29,1,2,0
94249,2025-08-30 07:03:29,1,2,0
94249,2025-08-30 06:58:29,1,2,0
94249,2025-08-30 06:53:29,1,2,0
94249,2025-08-30 06:48:29,1,2,0
94249,2025-08-30 06:43:29,1,2,0
94249,2025-08-30 06:38:29,1,2,0
94249,2025-08-30 06:33:29,1,2,0
94249,2025-08-30 06:28:29,1,2,0
94249,2025-08-30 06:23:29,1,2,0
94249,2025-08-30 06:18:29,1,2,0
94249,2025-08-30 06:13:29,1,2,0
94249,2025-08-30 06:08:29,1,2,0
94249,2025-08-30 06:03:29,1,2,0
94249,2025-08-30 05:58:29,1,2,0
94249,2025-08-30 05:53:29,1,2,0
94249,2025-08-30 05:48:29,0,2,0
94249,2025-08-30 05:43:29,0,2,0
94249,2025-08-30 05:38:29,0,2,0
94249,2025-08-30 05:33:29,0,2,0
94249,2025-08-30 05:28:29,0,2,0
94249,2025-08-30 05:23:29,0,2,0
94249,2025-08-30 05:18:29,0,2,0
94249,2025-08-30 05:13:29,0,2,0
94249,2025-08-30 05:08:29,0,2,0
94249,2025-08-30 05:03:29,0,2,0
94249,2025-08-30 04:58:29,0,2,0
94249,2025-08-30 04:53:29,0,2,0
94249,2025-08-30 04:48:29,0,2,0
94249,2025-08-30 04:43:29,0,2,0
94249,2025-08-30 04:38:29,0,2,0
94249,2025-08-30 04:33:29,0,2,0
94249,2025-08-30 04:28:29,0,2,0
94249,2025-08-30 04:23:29,0,2,0
94249,2025-08-30 04:18:29,0,2,0
94249,2025-08-30 04:13:29,0,2,0
94249,2025-08-30 04:08:29,0,2,0
94249,2025-08-30 04:03:29,0,2,0
94249,2025-08-30 03:58:29,0,2,0
94249,2025-08-30 03:53:29,0,2,0
94249,2025-08-30 03:48:29,0,2,0
94249,2025-08-30 03:43:29,0,2,0
94249,2025-08-30 03:38:29,0,2,0
94249,2025-08-30 03:33:29,0,2,0
94249,2025-08-30 03:28:29,0,2,0
94249,2025-08-30 03:23:30,0,2,0
94249,2025-08-30 03:18:29,0,2,0
94249,2025-08-30 03:13:29,1,2,0
94249,2025-08-30 03:08:30,0,2,0
94249,2025-08-30 03:03:29,0,2,0
94249,2025-08-30 02:58:30,0,2,0
94249,2025-08-30 02:53:30,0,2,0
94249,2025-08-30 02:48:29,0,2,0
94249,2025-08-30 02:43:29,0,2,0
94249,2025-08-30 02:38:29,0,2,0
94249,2025-08-30 02:33:30,1,2,0
94249,2025-08-30 02:28:29,1,2,0
94249,2025-08-30 02:23:29,1,2,0
94249,2025-08-30 02:18:29,1,2,0
94249,2025-08-30 02:13:29,2,2,0
94249,2025-08-30 02:08:29,2,2,0
94249,2025-08-30 02:03:29,2,2,0
94249,2025-08-30 01:58:29,2,2,0
94249,2025-08-30 01:53:29,2,2,0
94249,2025-08-30 01:48:29,2,2,0
94249,2025-08-30 01:43:29,2,2,0
94249,2025-08-30 01:38:29,2,2,0
94249,2025-08-30 01:33:29,2,2,0
94249,2025-08-30 01:28:29,2,2,0
94249,2025-08-30 01:23:29,2,2,0
94249,2025-08-30 01:18:29,2,2,0
94249,2025-08-30 01:13:29,2,2,0
94249,2025-08-30 01:08:29,2,2,0
94249,2025-08-30 01:03:29,2,2,0
94249,2025-08-30 00:58:29,2,2,0
94249,2025-08-30 00:53:29,2,2,0
94249,2025-08-30 00:48:29,2,2,0
94249,2025-08-30 00:43:29,2,2,0
94249,2025-08-30 00:38:29,2,2,0
94249,2025-08-30 00:33:29,2,2,0
94249,2025-08-30 00:28:29,2,2,0
94249,2025-08-30 00:23:29,2,2,0
94249,2025-08-30 00:18:29,2,2,0
94249,2025-08-30 00:13:29,2,2,0
94249,2025-08-30 00:08:29,2,2,0
94249,2025-08-30 00:03:29,2,2,0
94249,2025-08-29 23:58:29,2,2,0
94249,2025-08-29 23:53:39,2,2,0
94249,2025-08-29 23:48:29,1,2,0
94249,2025-08-29 23:43:29,0,2,0
94249,2025-08-29 23:38:29,0,2,0
94249,2025-08-29 23:33:30,0,2,0
94249,2025-08-29 23:28:29,0,2,0
94249,2025-08-29 23:23:29,0,2,0
94249,2025-08-29 23:18:29,0,2,0
94249,2025-08-29 23:13:29,0,2,0
94249,2025-08-29 23:08:29,0,2,0
94249,2025-08-29 23:03:29,0,2,0
94249,2025-08-29 22:58:29,0,2,0
94249,2025-08-29 22:53:29,0,2,0
94249,2025-08-29 22:48:29,0,2,0
94249,2025-08-29 22:43:29,0,2,0
94249,2025-08-29 22:38:29,0,2,0
94249,2025-08-29 22:33:29,0,2,0
94249,2025-08-29 22:28:29,0,2,0
94249,2025-08-29 22:23:29,0,2,0
94249,2025-08-29 22:18:29,0,2,0
94249,2025-08-29 22:13:30,0,2,0
94249,2025-08-29 22:08:29,0,2,0
94249,2025-08-29 22:03:29,0,2,0
94249,2025-08-29 21:58:29,0,2,0
94249,2025-08-29 21:53:29,0,2,0
94249,2025-08-29 21:48:29,0,2,0
94249,2025-08-29 21:43:29,0,2,0
94249,2025-08-29 21:38:29,0,2,0
94249,2025-08-29 21:33:29,0,2,0
94249,2025-08-29 21:28:29,0,2,0
94249,2025-08-29 21:23:29,1,2,0
94249,2025-08-29 21:18:29,1,2,0
94249,2025-08-29 21:13:29,1,2,0
94249,2025-08-29 21:08:29,1,2,0
94249,2025-08-29 21:03:29,1,2,0
94249,2025-08-29 20:58:29,1,2,0
94249,2025-08-29 20:53:29,1,2,0
94249,2025-08-29 20:48:29,1,2,0
94249,2025-08-29 20:43:29,1,2,0
94249,2025-08-29 20:38:29,1,2,0
94249,2025-08-29 20:33:29,1,2,0
94249,2025-08-29 20:28:29,1,2,0
94249,2025-08-29 20:23:29,1,2,0
94249,2025-08-29 20:18:29,1,2,0
94249,2025-08-29 20:13:29,1,2,0
94249,2025-08-29 20:08:29,1,2,0
94249,2025-08-29 20:03:29,1,2,0
94249,2025-08-29 19:58:29,1,2,0
94249,2025-08-29 19:53:29,1,2,0
94249,2025-08-29 19:48:29,1,2,0
94249,2025-08-29 19:43:29,1,2,0
94249,2025-08-29 19:38:29,1,2,0
94249,2025-08-29 19:33:29,1,2,0
94249,2025-08-29 19:28:29,1,2,0
94249,2025-08-29 19:23:30,1,2,0
94249,2025-08-29 19:18:29,1,2,0
94249,2025-08-29 19:13:29,1,2,0
94249,2025-08-29 19:08:29,2,2,0
94249,2025-08-29 19:03:29,2,2,0
94249,2025-08-29 18:58:29,2,2,0
94249,2025-08-29 18:53:29,2,2,0
94249,2025-08-29 18:48:29,2,2,0
94249,2025-08-29 18:43:30,2,2,0
94249,2025-08-29 18:38:29,2,2,0
94249,2025-08-29 18:33:29,2,2,0
94249,2025-08-29 18:28:29,2,2,0
94249,2025-08-29 18:23:29,2,2,0
94249,2025-08-29 18:18:29,2,2,0
94249,2025-08-29 18:13:29,2,2,0
94249,2025-08-29 18:08:29,2,2,0
94249,2025-08-29 18:03:29,2,2,0
94249,2025-08-29 17:58:29,2,2,0
94249,2025-08-29 17:53:29,2,2,0
94249,2025-08-29 17:48:29,2,2,0
94249,2025-08-29 17:43:29,2,2,0
94249,2025-08-29 17:38:29,2,2,0
94249,2025-08-29 17:33:29,2,2,0
94249,2025-08-29 17:28:29,2,2,0
94249,2025-08-29 17:23:29,2,2,0
94249,2025-08-29 17:18:29,2,2,0
94249,2025-08-29 17:13:29,2,2,0
94249,2025-08-29 17:08:29,2,2,0
94249,2025-08-29 17:03:29,2,2,0
94249,2025-08-29 16:58:29,2,2,0
94249,2025-08-29 16:53:29,2,2,0
94249,2025-08-29 16:48:29,2,2,0
94249,2025-08-29 16:43:30,2,2,0
94249,2025-08-29 16:38:29,2,2,0
94249,2025-08-29 16:33:29,2,2,0
94249,2025-08-29 16:28:29,2,2,0
94249,2025-08-29 16:23:29,2,2,0
94249,2025-08-29 16:18:29,2,2,0
94249,2025-08-29 16:13:29,2,2,0
94249,2025-08-29 16:08:29,2,2,0
94249,2025-08-29 16:03:29,2,2,0
94249,2025-08-29 15:58:29,2,2,0
94249,2025-08-29 15:53:29,2,2,0
94249,2025-08-29 15:48:29,2,2,0
94249,2025-08-29 15:43:29,2,2,0
94249,2025-08-29 15:38:29,2,2,0
94249,2025-08-29 15:33:29,2,2,0
94249,2025-08-29 15:28:29,2,2,0
94249,2025-08-29 15:23:29,2,2,0
94249,2025-08-29 15:21:43,2,2,0
94249,2025-08-29 15:18:29,2,2,0
94249,2025-08-29 15:13:29,2,2,0
94249,2025-08-29 15:08:29,2,2,0
94249,2025-08-29 15:03:29,2,2,0
94249,2025-08-29 14:58:29,2,2,0
94249,2025-08-29 14:53:29,2,2,0
94249,2025-08-29 14:48:29,2,2,0
94249,2025-08-29 14:43:29,2,2,0
94249,2025-08-29 14:38:29,2,2,0
94249,2025-08-29 14:33:29,2,2,0
94249,2025-08-29 14:28:29,2,2,0
94249,2025-08-29 14:23:29,1,2,0
94249,2025-08-29 14:18:29,1,2,0
94249,2025-08-29 14:13:29,1,2,0
94249,2025-08-29 14:08:29,1,2,0
94249,2025-08-29 14:03:29,1,2,0
94249,2025-08-29 13:58:29,1,2,0
94249,2025-08-29 13:53:29,1,2,0
94249,2025-08-29 13:48:29,1,2,0
94249,2025-08-29 13:43:29,1,2,0
94249,2025-08-29 13:38:29,1,2,0
94249,2025-08-29 13:33:29,1,2,0
94249,2025-08-29 13:28:29,1,2,0
94249,2025-08-29 13:23:29,1,2,0
94249,2025-08-29 13:18:29,2,2,0
94249,2025-08-29 13:13:29,2,2,0
94249,2025-08-29 13:08:29,2,2,0
94249,2025-08-29 13:03:29,2,2,0
94249,2025-08-29 12:58:29,2,2,0
94249,2025-08-29 12:53:29,2,2,0
94249,2025-08-29 12:48:29,2,2,0
94249,2025-08-29 12:43:29,2,2,0
94249,2025-08-29 12:38:29,2,2,0
94249,2025-08-29 12:33:29,2,2,0
94249,2025-08-29 12:28:29,2,2,0
94249,2025-08-29 12:23:29,2,2,0
94249,2025-08-29 12:18:29,2,2,0
94249,2025-08-29 12:13:29,2,2,0
94249,2025-08-29 12:08:29,2,2,0
94249,2025-08-29 12:03:29,2,2,0
94249,2025-08-29 11:58:29,2,2,0
94249,2025-08-29 11:53:29,2,2,0
94249,2025-08-29 11:48:29,2,2,0
94249,2025-08-29 11:43:29,2,2,0
94249,2025-08-29 11:38:29,2,2,0
94249,2025-08-29 11:33:29,2,2,0
94249,2025-08-29 11:28:29,2,2,0
94249,2025-08-29 11:23:29,2,2,0
94249,2025-08-29 11:18:29,2,2,0
94249,2025-08-29 11:13:29,2,2,0
94249,2025-08-29 11:08:29,2,2,0
94249,2025-08-29 11:03:29,2,2,0
94249,2025-08-29 10:58:29,2,2,0
94249,2025-08-29 10:53:29,2,2,0
94249,2025-08-29 10:48:29,2,2,0
94249,2025-08-29 10:43:29,2,2,0
94249,2025-08-29 10:38:29,2,2,0
94249,2025-08-29 10:33:29,2,2,0
94249,2025-08-29 10:28:29,2,2,0
94249,2025-08-29 10:23:29,2,2,0
94249,2025-08-29 10:18:29,2,2,0
94249,2025-08-29 10:13:29,2,2,0
94249,2025-08-29 10:08:29,2,2,0
94249,2025-08-29 10:03:29,2,2,0
94249,2025-08-29 09:58:29,2,2,0
94249,2025-08-29 09:53:29,2,2,0
94249,2025-08-29 09:48:29,2,2,0
94249,2025-08-29 09:43:29,2,2,0
94249,2025-08-29 09:38:29,2,2,0
94249,2025-08-29 09:33:29,2,2,0
94249,2025-08-29 09:28:29,2,2,0
94249,2025-08-29 09:23:29,2,2,0
94249,2025-08-29 09:18:29,2,2,0
94249,2025-08-29 09:13:29,2,2,0
94249,2025-08-29 09:08:29,2,2,0
94249,2025-08-29 09:03:29,2,2,0
94249,2025-08-29 08:58:29,2,2,0
94249,2025-08-29 08:53:29,2,2,0
94249,2025-08-29 08:48:29,2,2,0
94249,2025-08-29 08:43:29,2,2,0
94249,2025-08-29 08:38:29,2,2,0
94249,2025-08-29 08:33:29,2,2,0
94249,2025-08-29 08:28:29,2,2,0
94249,2025-08-29 08:23:29,2,2,0
94249,2025-08-29 08:18:29,2,2,0
94249,2025-08-29 08:13:29,2,2,0
94249,2025-08-29 08:08:29,2,2,0
94249,2025-08-29 08:03:29,2,2,0
94249,2025-08-29 07:58:29,2,2,0
94249,2025-08-29 07:53:29,2,2,0
94249,2025-08-29 07:48:29,2,2,0
94249,2025-08-29 07:43:29,2,2,0
94249,2025-08-29 07:38:29,2,2,0
94249,2025-08-29 07:33:29,2,2,0
94249,2025-08-29 07:28:29,2,2,0
94249,2025-08-29 07:23:29,2,2,0
94249,2025-08-29 07:18:29,2,2,0
94249,2025-08-29 07:13:29,2,2,0
94249,2025-08-29 07:08:29,2,2,0
94249,2025-08-29 07:03:29,2,2,0
94249,2025-08-29 06:58:29,2,2,0
94249,2025-08-29 06:53:29,2,2,0
94249,2025-08-29 06:48:29,2,2,0
94249,2025-08-29 06:43:29,2,2,0
94249,2025-08-29 06:38:29,2,2,0
94249,2025-08-29 06:33:29,2,2,0
94249,2025-08-29 06:28:29,2,2,0
94249,2025-08-29 06:23:29,2,2,0
94249,2025-08-29 06:18:29,2,2,0
94249,2025-08-29 06:13:29,2,2,0
94249,2025-08-29 06:08:29,2,2,0
94249,2025-08-29 06:03:29,2,2,0
94249,2025-08-29 05:58:29,2,2,0
94249,2025-08-29 05:53:29,2,2,0
94249,2025-08-29 05:48:29,2,2,0
94249,2025-08-29 05:43:29,2,2,0
94249,2025-08-29 05:38:29,2,2,0
94249,2025-08-29 05:33:29,2,2,0
94249,2025-08-29 05:28:29,2,2,0
94249,2025-08-29 05:23:29,2,2,0
94249,2025-08-29 05:18:29,2,2,0
94249,2025-08-29 05:13:29,2,2,0
94249,2025-08-29 05:08:29,2,2,0
94249,2025-08-29 05:03:29,2,2,0
94249,2025-08-29 04:58:29,2,2,0
94249,2025-08-29 04:53:29,2,2,0
94249,2025-08-29 04:48:29,2,2,0
94249,2025-08-29 04:43:29,2,2,0
94249,2025-08-29 04:38:29,2,2,0
94249,2025-08-29 04:33:29,2,2,0
94249,2025-08-29 04:28:29,2,2,0
94249,2025-08-29 04:23:29,2,2,0
94249,2025-08-29 04:18:29,2,2,0
94249,2025-08-29 04:13:29,2,2,0
94249,2025-08-29 04:08:29,2,2,0
94249,2025-08-29 04:03:29,2,2,0
94249,2025-08-29 03:58:29,2,2,0
94249,2025-08-29 03:53:29,2,2,0
94249,2025-08-29 03:48:29,2,2,0
94249,2025-08-29 03:43:29,2,2,0
94249,2025-08-29 03:38:29,2,2,0
94249,2025-08-29 03:33:29,2,2,0
94249,2025-08-29 03:28:29,2,2,0
94249,2025-08-29 03:23:29,2,2,0
94249,2025-08-29 03:18:30,2,2,0
94249,2025-08-29 03:13:29,2,2,0
94249,2025-08-29 03:08:29,2,2,0
94249,2025-08-29 03:03:29,2,2,0
94249,2025-08-29 02:58:29,2,2,0
94249,2025-08-29 02:53:29,2,2,0
94249,2025-08-29 02:48:29,2,2,0
94249,2025-08-29 02:43:29,2,2,0
94249,2025-08-29 02:38:29,2,2,0
94249,2025-08-29 02:33:29,2,2,0
94249,2025-08-29 02:28:29,2,2,0
94249,2025-08-29 02:23:29,2,2,0
94249,2025-08-29 02:18:29,2,2,0
94249,2025-08-29 02:13:29,2,2,0
94249,2025-08-29 02:08:29,2,2,0
94249,2025-08-29 02:03:30,2,2,0
94249,2025-08-29 01:58:29,2,2,0
94249,2025-08-29 01:53:29,2,2,0
94249,2025-08-29 01:48:29,2,2,0
94249,2025-08-29 01:43:29,2,2,0
94249,2025-08-29 01:38:29,2,2,0
94249,2025-08-29 01:33:29,2,2,0
94249,2025-08-29 01:28:29,2,2,0
94249,2025-08-29 01:23:29,2,2,0
94249,2025-08-29 01:18:29,2,2,0
94249,2025-08-29 01:13:29,2,2,0
94249,2025-08-29 01:08:29,2,2,0
94249,2025-08-29 01:03:29,2,2,0
94249,2025-08-29 00:58:29,2,2,0
94249,2025-08-29 00:53:29,2,2,0
94249,2025-08-29 00:48:29,2,2,0
94249,2025-08-29 00:43:29,2,2,0
94249,2025-08-29 00:38:29,2,2,0
94249,2025-08-29 00:33:29,2,2,0
94249,2025-08-29 00:28:29,2,2,0
94249,2025-08-29 00:23:29,2,2,0
94249,2025-08-29 00:18:29,2,2,0
94249,2025-08-29 00:13:29,2,2,0
94249,2025-08-29 00:08:29,2,2,0
94249,2025-08-29 00:03:29,2,2,0
94249,2025-08-28 23:58:29,2,2,0
94249,2025-08-28 23:53:29,2,2,0
94249,2025-08-28 23:48:29,2,2,0
94249,2025-08-28 23:43:29,2,2,0
94249,2025-08-28 23:38:29,2,2,0
94249,2025-08-28 23:33:29,2,2,0
94249,2025-08-28 23:28:29,2,2,0
94249,2025-08-28 23:23:29,2,2,0
94249,2025-08-28 23:18:29,2,2,0
94249,2025-08-28 23:13:29,2,2,0
94249,2025-08-28 23:08:29,2,2,0
94249,2025-08-28 23:03:29,2,2,0
94249,2025-08-28 22:58:29,2,2,0
94249,2025-08-28 22:53:29,2,2,0
94249,2025-08-28 22:48:29,1,2,0
94249,2025-08-28 22:43:29,1,2,0
94249,2025-08-28 22:38:29,1,2,0
94249,2025-08-28 22:33:29,1,2,0
94249,2025-08-28 22:28:29,1,2,0
94249,2025-08-28 22:23:30,1,2,0
94249,2025-08-28 22:18:29,1,2,0
94249,2025-08-28 22:13:29,1,2,0
94249,2025-08-28 22:08:29,1,2,0
94249,2025-08-28 22:03:30,1,2,0
94249,2025-08-28 21:58:29,1,2,0
94249,2025-08-28 21:53:31,1,2,0
94249,2025-08-28 21:48:29,1,2,0
94249,2025-08-28 21:43:29,1,2,0
94249,2025-08-28 21:38:29,1,2,0
94249,2025-08-28 21:33:29,1,2,0
94249,2025-08-28 21:28:30,1,2,0
94249,2025-08-28 21:23:30,1,2,0
94249,2025-08-28 21:18:29,1,2,0
94249,2025-08-28 21:13:29,1,2,0
94249,2025-08-28 21:08:29,1,2,0
94249,2025-08-28 21:03:29,1,2,0
94249,2025-08-28 20:58:29,1,2,0
94249,2025-08-28 20:53:30,1,2,0
94249,2025-08-28 20:48:29,1,2,0
94249,2025-08-28 20:43:29,1,2,0
94249,2025-08-28 20:38:29,1,2,0
94249,2025-08-28 20:33:29,1,2,0
94249,2025-08-28 20:28:29,1,2,0
94249,2025-08-28 20:23:29,1,2,0
94249,2025-08-28 20:18:29,1,2,0
94249,2025-08-28 20:13:29,1,2,0
94249,2025-08-28 20:08:29,1,2,0
94249,2025-08-28 20:03:29,1,2,0
94249,2025-08-28 19:58:29,1,2,0
94249,2025-08-28 19:53:29,1,2,0
94249,2025-08-28 19:48:29,1,2,0
94249,2025-08-28 19:43:29,1,2,0
94249,2025-08-28 19:38:29,1,2,0
94249,2025-08-28 19:33:29,1,2,0
94249,2025-08-28 19:28:29,1,2,0
94249,2025-08-28 19:23:29,1,2,0
94249,2025-08-28 19:18:29,1,2,0
94249,2025-08-28 19:13:29,1,2,0
94249,2025-08-28 19:08:29,1,2,0
94249,2025-08-28 19:03:29,1,2,0
94249,2025-08-28 18:58:29,1,2,0
94249,2025-08-28 18:53:29,1,2,0
94249,2025-08-28 18:48:29,0,2,0
94249,2025-08-28 18:43:29,0,2,0
94249,2025-08-28 18:38:29,1,2,0
94249,2025-08-28 18:33:29,1,2,0
94249,2025-08-28 18:28:29,1,2,0
94249,2025-08-28 18:23:29,1,2,0
94249,2025-08-28 18:18:29,1,2,0
94249,2025-08-28 18:13:29,1,2,0
94249,2025-08-28 18:08:33,1,2,0
94249,2025-08-28 18:03:29,0,2,0
94249,2025-08-28 17:58:29,0,2,0
94249,2025-08-28 17:53:29,1,2,0
94249,2025-08-28 17:48:29,1,2,0
94249,2025-08-28 17:43:30,1,2,0
94249,2025-08-28 17:38:29,1,2,0
94249,2025-08-28 17:33:29,1,2,0
94249,2025-08-28 17:28:29,1,2,0
94249,2025-08-28 17:23:29,1,2,0
94249,2025-08-28 17:18:29,1,2,0
94249,2025-08-28 17:13:29,1,2,0
94249,2025-08-28 17:08:29,1,2,0
94249,2025-08-28 17:03:29,1,2,0
94249,2025-08-28 16:58:29,1,2,0
94249,2025-08-28 16:53:29,0,2,0
94249,2025-08-28 16:48:29,0,2,0
94249,2025-08-28 16:43:29,0,2,0
94249,2025-08-28 16:38:29,0,2,0
94249,2025-08-28 16:33:29,0,2,0
94249,2025-08-28 16:28:29,1,2,0
94249,2025-08-28 16:23:29,1,2,0
94249,2025-08-28 16:18:29,1,2,0
94249,2025-08-28 16:13:29,1,2,0
94249,2025-08-28 16:08:29,1,2,0
94249,2025-08-28 16:03:29,1,2,0
94249,2025-08-28 15:58:29,1,2,0
94249,2025-08-28 15:53:29,1,2,0
94249,2025-08-28 15:48:29,1,2,0
94249,2025-08-28 15:43:29,1,2,0
94249,2025-08-28 15:38:29,1,2,0
94249,2025-08-28 15:33:29,1,2,0
94249,2025-08-28 15:28:29,1,2,0
94249,2025-08-28 15:23:29,1,2,0
94249,2025-08-28 15:18:29,1,2,0
94249,2025-08-28 15:13:29,1,2,0
94249,2025-08-28 15:08:29,1,2,0
94249,2025-08-28 15:03:29,1,2,0
94249,2025-08-28 14:58:29,1,2,0
94249,2025-08-28 14:53:29,1,2,0
94249,2025-08-28 14:48:29,1,2,0
94249,2025-08-28 14:43:29,1,2,0
94249,2025-08-28 14:38:29,1,2,0
94249,2025-08-28 14:33:29,1,2,0
94249,2025-08-28 14:28:29,1,2,0
94249,2025-08-28 14:23:29,1,2,0
94249,2025-08-28 14:18:29,1,2,0
94249,2025-08-28 14:13:29,1,2,0
94249,2025-08-28 14:08:29,1,2,0
94249,2025-08-28 14:03:29,1,2,0
94249,2025-08-28 13:58:29,0,2,0
94249,2025-08-28 13:53:29,0,2,0
94249,2025-08-28 13:48:29,0,2,0
94249,2025-08-28 13:43:29,0,2,0
94249,2025-08-28 13:38:29,0,2,0
94249,2025-08-28 13:33:29,0,2,0
94249,2025-08-28 13:28:29,0,2,0
94249,2025-08-28 13:23:29,0,2,0
94249,2025-08-28 13:18:29,0,2,0
94249,2025-08-28 13:13:29,0,2,0
94249,2025-08-28 13:08:29,0,2,0
94249,2025-08-28 13:03:29,0,2,0
94249,2025-08-28 12:58:29,0,2,0
94249,2025-08-28 12:53:29,0,2,0
94249,2025-08-28 12:48:29,0,2,0
94249,2025-08-28 12:43:29,0,2,0
94249,2025-08-28 12:38:29,0,2,0
94249,2025-08-28 12:33:29,0,2,0
94249,2025-08-28 12:28:29,0,2,0
94249,2025-08-28 12:23:29,0,2,0
94249,2025-08-28 12:18:29,0,2,0
94249,2025-08-28 12:13:30,0,2,0
94249,2025-08-28 12:08:29,0,2,0
94249,2025-08-28 12:03:29,0,2,0
94249,2025-08-28 11:58:29,0,2,0
94249,2025-08-28 11:53:29,0,2,0
94249,2025-08-28 11:48:29,0,2,0
94249,2025-08-28 11:43:29,0,2,0
94249,2025-08-28 11:38:29,0,2,0
94249,2025-08-28 11:33:29,0,2,0
94249,2025-08-28 11:28:29,0,2,0
94249,2025-08-28 11:23:29,0,2,0
94249,2025-08-28 11:18:29,0,2,0
94249,2025-08-28 11:13:29,0,2,0
94249,2025-08-28 11:08:29,0,2,0
94249,2025-08-28 11:03:29,0,2,0
94249,2025-08-28 10:58:29,0,2,0
94249,2025-08-28 10:53:29,0,2,0
94249,2025-08-28 10:48:29,0,2,0
94249,2025-08-28 10:43:29,0,2,0
94249,2025-08-28 10:38:29,0,2,0
94249,2025-08-28 10:33:29,0,2,0
94249,2025-08-28 10:28:29,0,2,0
94249,2025-08-28 10:23:29,0,2,0
94249,2025-08-28 10:18:29,0,2,0
94249,2025-08-28 10:13:29,0,2,0
94249,2025-08-28 10:08:29,0,2,0
94249,2025-08-28 10:03:29,0,2,0
94249,2025-08-28 09:58:29,0,2,0
94249,2025-08-28 09:53:29,0,2,0
94249,2025-08-28 09:48:30,0,2,0
94249,2025-08-28 09:43:29,0,2,0
94249,2025-08-28 09:38:29,0,2,0
94249,2025-08-28 09:33:30,0,2,0
94249,2025-08-28 09:28:29,0,2,0
94249,2025-08-28 09:23:29,0,2,0
94249,2025-08-28 09:18:29,0,2,0
94249,2025-08-28 09:13:29,0,2,0
94249,2025-08-28 09:08:29,0,2,0
94249,2025-08-28 09:03:29,0,2,0
94249,2025-08-28 08:58:29,0,2,0
94249,2025-08-28 08:53:29,0,2,0
94249,2025-08-28 08:48:29,0,2,0
94249,2025-08-28 08:43:29,0,2,0
94249,2025-08-28 08:38:29,0,2,0
94249,2025-08-28 08:33:29,0,2,0
94249,2025-08-28 08:28:29,0,2,0
94249,2025-08-28 08:23:29,0,2,0
94249,2025-08-28 08:18:29,0,2,0
94249,2025-08-28 08:13:29,0,2,0
94249,2025-08-28 08:08:29,0,2,0
94249,2025-08-28 08:03:29,0,2,0
94249,2025-08-28 07:58:29,0,2,0
94249,2025-08-28 07:53:30,0,2,0
94249,2025-08-28 07:48:29,0,2,0
94249,2025-08-28 07:43:29,0,2,0
94249,2025-08-28 07:38:29,0,2,0
94249,2025-08-28 07:33:29,0,2,0
94249,2025-08-28 07:28:29,0,2,0
94249,2025-08-28 07:23:29,0,2,0
94249,2025-08-28 07:18:29,0,2,0
94249,2025-08-28 07:13:29,0,2,0
94249,2025-08-28 07:08:29,0,2,0
94249,2025-08-28 07:03:29,0,2,0
94249,2025-08-28 06:58:29,0,2,0
94249,2025-08-28 06:53:29,0,2,0
94249,2025-08-28 06:48:29,0,2,0
94249,2025-08-28 06:43:29,0,2,0
94249,2025-08-28 06:38:29,0,2,0
94249,2025-08-28 06:33:29,0,2,0
94249,2025-08-28 06:28:29,0,2,0
94249,2025-08-28 06:23:29,0,2,0
94249,2025-08-28 06:18:29,0,2,0
94249,2025-08-28 06:13:29,0,2,0
94249,2025-08-28 06:08:29,0,2,0
94249,2025-08-28 06:03:29,1,2,0
94249,2025-08-28 05:58:29,1,2,0
94249,2025-08-28 05:53:29,1,2,0
94249,2025-08-28 05:48:29,1,2,0
94249,2025-08-28 05:43:29,1,2,0
94249,2025-08-28 05:38:29,1,2,0
94249,2025-08-28 05:33:29,1,2,0
94249,2025-08-28 05:28:30,1,2,0
94249,2025-08-28 05:23:29,1,2,0
94249,2025-08-28 05:18:29,1,2,0
94249,2025-08-28 05:13:29,1,2,0
94249,2025-08-28 05:08:29,1,2,0
94249,2025-08-28 05:03:29,1,2,0
94249,2025-08-28 04:58:29,1,2,0
94249,2025-08-28 04:53:29,1,2,0
94249,2025-08-28 04:48:29,1,2,0
94249,2025-08-28 04:43:29,1,2,0
94249,2025-08-28 04:38:29,1,2,0
94249,2025-08-28 04:33:29,1,2,0
94249,2025-08-28 04:28:29,1,2,0
94249,2025-08-28 04:23:29,1,2,0
94249,2025-08-28 04:18:29,1,2,0
94249,2025-08-28 04:13:29,1,2,0
94249,2025-08-28 04:08:29,1,2,0
94249,2025-08-28 04:03:29,1,2,0
94249,2025-08-28 03:58:29,1,2,0
94249,2025-08-28 03:53:29,1,2,0
94249,2025-08-28 03:48:30,1,2,0
94249,2025-08-28 03:43:30,1,2,0
94249,2025-08-28 03:38:30,1,2,0
94249,2025-08-28 03:33:30,1,2,0
94249,2025-08-28 03:28:29,1,2,0
94249,2025-08-28 03:23:30,1,2,0
94249,2025-08-28 03:18:29,1,2,0
94249,2025-08-28 03:13:30,1,2,0
94249,2025-08-28 03:08:29,1,2,0
94249,2025-08-28 03:03:29,1,2,0
94249,2025-08-28 02:58:29,1,2,0
94249,2025-08-28 02:53:29,1,2,0
94249,2025-08-28 02:48:29,1,2,0
94249,2025-08-28 02:43:30,1,2,0
94249,2025-08-28 02:38:29,1,2,0
94249,2025-08-28 02:33:29,1,2,0
94249,2025-08-28 02:28:29,1,2,0
94249,2025-08-28 02:23:29,1,2,0
94249,2025-08-28 02:18:29,1,2,0
94249,2025-08-28 02:13:29,1,2,0
94249,2025-08-28 02:08:29,1,2,0
94249,2025-08-28 02:03:29,1,2,0
94249,2025-08-28 01:58:29,1,2,0
94249,2025-08-28 01:53:29,1,2,0
94249,2025-08-28 01:48:29,1,2,0
94249,2025-08-28 01:43:29,1,2,0
94249,2025-08-28 01:38:29,1,2,0
94249,2025-08-28 01:33:29,1,2,0
94249,2025-08-28 01:28:29,1,2,0
94249,2025-08-28 01:23:29,1,2,0
94249,2025-08-28 01:18:29,1,2,0
94249,2025-08-28 01:13:29,1,2,0
94249,2025-08-28 01:08:29,1,2,0
94249,2025-08-28 01:03:30,1,2,0
94249,2025-08-28 00:58:29,1,2,0
94249,2025-08-28 00:53:30,1,2,0
94249,2025-08-28 00:48:29,1,2,0
94249,2025-08-28 00:43:29,1,2,0
94249,2025-08-28 00:38:29,1,2,0
94249,2025-08-28 00:33:29,1,2,0
94249,2025-08-28 00:28:29,1,2,0
94249,2025-08-28 00:23:29,1,2,0
94249,2025-08-28 00:18:29,1,2,0
94249,2025-08-28 00:13:30,1,2,0
94249,2025-08-28 00:08:29,1,2,0
94249,2025-08-28 00:03:29,1,2,0
94249,2025-08-27 23:58:29,1,2,0
94249,2025-08-27 23:53:29,1,2,0
94249,2025-08-27 23:48:29,1,2,0
94249,2025-08-27 23:43:29,1,2,0
94249,2025-08-27 23:38:29,1,2,0
94249,2025-08-27 23:33:29,2,2,0
94249,2025-08-27 23:28:29,2,2,0
94249,2025-08-27 23:23:29,2,2,0
94249,2025-08-27 23:18:29,2,2,0
94249,2025-08-27 23:13:29,2,2,0
94249,2025-08-27 23:08:30,2,2,0
94249,2025-08-27 23:03:29,2,2,0
94249,2025-08-27 22:58:29,2,2,0
94249,2025-08-27 22:53:29,2,2,0
94249,2025-08-27 22:48:29,1,2,0
94249,2025-08-27 22:43:29,1,2,0
94249,2025-08-27 22:38:30,1,2,0
94249,2025-08-27 22:33:29,1,2,0
94249,2025-08-27 22:28:29,1,2,0
94249,2025-08-27 22:23:29,1,2,0
94249,2025-08-27 22:18:29,1,2,0
94249,2025-08-27 22:13:29,1,2,0
94249,2025-08-27 22:08:29,1,2,0
94249,2025-08-27 22:03:29,1,2,0
94249,2025-08-27 21:58:29,1,2,0
94249,2025-08-27 21:53:29,1,2,0
94249,2025-08-27 21:48:29,1,2,0
94249,2025-08-27 21:43:29,1,2,0
94249,2025-08-27 21:38:29,1,2,0
94249,2025-08-27 21:33:29,1,2,0
94249,2025-08-27 21:28:29,1,2,0
94249,2025-08-27 21:23:29,1,2,0
94249,2025-08-27 21:18:29,0,2,0
94249,2025-08-27 21:13:29,0,2,0
94249,2025-08-27 21:08:29,0,2,0
94249,2025-08-27 21:04:58,0,2,0
94249,2025-08-27 20:58:29,0,2,0
94249,2025-08-27 20:53:29,0,2,0
94249,2025-08-27 20:48:29,0,2,0
94249,2025-08-27 20:43:30,0,2,0
94249,2025-08-27 20:38:30,0,2,0
94249,2025-08-27 20:33:29,1,2,0
94249,2025-08-27 20:28:29,1,2,0
94249,2025-08-27 20:23:29,1,2,0
94249,2025-08-27 20:18:29,1,2,0
94249,2025-08-27 20:13:29,1,2,0
94249,2025-08-27 20:08:29,1,2,0
94249,2025-08-27 20:03:29,1,2,0
94249,2025-08-27 19:58:29,1,2,0
94249,2025-08-27 19:53:29,1,2,0
94249,2025-08-27 19:48:29,1,2,0
94249,2025-08-27 19:43:29,1,2,0
94249,2025-08-27 19:38:29,1,2,0
94249,2025-08-27 19:33:29,1,2,0
94249,2025-08-27 19:28:29,1,2,0
94249,2025-08-27 19:23:29,2,2,0
94249,2025-08-27 19:18:29,2,2,0
94249,2025-08-27 19:13:29,2,2,0
94249,2025-08-27 19:08:29,2,2,0
94249,2025-08-27 19:03:29,2,2,0
94249,2025-08-27 18:58:29,2,2,0
94249,2025-08-27 18:53:29,2,2,0
94249,2025-08-27 18:48:29,2,2,0
94249,2025-08-27 18:43:29,2,2,0
94249,2025-08-27 18:38:29,2,2,0
94249,2025-08-27 18:33:29,2,2,0
94249,2025-08-27 18:28:29,2,2,0
94249,2025-08-27 18:23:29,2,2,0
94249,2025-08-27 18:18:35,2,2,0
94249,2025-08-27 18:13:29,2,2,0
94249,2025-08-27 18:08:29,2,2,0
94249,2025-08-27 18:03:29,2,2,0
94249,2025-08-27 17:58:29,2,2,0
94249,2025-08-27 17:53:29,2,2,0
94249,2025-08-27 17:48:29,2,2,0
94249,2025-08-27 17:43:29,2,2,0
94249,2025-08-27 17:38:29,2,2,0
94249,2025-08-27 17:33:29,2,2,0
94249,2025-08-27 17:28:30,2,2,0
94249,2025-08-27 17:23:29,2,2,0
94249,2025-08-27 17:18:29,2,2,0
94249,2025-08-27 17:13:29,2,2,0
94249,2025-08-27 17:08:29,2,2,0
94249,2025-08-27 17:03:29,2,2,0
94249,2025-08-27 16:58:29,2,2,0
94249,2025-08-27 16:53:29,2,2,0
94249,2025-08-27 16:48:29,2,2,0
94249,2025-08-27 16:43:29,2,2,0
94249,2025-08-27 16:38:29,2,2,0
94249,2025-08-27 16:33:29,2,2,0
94249,2025-08-27 16:28:29,2,2,0
94249,2025-08-27 16:23:29,2,2,0
94249,2025-08-27 16:18:29,2,2,0
94249,2025-08-27 16:13:29,2,2,0
94249,2025-08-27 16:08:29,2,2,0
94249,2025-08-27 16:03:29,2,2,0
94249,2025-08-27 15:58:29,2,2,0
94249,2025-08-27 15:53:29,2,2,0
94249,2025-08-27 15:48:29,2,2,0
94249,2025-08-27 15:43:29,2,2,0
94249,2025-08-27 15:38:29,2,2,0
94249,2025-08-27 15:33:29,2,2,0
94249,2025-08-27 15:28:29,2,2,0
94249,2025-08-27 15:23:29,2,2,0
94249,2025-08-27 15:18:29,2,2,0
94249,2025-08-27 15:13:29,2,2,0
94249,2025-08-27 15:08:29,2,2,0
94249,2025-08-27 15:03:29,2,2,0
94249,2025-08-27 14:58:29,2,2,0
94249,2025-08-27 14:53:29,2,2,0
94249,2025-08-27 14:48:33,2,2,0
94249,2025-08-27 14:43:33,2,2,0
94249,2025-08-27 14:38:29,2,2,0
94249,2025-08-27 14:37:28,2,2,0
94249,2025-08-27 14:28:29,2,2,0
94249,2025-08-27 14:23:29,2,2,0
94249,2025-08-27 14:18:29,2,2,0
94249,2025-08-27 14:13:29,2,2,0
94249,2025-08-27 14:08:29,2,2,0
94249,2025-08-27 14:03:29,2,2,0
94249,2025-08-27 13:58:29,2,2,0
94249,2025-08-27 13:53:29,2,2,0
94249,2025-08-27 13:48:29,2,2,0
94249,2025-08-27 13:43:30,2,2,0
94249,2025-08-27 13:38:29,2,2,0
94249,2025-08-27 13:33:29,2,2,0
94249,2025-08-27 13:28:29,2,2,0
94249,2025-08-27 13:23:29,2,2,0
94249,2025-08-27 13:18:29,2,2,0
94249,2025-08-27 13:13:29,2,2,0
94249,2025-08-27 13:08:29,2,2,0
94249,2025-08-27 13:03:29,2,2,0
94249,2025-08-27 12:58:29,2,2,0
94249,2025-08-27 12:53:29,1,2,0
94249,2025-08-27 12:48:29,1,2,0
94249,2025-08-27 12:43:29,1,2,0
94249,2025-08-27 12:38:29,1,2,0
94249,2025-08-27 12:33:29,1,2,0
94249,2025-08-27 12:28:29,1,2,0
94249,2025-08-27 12:23:29,1,2,0
94249,2025-08-27 12:18:29,1,2,0
94249,2025-08-27 12:13:29,1,2,0
94249,2025-08-27 12:08:29,1,2,0
94249,2025-08-27 12:03:29,1,2,0
94249,2025-08-27 11:58:29,1,2,0
94249,2025-08-27 11:53:29,1,2,0
94249,2025-08-27 11:48:29,1,2,0
94249,2025-08-27 11:43:29,1,2,0
94249,2025-08-27 11:38:29,1,2,0
94249,2025-08-27 11:33:30,2,2,0
94249,2025-08-27 11:28:29,2,2,0
94249,2025-08-27 11:23:29,2,2,0
94249,2025-08-27 11:18:29,2,2,0
94249,2025-08-27 11:13:29,2,2,0
94249,2025-08-27 11:08:29,2,2,0
94249,2025-08-27 11:03:29,2,2,0
94249,2025-08-27 10:58:29,2,2,0
94249,2025-08-27 10:53:29,2,2,0
94249,2025-08-27 10:48:29,2,2,0
94249,2025-08-27 10:43:29,2,2,0
94249,2025-08-27 10:38:29,2,2,0
94249,2025-08-27 10:33:29,2,2,0
94249,2025-08-27 10:28:29,2,2,0
94249,2025-08-27 10:23:29,2,2,0
94249,2025-08-27 10:18:29,2,2,0
94249,2025-08-27 10:13:29,2,2,0
94249,2025-08-27 10:08:29,2,2,0
94249,2025-08-27 10:03:29,2,2,0
94249,2025-08-27 09:58:29,2,2,0
94249,2025-08-27 09:53:29,2,2,0
94249,2025-08-27 09:48:29,2,2,0
94249,2025-08-27 09:43:29,2,2,0
94249,2025-08-27 09:38:29,2,2,0
94249,2025-08-27 09:33:29,2,2,0
94249,2025-08-27 09:28:29,2,2,0
94249,2025-08-27 09:23:30,2,2,0
94249,2025-08-27 09:18:29,2,2,0
94249,2025-08-27 09:13:29,2,2,0
94249,2025-08-27 09:08:29,2,2,0
94249,2025-08-27 09:03:29,2,2,0
94249,2025-08-27 08:58:29,2,2,0
94249,2025-08-27 08:53:29,2,2,0
94249,2025-08-27 08:48:29,2,2,0
94249,2025-08-27 08:43:29,2,2,0
94249,2025-08-27 08:38:29,2,2,0
94249,2025-08-27 08:33:29,2,2,0
94249,2025-08-27 08:28:29,2,2,0
94249,2025-08-27 08:23:29,2,2,0
94249,2025-08-27 08:18:29,2,2,0
94249,2025-08-27 08:13:29,2,2,0
94249,2025-08-27 08:08:29,2,2,0
94249,2025-08-27 08:03:29,2,2,0
94249,2025-08-27 07:58:29,2,2,0
94249,2025-08-27 07:53:29,2,2,0
94249,2025-08-27 07:48:29,2,2,0
94249,2025-08-27 07:43:29,2,2,0
94249,2025-08-27 07:38:29,2,2,0
94249,2025-08-27 07:33:29,2,2,0
94249,2025-08-27 07:28:29,2,2,0
94249,2025-08-27 07:23:29,2,2,0
94249,2025-08-27 07:18:29,2,2,0
94249,2025-08-27 07:13:29,2,2,0
94249,2025-08-27 07:08:29,2,2,0
94249,2025-08-27 07:03:29,2,2,0
94249,2025-08-27 06:58:29,2,2,0
94249,2025-08-27 06:53:29,2,2,0
94249,2025-08-27 06:48:29,2,2,0
94249,2025-08-27 06:43:29,2,2,0
94249,2025-08-27 06:38:29,2,2,0
94249,2025-08-27 06:33:29,2,2,0
94249,2025-08-27 06:28:29,2,2,0
94249,2025-08-27 06:23:29,2,2,0
94249,2025-08-27 06:18:29,2,2,0
94249,2025-08-27 06:13:29,2,2,0
94249,2025-08-27 06:08:29,2,2,0
94249,2025-08-27 06:03:29,2,2,0
94249,2025-08-27 05:58:29,2,2,0
94249,2025-08-27 05:53:29,2,2,0
94249,2025-08-27 05:48:29,2,2,0
94249,2025-08-27 05:43:29,2,2,0
94249,2025-08-27 05:38:29,2,2,0
94249,2025-08-27 05:33:29,2,2,0
94249,2025-08-27 05:28:29,2,2,0
94249,2025-08-27 05:23:29,2,2,0
94249,2025-08-27 05:18:29,1,2,0
94249,2025-08-27 05:13:29,1,2,0
94249,2025-08-27 05:08:29,1,2,0
94249,2025-08-27 05:03:30,1,2,0
94249,2025-08-27 04:58:29,1,2,0
94249,2025-08-27 04:53:29,1,2,0
94249,2025-08-27 04:48:29,1,2,0
94249,2025-08-27 04:43:29,1,2,0
94249,2025-08-27 04:38:29,1,2,0
94249,2025-08-27 04:33:29,1,2,0
94249,2025-08-27 04:28:30,1,2,0
94249,2025-08-27 04:23:29,1,2,0
94249,2025-08-27 04:18:29,1,2,0
94249,2025-08-27 04:13:29,1,2,0
94249,2025-08-27 04:08:29,1,2,0
94249,2025-08-27 04:03:29,1,2,0
94249,2025-08-27 03:58:29,1,2,0
94249,2025-08-27 03:53:29,1,2,0
94249,2025-08-27 03:48:29,1,2,0
94249,2025-08-27 03:43:29,1,2,0
94249,2025-08-27 03:38:29,1,2,0
94249,2025-08-27 03:33:29,1,2,0
94249,2025-08-27 03:28:29,1,2,0
94249,2025-08-27 03:23:29,1,2,0
94249,2025-08-27 03:18:29,1,2,0
94249,2025-08-27 03:13:29,1,2,0
94249,2025-08-27 03:08:29,1,2,0
94249,2025-08-27 03:03:29,0,2,0
94249,2025-08-27 02:58:29,0,2,0
94249,2025-08-27 02:53:29,0,2,0
94249,2025-08-27 02:48:29,0,2,0
94249,2025-08-27 02:43:29,0,2,0
94249,2025-08-27 02:38:29,0,2,0
94249,2025-08-27 02:33:29,0,2,0
94249,2025-08-27 02:28:29,0,2,0
94249,2025-08-27 02:23:29,0,2,0
94249,2025-08-27 02:18:30,0,2,0
94249,2025-08-27 02:13:29,0,2,0
94249,2025-08-27 02:08:29,0,2,0
94249,2025-08-27 02:03:29,0,2,0
94249,2025-08-27 01:58:29,0,2,0
94249,2025-08-27 01:53:29,0,2,0
94249,2025-08-27 01:48:29,0,2,0
94249,2025-08-27 01:43:29,0,2,0
94249,2025-08-27 01:38:29,0,2,0
94249,2025-08-27 01:33:29,0,2,0
94249,2025-08-27 01:28:29,0,2,0
94249,2025-08-27 01:23:29,0,2,0
94249,2025-08-27 01:18:29,0,2,0
94249,2025-08-27 01:13:29,0,2,0
94249,2025-08-27 01:08:29,0,2,0
94249,2025-08-27 01:03:29,0,2,0
94249,2025-08-27 00:58:29,0,2,0
94249,2025-08-27 00:53:29,0,2,0
94249,2025-08-27 00:48:29,0,2,0
94249,2025-08-27 00:43:29,0,2,0
94249,2025-08-27 00:38:29,0,2,0
94249,2025-08-27 00:33:29,0,2,0
94249,2025-08-27 00:28:29,0,2,0
94249,2025-08-27 00:23:29,0,2,0
94249,2025-08-27 00:18:29,0,2,0
94249,2025-08-27 00:13:29,0,2,0
94249,2025-08-27 00:08:29,0,2,0
94249,2025-08-27 00:03:29,0,2,0
94249,2025-08-26 23:58:29,0,2,0
94249,2025-08-26 23:53:29,0,2,0
94249,2025-08-26 23:48:29,0,2,0
94249,2025-08-26 23:43:29,0,2,0
94249,2025-08-26 23:38:29,0,2,0
94249,2025-08-26 23:33:29,0,2,0
94249,2025-08-26 23:28:29,0,2,0
94249,2025-08-26 23:23:29,1,2,0
94249,2025-08-26 23:18:29,1,2,0
94249,2025-08-26 23:13:29,1,2,0
94249,2025-08-26 23:08:29,1,2,0
94249,2025-08-26 23:03:29,1,2,0
94249,2025-08-26 22:58:29,2,2,0
94249,2025-08-26 22:53:29,2,2,0
94249,2025-08-26 22:48:29,2,2,0
94249,2025-08-26 22:43:29,2,2,0
94249,2025-08-26 22:38:29,2,2,0
94249,2025-08-26 22:33:30,2,2,0
94249,2025-08-26 22:28:29,2,2,0
94249,2025-08-26 22:23:29,2,2,0
94249,2025-08-26 22:18:29,2,2,0
94249,2025-08-26 22:13:29,2,2,0
94249,2025-08-26 22:08:29,2,2,0
94249,2025-08-26 22:03:29,2,2,0
94249,2025-08-26 21:58:29,2,2,0
94249,2025-08-26 21:53:30,2,2,0
94249,2025-08-26 21:48:29,2,2,0
94249,2025-08-26 21:43:29,2,2,0
94249,2025-08-26 21:38:29,2,2,0
94249,2025-08-26 21:33:29,2,2,0
94249,2025-08-26 21:28:29,2,2,0
94249,2025-08-26 21:23:29,2,2,0
94249,2025-08-26 21:18:29,2,2,0
94249,2025-08-26 21:13:31,2,2,0
94249,2025-08-26 21:08:29,2,2,0
94249,2025-08-26 21:03:29,2,2,0
94249,2025-08-26 20:58:29,2,2,0
94249,2025-08-26 20:53:30,2,2,0
94249,2025-08-26 20:48:29,2,2,0
94249,2025-08-26 20:43:29,2,2,0
94249,2025-08-26 20:38:29,2,2,0
94249,2025-08-26 20:33:29,2,2,0
94249,2025-08-26 20:28:29,2,2,0
94249,2025-08-26 20:23:29,2,2,0
94249,2025-08-26 20:18:29,2,2,0
94249,2025-08-26 20:13:29,2,2,0
94249,2025-08-26 20:08:29,2,2,0
94249,2025-08-26 20:03:29,2,2,0
94249,2025-08-26 19:58:29,2,2,0
94249,2025-08-26 19:53:29,2,2,0
94249,2025-08-26 19:48:29,2,2,0
94249,2025-08-26 19:43:29,2,2,0
94249,2025-08-26 19:38:29,2,2,0
94249,2025-08-26 19:33:29,2,2,0
94249,2025-08-26 19:28:29,2,2,0
94249,2025-08-26 19:23:29,2,2,0
94249,2025-08-26 19:18:29,2,2,0
94249,2025-08-26 19:13:29,2,2,0
94249,2025-08-26 19:08:29,2,2,0
94249,2025-08-26 19:03:29,2,2,0
94249,2025-08-26 18:58:29,2,2,0
94249,2025-08-26 18:53:29,2,2,0
94249,2025-08-26 18:48:29,2,2,0
94249,2025-08-26 18:43:29,2,2,0
94249,2025-08-26 18:38:29,2,2,0
94249,2025-08-26 18:33:29,2,2,0
94249,2025-08-26 18:28:31,2,2,0
94249,2025-08-26 18:23:29,2,2,0
94249,2025-08-26 18:18:29,2,2,0
94249,2025-08-26 18:13:29,2,2,0
94249,2025-08-26 18:08:29,2,2,0
94249,2025-08-26 18:03:30,2,2,0
94249,2025-08-26 17:58:30,2,2,0
94249,2025-08-26 17:53:29,2,2,0
94249,2025-08-26 17:48:29,2,2,0
94249,2025-08-26 17:43:29,2,2,0
94249,2025-08-26 17:38:29,2,2,0
94249,2025-08-26 17:33:29,2,2,0
94249,2025-08-26 17:28:29,2,2,0
94249,2025-08-26 17:23:29,2,2,0
94249,2025-08-26 17:18:29,2,2,0
94249,2025-08-26 17:13:29,2,2,0
94249,2025-08-26 17:08:29,2,2,0
94249,2025-08-26 17:03:29,2,2,0
94249,2025-08-26 16:58:29,2,2,0
94249,2025-08-26 16:53:29,2,2,0
94249,2025-08-26 16:48:29,2,2,0
94249,2025-08-26 16:43:29,2,2,0
94249,2025-08-26 16:38:29,2,2,0
94249,2025-08-26 16:33:29,2,2,0
94249,2025-08-26 16:28:29,2,2,0
94249,2025-08-26 16:23:29,2,2,0
94249,2025-08-26 16:18:29,2,2,0
94249,2025-08-26 16:13:29,2,2,0
94249,2025-08-26 16:08:29,2,2,0
94249,2025-08-26 16:03:29,2,2,0
94249,2025-08-26 15:58:29,2,2,0
94249,2025-08-26 15:53:29,2,2,0
94249,2025-08-26 15:48:29,2,2,0
94249,2025-08-26 15:43:29,2,2,0
94249,2025-08-26 15:38:29,2,2,0
94249,2025-08-26 15:33:30,2,2,0
94249,2025-08-26 15:28:29,2,2,0
94249,2025-08-26 15:23:29,2,2,0
94249,2025-08-26 15:18:29,2,2,0
94249,2025-08-26 15:13:29,2,2,0
94249,2025-08-26 15:08:29,2,2,0
94249,2025-08-26 15:03:29,2,2,0
94249,2025-08-26 14:58:29,2,2,0
94249,2025-08-26 14:53:29,2,2,0
94249,2025-08-26 14:48:29,2,2,0
94249,2025-08-26 14:43:29,2,2,0
94249,2025-08-26 14:38:29,2,2,0
94249,2025-08-26 14:33:29,2,2,0
94249,2025-08-26 14:28:29,2,2,0
94249,2025-08-26 14:23:29,2,2,0
94249,2025-08-26 14:18:29,1,2,0
94249,2025-08-26 14:13:29,1,2,0
94249,2025-08-26 14:08:29,1,2,0
94249,2025-08-26 14:03:29,1,2,0
94249,2025-08-26 13:58:29,1,2,0
94249,2025-08-26 13:53:29,0,2,0
94249,2025-08-26 13:48:29,0,2,0
94249,2025-08-26 13:43:29,0,2,0
94249,2025-08-26 13:38:31,0,2,0
94249,2025-08-26 13:33:29,0,2,0
94249,2025-08-26 13:28:29,0,2,0
94249,2025-08-26 13:23:29,0,2,0
94249,2025-08-26 13:18:29,0,2,0
94249,2025-08-26 13:13:29,0,2,0
94249,2025-08-26 13:08:29,0,2,0
94249,2025-08-26 13:03:29,0,2,0
94249,2025-08-26 12:58:29,0,2,0
94249,2025-08-26 12:53:29,0,2,0
94249,2025-08-26 12:48:29,0,2,0
94249,2025-08-26 12:43:29,0,2,0
94249,2025-08-26 12:38:29,0,2,0
94249,2025-08-26 12:33:29,0,2,0
94249,2025-08-26 12:28:29,0,2,0
94249,2025-08-26 12:23:29,0,2,0
94249,2025-08-26 12:18:29,0,2,0
94249,2025-08-26 12:13:29,0,2,0
94249,2025-08-26 12:08:29,0,2,0
94249,2025-08-26 12:03:29,0,2,0
94249,2025-08-26 11:58:29,1,2,0
94249,2025-08-26 11:53:29,1,2,0
94249,2025-08-26 11:48:29,1,2,0
94249,2025-08-26 11:43:29,1,2,0
94249,2025-08-26 11:38:29,1,2,0
94249,2025-08-26 11:33:29,1,2,0
94249,2025-08-26 11:28:29,1,2,0
94249,2025-08-26 11:23:29,1,2,0
94249,2025-08-26 11:18:29,1,2,0
94249,2025-08-26 11:13:29,1,2,0
94249,2025-08-26 11:08:29,1,2,0
94249,2025-08-26 11:03:29,1,2,0
94249,2025-08-26 10:58:29,1,2,0
94249,2025-08-26 10:53:29,1,2,0
94249,2025-08-26 10:48:29,1,2,0
94249,2025-08-26 10:43:29,1,2,0
94249,2025-08-26 10:38:29,1,2,0
94249,2025-08-26 10:33:29,1,2,0
94249,2025-08-26 10:28:29,1,2,0
94249,2025-08-26 10:23:29,1,2,0
94249,2025-08-26 10:18:29,1,2,0
94249,2025-08-26 10:13:29,1,2,0
94249,2025-08-26 10:08:29,1,2,0
94249,2025-08-26 10:03:29,1,2,0
94249,2025-08-26 09:58:29,1,2,0
94249,2025-08-26 09:53:29,1,2,0
94249,2025-08-26 09:48:29,1,2,0
94249,2025-08-26 09:43:29,1,2,0
94249,2025-08-26 09:38:29,1,2,0
94249,2025-08-26 09:33:29,1,2,0
94249,2025-08-26 09:28:29,1,2,0
94249,2025-08-26 09:23:29,1,2,0
94249,2025-08-26 09:18:29,1,2,0
94249,2025-08-26 09:13:29,1,2,0
94249,2025-08-26 09:08:29,1,2,0
94249,2025-08-26 09:03:29,1,2,0
94249,2025-08-26 08:58:29,1,2,0
94249,2025-08-26 08:53:29,1,2,0
94249,2025-08-26 08:48:29,1,2,0
94249,2025-08-26 08:43:29,1,2,0
94249,2025-08-26 08:38:29,1,2,0
94249,2025-08-26 08:33:29,1,2,0
94249,2025-08-26 08:28:29,1,2,0
94249,2025-08-26 08:23:29,1,2,0
94249,2025-08-26 08:18:29,1,2,0
94249,2025-08-26 08:13:29,1,2,0
94249,2025-08-26 08:08:29,1,2,0
94249,2025-08-26 08:03:29,1,2,0
94249,2025-08-26 07:58:29,1,2,0
94249,2025-08-26 07:53:29,1,2,0
94249,2025-08-26 07:48:29,1,2,0
94249,2025-08-26 07:43:29,1,2,0
94249,2025-08-26 07:38:29,1,2,0
94249,2025-08-26 07:33:29,1,2,0
94249,2025-08-26 07:28:29,1,2,0
94249,2025-08-26 07:23:29,1,2,0
94249,2025-08-26 07:18:29,1,2,0
94249,2025-08-26 07:13:29,1,2,0
94249,2025-08-26 07:08:30,1,2,0
94249,2025-08-26 07:03:29,1,2,0
94249,2025-08-26 06:58:29,1,2,0
94249,2025-08-26 06:53:29,1,2,0
94249,2025-08-26 06:48:30,1,2,0
94249,2025-08-26 06:43:29,1,2,0
94249,2025-08-26 06:38:29,1,2,0
94249,2025-08-26 06:33:30,1,2,0
94249,2025-08-26 06:28:29,1,2,0
94249,2025-08-26 06:23:29,1,2,0
94249,2025-08-26 06:18:29,1,2,0
94249,2025-08-26 06:13:29,1,2,0
94249,2025-08-26 06:08:29,1,2,0
94249,2025-08-26 06:03:29,1,2,0
94249,2025-08-26 05:58:29,1,2,0
94249,2025-08-26 05:53:29,1,2,0
94249,2025-08-26 05:48:29,1,2,0
94249,2025-08-26 05:43:29,1,2,0
94249,2025-08-26 05:38:29,1,2,0
94249,2025-08-26 05:33:29,1,2,0
94249,2025-08-26 05:28:29,1,2,0
94249,2025-08-26 05:23:29,1,2,0
94249,2025-08-26 05:18:29,1,2,0
94249,2025-08-26 05:13:29,1,2,0
94249,2025-08-26 05:08:29,1,2,0
94249,2025-08-26 05:03:29,1,2,0
94249,2025-08-26 04:58:29,1,2,0
94249,2025-08-26 04:53:29,1,2,0
94249,2025-08-26 04:48:29,1,2,0
94249,2025-08-26 04:43:29,1,2,0
94249,2025-08-26 04:38:29,1,2,0
94249,2025-08-26 04:33:29,1,2,0
94249,2025-08-26 04:28:29,1,2,0
94249,2025-08-26 04:23:29,1,2,0
94249,2025-08-26 04:18:29,1,2,0
94249,2025-08-26 04:13:30,1,2,0
94249,2025-08-26 04:08:29,1,2,0
94249,2025-08-26 04:03:29,1,2,0
94249,2025-08-26 03:58:29,1,2,0
94249,2025-08-26 03:53:29,1,2,0
94249,2025-08-26 03:48:29,1,2,0
94249,2025-08-26 03:43:29,1,2,0
94249,2025-08-26 03:38:29,1,2,0
94249,2025-08-26 03:33:29,1,2,0
94249,2025-08-26 03:28:29,1,2,0
94249,2025-08-26 03:23:29,1,2,0
94249,2025-08-26 03:18:29,1,2,0
94249,2025-08-26 03:13:29,1,2,0
94249,2025-08-26 03:08:30,1,2,0
94249,2025-08-26 03:03:30,1,2,0
94249,2025-08-26 02:58:29,1,2,0
94249,2025-08-26 02:53:29,1,2,0
94249,2025-08-26 02:48:30,1,2,0
94249,2025-08-26 02:43:29,1,2,0
94249,2025-08-26 02:38:29,1,2,0
94249,2025-08-26 02:33:29,1,2,0
94249,2025-08-26 02:28:29,2,2,0
94249,2025-08-26 02:23:29,2,2,0
94249,2025-08-26 02:18:29,2,2,0
94249,2025-08-26 02:13:29,2,2,0
94249,2025-08-26 02:08:29,2,2,0
94249,2025-08-26 02:03:29,2,2,0
94249,2025-08-26 01:58:29,2,2,0
94249,2025-08-26 01:53:29,2,2,0
94249,2025-08-26 01:48:29,2,2,0
94249,2025-08-26 01:43:29,2,2,0
94249,2025-08-26 01:38:29,2,2,0
94249,2025-08-26 01:33:29,2,2,0
94249,2025-08-26 01:28:29,2,2,0
94249,2025-08-26 01:23:29,2,2,0
94249,2025-08-26 01:18:29,2,2,0
94249,2025-08-26 01:13:29,2,2,0
94249,2025-08-26 01:08:30,2,2,0
94249,2025-08-26 01:03:30,2,2,0
94249,2025-08-26 00:58:29,2,2,0
94249,2025-08-26 00:53:30,2,2,0
94249,2025-08-26 00:48:29,2,2,0
94249,2025-08-26 00:43:29,2,2,0
94249,2025-08-26 00:38:29,2,2,0
94249,2025-08-26 00:33:30,2,2,0
94249,2025-08-26 00:28:30,2,2,0
94249,2025-08-26 00:23:30,2,2,0
94249,2025-08-26 00:18:31,2,2,0
94249,2025-08-26 00:13:29,2,2,0
94249,2025-08-26 00:08:30,2,2,0
94249,2025-08-26 00:03:29,2,2,0
94249,2025-08-25 23:58:29,2,2,0
94249,2025-08-25 23:53:29,2,2,0
94249,2025-08-25 23:48:29,2,2,0
94249,2025-08-25 23:43:29,1,2,0
94249,2025-08-25 23:38:29,2,2,0
94249,2025-08-25 23:33:29,2,2,0
94249,2025-08-25 23:28:29,2,2,0
94249,2025-08-25 23:23:29,2,2,0
94249,2025-08-25 23:18:29,2,2,0
94249,2025-08-25 23:13:29,2,2,0
94249,2025-08-25 23:08:29,2,2,0
94249,2025-08-25 23:03:29,2,2,0
94249,2025-08-25 22:58:29,2,2,0
94249,2025-08-25 22:53:29,2,2,0
94249,2025-08-25 22:48:29,2,2,0
94249,2025-08-25 22:43:29,2,2,0
94249,2025-08-25 22:38:29,2,2,0
94249,2025-08-25 22:33:29,2,2,0
94249,2025-08-25 22:28:29,2,2,0
94249,2025-08-25 22:23:29,2,2,0
94249,2025-08-25 22:18:29,2,2,0
94249,2025-08-25 22:13:29,2,2,0
94249,2025-08-25 22:08:29,2,2,0
94249,2025-08-25 22:03:29,2,2,0
94249,2025-08-25 21:58:29,1,2,0
94249,2025-08-25 21:53:29,1,2,0
94249,2025-08-25 21:50:06,1,2,0
94249,2025-08-25 21:43:29,1,2,0
94249,2025-08-25 21:38:29,1,2,0
94249,2025-08-25 21:33:29,1,2,0
94249,2025-08-25 21:28:29,1,2,0
94249,2025-08-25 21:23:29,1,2,0
94249,2025-08-25 21:18:29,1,2,0
94249,2025-08-25 21:13:29,1,2,0
94249,2025-08-25 21:08:29,1,2,0
94249,2025-08-25 21:03:29,1,2,0
94249,2025-08-25 20:58:29,1,2,0
94249,2025-08-25 20:53:29,1,2,0
94249,2025-08-25 20:48:29,1,2,0
94249,2025-08-25 20:43:29,1,2,0
94249,2025-08-25 20:38:29,1,2,0
94249,2025-08-25 20:33:29,1,2,0
94249,2025-08-25 20:28:29,1,2,0
94249,2025-08-25 20:23:29,1,2,0
94249,2025-08-25 20:18:29,1,2,0
94249,2025-08-25 20:13:29,1,2,0
94249,2025-08-25 20:08:29,1,2,0
94249,2025-08-25 20:03:29,1,2,0
94249,2025-08-25 19:58:29,1,2,0
94249,2025-08-25 19:53:29,1,2,0
94249,2025-08-25 19:48:30,1,2,0
94249,2025-08-25 19:43:29,1,2,0
94249,2025-08-25 19:38:29,1,2,0
94249,2025-08-25 19:33:29,1,2,0
94249,2025-08-25 19:28:29,1,2,0
94249,2025-08-25 19:23:29,1,2,0
94249,2025-08-25 19:18:29,1,2,0
94249,2025-08-25 19:13:29,1,2,0
94249,2025-08-25 19:08:29,1,2,0
94249,2025-08-25 19:03:29,1,2,0
94249,2025-08-25 18:58:29,1,2,0
94249,2025-08-25 18:53:29,1,2,0
94249,2025-08-25 18:48:29,1,2,0
94249,2025-08-25 18:43:29,1,2,0
94249,2025-08-25 18:38:29,1,2,0
94249,2025-08-25 18:33:29,1,2,0
94249,2025-08-25 18:28:29,1,2,0
94249,2025-08-25 18:23:29,1,2,0
94249,2025-08-25 18:18:29,1,2,0
94249,2025-08-25 18:13:29,1,2,0
94249,2025-08-25 18:08:29,1,2,0
94249,2025-08-25 18:03:29,1,2,0
94249,2025-08-25 17:58:29,1,2,0
94249,2025-08-25 17:53:29,1,2,0
94249,2025-08-25 17:48:29,1,2,0
94249,2025-08-25 17:43:29,1,2,0
94249,2025-08-25 17:38:29,1,2,0
94249,2025-08-25 17:33:29,1,2,0
94249,2025-08-25 17:28:29,1,2,0
94249,2025-08-25 17:23:29,1,2,0
94249,2025-08-25 17:18:29,1,2,0
94249,2025-08-25 17:13:29,1,2,0
94249,2025-08-25 17:08:29,1,2,0
94249,2025-08-25 17:03:30,1,2,0
94249,2025-08-25 16:58:29,1,2,0
94249,2025-08-25 16:53:33,1,2,0
94249,2025-08-25 16:48:29,1,2,0
94249,2025-08-25 16:43:29,1,2,0
94249,2025-08-25 16:38:29,1,2,0
94249,2025-08-25 16:33:29,1,2,0
94249,2025-08-25 16:28:29,1,2,0
94249,2025-08-25 16:23:29,1,2,0
94249,2025-08-25 16:18:29,1,2,0
94249,2025-08-25 16:13:29,1,2,0
94249,2025-08-25 16:08:29,1,2,0
94249,2025-08-25 16:03:29,1,2,0
94249,2025-08-25 15:58:30,1,2,0
94249,2025-08-25 15:53:29,2,2,0
94249,2025-08-25 15:48:31,2,2,0
94249,2025-08-25 15:43:29,2,2,0
94249,2025-08-25 15:38:29,2,2,0
94249,2025-08-25 15:33:29,2,2,0
94249,2025-08-25 15:28:29,2,2,0
94249,2025-08-25 15:23:29,2,2,0
94249,2025-08-25 15:18:29,2,2,0
94249,2025-08-25 15:13:29,2,2,0
94249,2025-08-25 15:08:29,2,2,0
94249,2025-08-25 15:03:29,2,2,0
94249,2025-08-25 14:58:29,2,2,0
94249,2025-08-25 14:53:29,2,2,0
94249,2025-08-25 14:48:29,2,2,0
94249,2025-08-25 14:43:29,2,2,0
94249,2025-08-25 14:38:29,2,2,0
94249,2025-08-25 14:33:29,2,2,0
94249,2025-08-25 14:28:29,2,2,0
94249,2025-08-25 14:23:29,2,2,0
94249,2025-08-25 14:18:29,2,2,0
94249,2025-08-25 14:13:29,2,2,0
94249,2025-08-25 14:08:29,2,2,0
94249,2025-08-25 14:03:29,2,2,0
94249,2025-08-25 13:58:29,2,2,0
94249,2025-08-25 13:53:29,2,2,0
94249,2025-08-25 13:48:29,2,2,0
94249,2025-08-25 13:43:29,2,2,0
94249,2025-08-25 13:38:29,2,2,0
94249,2025-08-25 13:33:29,2,2,0
94249,2025-08-25 13:28:29,2,2,0
94249,2025-08-25 13:23:29,2,2,0
94249,2025-08-25 13:18:29,2,2,0
94249,2025-08-25 13:13:29,2,2,0
94249,2025-08-25 13:08:29,2,2,0
94249,2025-08-25 13:03:29,2,2,0
94249,2025-08-25 12:58:29,2,2,0
94249,2025-08-25 12:53:29,2,2,0
94249,2025-08-25 12:48:29,2,2,0
94249,2025-08-25 12:43:29,2,2,0
94249,2025-08-25 12:38:29,2,2,0
94249,2025-08-25 12:33:29,2,2,0
94249,2025-08-25 12:28:30,2,2,0
94249,2025-08-25 12:23:29,2,2,0
94249,2025-08-25 12:18:29,2,2,0
94249,2025-08-25 12:13:29,2,2,0
94249,2025-08-25 12:08:29,2,2,0
94249,2025-08-25 12:03:29,2,2,0
94249,2025-08-25 11:58:29,2,2,0
94249,2025-08-25 11:53:29,2,2,0
94249,2025-08-25 11:48:29,2,2,0
94249,2025-08-25 11:43:29,2,2,0
94249,2025-08-25 11:38:29,2,2,0
94249,2025-08-25 11:33:29,2,2,0
94249,2025-08-25 11:28:29,2,2,0
94249,2025-08-25 11:23:29,2,2,0
94249,2025-08-25 11:18:29,2,2,0
94249,2025-08-25 11:13:29,2,2,0
94249,2025-08-25 11:08:29,2,2,0
94249,2025-08-25 11:03:29,2,2,0
94249,2025-08-25 10:58:29,2,2,0
94249,2025-08-25 10:53:29,2,2,0
94249,2025-08-25 10:48:29,2,2,0
94249,2025-08-25 10:43:29,2,2,0
94249,2025-08-25 10:38:29,2,2,0
94249,2025-08-25 10:33:29,2,2,0
94249,2025-08-25 10:28:29,2,2,0
94249,2025-08-25 10:23:29,2,2,0
94249,2025-08-25 10:18:29,2,2,0
94249,2025-08-25 10:13:29,2,2,0
94249,2025-08-25 10:08:29,2,2,0
94249,2025-08-25 10:03:29,2,2,0
94249,2025-08-25 09:58:30,2,2,0
94249,2025-08-25 09:53:29,2,2,0
94249,2025-08-25 09:48:29,2,2,0
94249,2025-08-25 09:43:29,2,2,0
94249,2025-08-25 09:38:29,2,2,0
94249,2025-08-25 09:33:29,2,2,0
94249,2025-08-25 09:28:29,2,2,0
94249,2025-08-25 09:23:29,2,2,0
94249,2025-08-25 09:18:29,2,2,0
94249,2025-08-25 09:13:29,2,2,0
94249,2025-08-25 09:08:29,2,2,0
94249,2025-08-25 09:03:29,2,2,0
94249,2025-08-25 08:58:29,2,2,0
94249,2025-08-25 08:53:29,2,2,0
94249,2025-08-25 08:48:29,2,2,0
94249,2025-08-25 08:43:29,2,2,0
94249,2025-08-25 08:38:29,2,2,0
94249,2025-08-25 08:33:29,2,2,0
94249,2025-08-25 08:28:29,2,2,0
94249,2025-08-25 08:23:29,2,2,0
94249,2025-08-25 08:18:29,2,2,0
94249,2025-08-25 08:13:29,2,2,0
94249,2025-08-25 08:08:29,2,2,0
94249,2025-08-25 08:03:29,2,2,0
94249,2025-08-25 07:58:29,2,2,0
94249,2025-08-25 07:53:29,2,2,0
94249,2025-08-25 07:48:29,2,2,0
94249,2025-08-25 07:43:29,2,2,0
94249,2025-08-25 07:38:29,2,2,0
94249,2025-08-25 07:33:29,2,2,0
94249,2025-08-25 07:28:29,2,2,0
94249,2025-08-25 07:23:29,2,2,0
94249,2025-08-25 07:18:29,2,2,0
94249,2025-08-25 07:13:29,2,2,0
94249,2025-08-25 07:08:29,2,2,0
94249,2025-08-25 07:03:29,2,2,0
94249,2025-08-25 06:58:29,2,2,0
94249,2025-08-25 06:53:29,2,2,0
94249,2025-08-25 06:48:29,2,2,0
94249,2025-08-25 06:43:29,2,2,0
94249,2025-08-25 06:38:29,2,2,0
94249,2025-08-25 06:33:29,2,2,0
94249,2025-08-25 06:28:29,2,2,0
94249,2025-08-25 06:23:29,2,2,0
94249,2025-08-25 06:18:29,2,2,0
94249,2025-08-25 06:13:29,2,2,0
94249,2025-08-25 06:08:29,2,2,0
94249,2025-08-25 06:03:29,2,2,0
94249,2025-08-25 05:58:29,2,2,0
94249,2025-08-25 05:53:29,2,2,0
94249,2025-08-25 05:48:29,2,2,0
94249,2025-08-25 05:43:29,2,2,0
94249,2025-08-25 05:38:29,2,2,0
94249,2025-08-25 05:33:29,2,2,0
94249,2025-08-25 05:28:29,2,2,0
94249,2025-08-25 05:23:29,1,2,0
94249,2025-08-25 05:18:29,1,2,0
94249,2025-08-25 05:13:29,1,2,0
94249,2025-08-25 05:08:29,1,2,0
94249,2025-08-25 05:03:29,1,2,0
94249,2025-08-25 04:58:29,1,2,0
94249,2025-08-25 04:53:29,1,2,0
94249,2025-08-25 04:48:29,1,2,0
94249,2025-08-25 04:43:29,1,2,0
94249,2025-08-25 04:38:29,1,2,0
94249,2025-08-25 04:33:30,1,2,0
94249,2025-08-25 04:28:29,1,2,0
94249,2025-08-25 04:23:29,1,2,0
94249,2025-08-25 04:18:29,1,2,0
94249,2025-08-25 04:13:29,1,2,0
94249,2025-08-25 04:08:29,1,2,0
94249,2025-08-25 04:03:30,1,2,0
94249,2025-08-25 03:58:29,1,2,0
94249,2025-08-25 03:53:29,1,2,0
94249,2025-08-25 03:48:29,1,2,0
94249,2025-08-25 03:43:29,1,2,0
94249,2025-08-25 03:38:29,1,2,0
94249,2025-08-25 03:33:29,1,2,0
94249,2025-08-25 03:28:29,1,2,0
94249,2025-08-25 03:23:29,1,2,0
94249,2025-08-25 03:18:29,1,2,0
94249,2025-08-25 03:13:29,1,2,0
94249,2025-08-25 03:08:29,1,2,0
94249,2025-08-25 03:03:30,1,2,0
94249,2025-08-25 02:58:29,1,2,0
94249,2025-08-25 02:53:30,1,2,0
94249,2025-08-25 02:48:29,1,2,0
94249,2025-08-25 02:43:29,1,2,0
94249,2025-08-25 02:38:29,2,2,0
94249,2025-08-25 02:33:29,2,2,0
94249,2025-08-25 02:28:29,2,2,0
94249,2025-08-25 02:23:29,2,2,0
94249,2025-08-25 02:22:49,2,2,0
94249,2025-08-25 02:15:04,2,2,0
94249,2025-08-25 02:08:29,2,2,0
94249,2025-08-25 02:03:30,2,2,0
94249,2025-08-25 01:58:29,1,2,0
94249,2025-08-25 01:53:29,1,2,0
94249,2025-08-25 01:48:29,1,2,0
94249,2025-08-25 01:43:29,1,2,0
94249,2025-08-25 01:38:29,1,2,0
94249,2025-08-25 01:33:29,1,2,0
94249,2025-08-25 01:28:29,1,2,0
94249,2025-08-25 01:23:56,2,2,0
94249,2025-08-25 01:18:29,2,2,0
94249,2025-08-25 01:13:29,2,2,0
94249,2025-08-25 01:08:29,2,2,0
94249,2025-08-25 01:03:29,2,2,0
94249,2025-08-25 00:58:29,2,2,0
94249,2025-08-25 00:53:29,2,2,0
94249,2025-08-25 00:48:29,2,2,0
94249,2025-08-25 00:43:29,1,2,0
94249,2025-08-25 00:38:29,1,2,0
94249,2025-08-25 00:33:29,1,2,0
94249,2025-08-25 00:28:30,1,2,0
94249,2025-08-25 00:23:30,1,2,0
94249,2025-08-25 00:18:30,1,2,0
94249,2025-08-25 00:13:30,0,2,0
94249,2025-08-25 00:08:29,0,2,0
94249,2025-08-25 00:03:29,0,2,0
94249,2025-08-24 23:58:29,0,2,0
94249,2025-08-24 23:53:29,0,2,0
94249,2025-08-24 23:48:29,0,2,0
94249,2025-08-24 23:43:29,0,2,0
94249,2025-08-24 23:38:29,0,2,0
94249,2025-08-24 23:33:29,0,2,0
94249,2025-08-24 23:28:29,0,2,0
94249,2025-08-24 23:23:29,0,2,0
94249,2025-08-24 23:18:29,0,2,0
94249,2025-08-24 23:13:29,0,2,0
94249,2025-08-24 23:08:29,0,2,0
94249,2025-08-24 23:03:29,1,2,0
94249,2025-08-24 22:58:29,0,2,0
94249,2025-08-24 22:53:29,0,2,0
94249,2025-08-24 22:48:29,0,2,0
94249,2025-08-24 22:43:29,0,2,0
94249,2025-08-24 22:38:29,0,2,0
94249,2025-08-24 22:33:29,0,2,0
94249,2025-08-24 22:28:29,0,2,0
94249,2025-08-24 22:23:29,1,2,0
94249,2025-08-24 22:18:29,1,2,0
94249,2025-08-24 22:13:29,1,2,0
94249,2025-08-24 22:08:29,1,2,0
94249,2025-08-24 22:03:29,1,2,0
94249,2025-08-24 21:58:29,1,2,0
94249,2025-08-24 21:53:29,1,2,0
94249,2025-08-24 21:48:29,1,2,0
94249,2025-08-24 21:43:29,1,2,0
94249,2025-08-24 21:38:29,1,2,0
94249,2025-08-24 21:33:30,1,2,0
94249,2025-08-24 21:28:29,1,2,0
94249,2025-08-24 21:23:29,1,2,0
94249,2025-08-24 21:18:29,1,2,0
94249,2025-08-24 21:13:30,1,2,0
94249,2025-08-24 21:08:29,1,2,0
94249,2025-08-24 21:03:29,1,2,0
94249,2025-08-24 20:58:29,1,2,0
94249,2025-08-24 20:53:29,1,2,0
94249,2025-08-24 20:48:30,1,2,0
94249,2025-08-24 20:43:29,1,2,0
94249,2025-08-24 20:38:29,1,2,0
94249,2025-08-24 20:33:29,1,2,0
94249,2025-08-24 20:28:29,1,2,0
94249,2025-08-24 20:23:29,1,2,0
94249,2025-08-24 20:18:29,1,2,0
94249,2025-08-24 20:13:29,1,2,0
94249,2025-08-24 20:08:29,1,2,0
94249,2025-08-24 20:03:29,1,2,0
94249,2025-08-24 19:58:29,1,2,0
94249,2025-08-24 19:53:29,1,2,0
94249,2025-08-24 19:48:29,1,2,0
94249,2025-08-24 19:43:29,1,2,0
94249,2025-08-24 19:38:29,1,2,0
94249,2025-08-24 19:33:29,1,2,0
94249,2025-08-24 19:28:29,1,2,0
94249,2025-08-24 19:23:29,1,2,0
94249,2025-08-24 19:18:29,1,2,0
94249,2025-08-24 19:13:29,1,2,0
94249,2025-08-24 19:08:29,1,2,0
94249,2025-08-24 19:03:29,1,2,0
94249,2025-08-24 18:58:29,1,2,0
94249,2025-08-24 18:53:29,1,2,0
94249,2025-08-24 18:48:29,1,2,0
94249,2025-08-24 18:43:29,1,2,0
94249,2025-08-24 18:38:29,1,2,0
94249,2025-08-24 18:33:29,1,2,0
94249,2025-08-24 18:28:30,1,2,0
94249,2025-08-24 18:23:29,1,2,0
94249,2025-08-24 18:18:29,1,2,0
94249,2025-08-24 18:13:29,1,2,0
94249,2025-08-24 18:08:31,1,2,0
94249,2025-08-24 18:03:29,1,2,0
94249,2025-08-24 17:58:29,1,2,0
94249,2025-08-24 17:53:29,1,2,0
94249,2025-08-24 17:48:29,1,2,0
94249,2025-08-24 17:43:29,1,2,0
94249,2025-08-24 17:38:29,1,2,0
94249,2025-08-24 17:33:29,1,2,0
94249,2025-08-24 17:28:29,1,2,0
94249,2025-08-24 17:23:29,1,2,0
94249,2025-08-24 17:18:29,1,2,0
94249,2025-08-24 17:13:29,1,2,0
94249,2025-08-24 17:08:29,1,2,0
94249,2025-08-24 17:03:29,1,2,0
94249,2025-08-24 16:58:29,0,2,0
94249,2025-08-24 16:53:29,0,2,0
94249,2025-08-24 16:48:29,0,2,0
94249,2025-08-24 16:43:29,0,2,0
94249,2025-08-24 16:38:29,0,2,0
94249,2025-08-24 16:33:29,0,2,0
94249,2025-08-24 16:28:29,0,2,0
94249,2025-08-24 16:23:29,0,2,0
94249,2025-08-24 16:18:29,0,2,0
94249,2025-08-24 16:13:29,0,2,0
94249,2025-08-24 16:08:29,0,2,0
94249,2025-08-24 16:03:29,0,2,0
94249,2025-08-24 15:58:30,0,2,0
94249,2025-08-24 15:53:29,0,2,0
94249,2025-08-24 15:48:29,0,2,0
94249,2025-08-24 15:43:29,0,2,0
94249,2025-08-24 15:38:29,0,2,0
94249,2025-08-24 15:33:29,0,2,0
94249,2025-08-24 15:28:29,0,2,0
94249,2025-08-24 15:23:29,0,2,0
94249,2025-08-24 15:18:30,0,2,0
94249,2025-08-24 15:13:29,1,2,0
94249,2025-08-24 15:08:29,0,2,0
94249,2025-08-24 15:03:29,0,2,0
94249,2025-08-24 14:58:29,0,2,0
94249,2025-08-24 14:53:29,0,2,0
94249,2025-08-24 14:48:29,0,2,0
94249,2025-08-24 14:43:29,0,2,0
94249,2025-08-24 14:38:29,0,2,0
94249,2025-08-24 14:33:29,0,2,0
94249,2025-08-24 14:28:29,0,2,0
94249,2025-08-24 14:23:29,0,2,0
94249,2025-08-24 14:18:29,0,2,0
94249,2025-08-24 14:13:29,0,2,0
94249,2025-08-24 14:08:29,0,2,0
94249,2025-08-24 14:03:29,0,2,0
94249,2025-08-24 13:58:29,0,2,0
94249,2025-08-24 13:53:29,0,2,0
94249,2025-08-24 13:48:29,1,2,0
94249,2025-08-24 13:43:29,1,2,0
94249,2025-08-24 13:38:29,1,2,0
94249,2025-08-24 13:33:29,1,2,0
94249,2025-08-24 13:28:29,1,2,0
94249,2025-08-24 13:23:29,1,2,0
94249,2025-08-24 13:18:29,1,2,0
94249,2025-08-24 13:13:29,1,2,0
94249,2025-08-24 13:08:29,1,2,0
94249,2025-08-24 13:03:29,1,2,0
94249,2025-08-24 12:58:29,0,2,0
94249,2025-08-24 12:53:29,0,2,0
94249,2025-08-24 12:48:29,0,2,0
94249,2025-08-24 12:43:29,0,2,0
94249,2025-08-24 12:38:29,0,2,0
94249,2025-08-24 12:33:29,0,2,0
94249,2025-08-24 12:28:29,0,2,0
94249,2025-08-24 12:23:29,0,2,0
94249,2025-08-24 12:18:29,0,2,0
94249,2025-08-24 12:13:29,0,2,0
94249,2025-08-24 12:08:29,0,2,0
94249,2025-08-24 12:03:29,0,2,0
94249,2025-08-24 11:58:29,0,2,0
94249,2025-08-24 11:53:29,0,2,0
94249,2025-08-24 11:48:29,0,2,0
94249,2025-08-24 11:43:29,0,2,0
94249,2025-08-24 11:38:29,0,2,0
94249,2025-08-24 11:33:29,0,2,0
94249,2025-08-24 11:28:29,0,2,0
94249,2025-08-24 11:23:29,0,2,0
94249,2025-08-24 11:18:29,0,2,0
94249,2025-08-24 11:13:29,0,2,0
94249,2025-08-24 11:08:29,0,2,0
94249,2025-08-24 11:03:29,0,2,0
94249,2025-08-24 10:58:29,0,2,0
94249,2025-08-24 10:53:29,0,2,0
94249,2025-08-24 10:48:29,0,2,0
94249,2025-08-24 10:43:29,0,2,0
94249,2025-08-24 10:38:29,0,2,0
94249,2025-08-24 10:33:29,0,2,0
94249,2025-08-24 10:28:29,0,2,0
94249,2025-08-24 10:23:29,0,2,0
94249,2025-08-24 10:18:29,0,2,0
94249,2025-08-24 10:13:29,0,2,0
94249,2025-08-24 10:08:29,0,2,0
94249,2025-08-24 10:03:29,0,2,0
94249,2025-08-24 09:58:29,0,2,0
94249,2025-08-24 09:53:30,0,2,0
94249,2025-08-24 09:48:29,0,2,0
94249,2025-08-24 09:43:29,0,2,0
94249,2025-08-24 09:38:29,0,2,0
94249,2025-08-24 09:33:29,0,2,0
94249,2025-08-24 09:28:29,0,2,0
94249,2025-08-24 09:23:29,0,2,0
94249,2025-08-24 09:18:29,0,2,0
94249,2025-08-24 09:13:29,0,2,0
94249,2025-08-24 09:08:29,0,2,0
94249,2025-08-24 09:03:29,0,2,0
94249,2025-08-24 08:58:29,0,2,0
94249,2025-08-24 08:53:29,0,2,0
94249,2025-08-24 08:48:29,0,2,0
94249,2025-08-24 08:43:29,0,2,0
94249,2025-08-24 08:38:29,0,2,0
94249,2025-08-24 08:33:29,0,2,0
94249,2025-08-24 08:28:29,0,2,0
94249,2025-08-24 08:23:29,0,2,0
94249,2025-08-24 08:18:29,0,2,0
94249,2025-08-24 08:13:29,0,2,0
94249,2025-08-24 08:08:29,0,2,0
94249,2025-08-24 08:03:29,0,2,0
94249,2025-08-24 07:58:29,0,2,0
94249,2025-08-24 07:53:29,0,2,0
94249,2025-08-24 07:48:29,0,2,0
94249,2025-08-24 07:43:29,1,2,0
94249,2025-08-24 07:38:29,1,2,0
94249,2025-08-24 07:33:29,1,2,0
94249,2025-08-24 07:28:29,1,2,0
94249,2025-08-24 07:23:29,1,2,0
94249,2025-08-24 07:18:29,1,2,0
94249,2025-08-24 07:13:29,2,2,0
94249,2025-08-24 07:08:29,2,2,0
94249,2025-08-24 07:03:29,2,2,0
94249,2025-08-24 06:58:29,2,2,0
94249,2025-08-24 06:53:29,2,2,0
94249,2025-08-24 06:48:29,2,2,0
94249,2025-08-24 06:43:29,2,2,0
94249,2025-08-24 06:38:29,2,2,0
94249,2025-08-24 06:33:29,2,2,0
94249,2025-08-24 06:28:29,2,2,0
94249,2025-08-24 06:23:29,2,2,0
94249,2025-08-24 06:18:29,2,2,0
94249,2025-08-24 06:13:29,2,2,0
94249,2025-08-24 06:08:29,2,2,0
94249,2025-08-24 06:03:29,2,2,0
94249,2025-08-24 05:58:29,2,2,0
94249,2025-08-24 05:53:29,2,2,0
94249,2025-08-24 05:48:29,2,2,0
94249,2025-08-24 05:43:29,2,2,0
94249,2025-08-24 05:38:29,2,2,0
94249,2025-08-24 05:33:29,2,2,0
94249,2025-08-24 05:28:29,2,2,0
94249,2025-08-24 05:23:30,2,2,0
94249,2025-08-24 05:18:29,2,2,0
94249,2025-08-24 05:13:29,1,2,0
94249,2025-08-24 05:08:29,1,2,0
94249,2025-08-24 05:03:29,2,2,0
94249,2025-08-24 04:58:29,2,2,0
94249,2025-08-24 04:53:29,2,2,0
94249,2025-08-24 04:48:29,2,2,0
94249,2025-08-24 04:43:29,2,2,0
94249,2025-08-24 04:38:29,2,2,0
94249,2025-08-24 04:33:29,2,2,0
94249,2025-08-24 04:28:29,2,2,0
94249,2025-08-24 04:23:29,2,2,0
94249,2025-08-24 04:18:29,2,2,0
94249,2025-08-24 04:13:29,2,2,0
94249,2025-08-24 04:08:29,2,2,0
94249,2025-08-24 04:03:30,2,2,0
94249,2025-08-24 03:58:30,2,2,0
94249,2025-08-24 03:53:30,2,2,0
94249,2025-08-24 03:48:29,2,2,0
94249,2025-08-24 03:43:29,2,2,0
94249,2025-08-24 03:38:29,2,2,0
94249,2025-08-24 03:33:29,2,2,0
94249,2025-08-24 03:28:29,2,2,0
94249,2025-08-24 03:23:29,2,2,0
94249,2025-08-24 03:18:29,2,2,0
94249,2025-08-24 03:13:29,1,2,0
94249,2025-08-24 03:08:29,1,2,0
94249,2025-08-24 03:03:29,1,2,0
94249,2025-08-24 02:58:29,1,2,0
94249,2025-08-24 02:53:29,0,2,0
94249,2025-08-24 02:48:29,0,2,0
94249,2025-08-24 02:43:29,0,2,0
94249,2025-08-24 02:38:29,0,2,0
94249,2025-08-24 02:33:29,0,2,0
94249,2025-08-24 02:28:30,0,2,0
94249,2025-08-24 02:23:29,0,2,0
94249,2025-08-24 02:18:29,0,2,0
94249,2025-08-24 02:13:30,1,2,0
94249,2025-08-24 02:08:29,0,2,0
94249,2025-08-24 02:03:29,0,2,0
94249,2025-08-24 01:58:29,0,2,0
94249,2025-08-24 01:53:29,0,2,0
94249,2025-08-24 01:48:29,0,2,0
94249,2025-08-24 01:43:29,0,2,0
94249,2025-08-24 01:38:29,0,2,0
94249,2025-08-24 01:33:29,1,2,0
94249,2025-08-24 01:28:29,1,2,0
94249,2025-08-24 01:23:29,1,2,0
94249,2025-08-24 01:18:29,1,2,0
94249,2025-08-24 01:13:29,1,2,0
94249,2025-08-24 01:08:29,1,2,0
94249,2025-08-24 01:03:29,1,2,0
94249,2025-08-24 00:58:29,1,2,0
94249,2025-08-24 00:53:29,1,2,0
94249,2025-08-24 00:48:29,1,2,0
94249,2025-08-24 00:43:29,1,2,0
94249,2025-08-24 00:38:29,1,2,0
94249,2025-08-24 00:33:29,1,2,0
94249,2025-08-24 00:28:29,1,2,0
94249,2025-08-24 00:23:29,1,2,0
94249,2025-08-24 00:18:29,1,2,0
94249,2025-08-24 00:13:29,1,2,0
94249,2025-08-24 00:08:29,1,2,0
94249,2025-08-24 00:03:29,1,2,0
94249,2025-08-23 23:58:29,1,2,0
94249,2025-08-23 23:53:30,1,2,0
94249,2025-08-23 23:48:29,1,2,0
94249,2025-08-23 23:43:29,1,2,0
94249,2025-08-23 23:38:29,1,2,0
94249,2025-08-23 23:33:29,1,2,0
94249,2025-08-23 23:28:29,1,2,0
94249,2025-08-23 23:23:29,1,2,0
94249,2025-08-23 23:18:29,1,2,0
94249,2025-08-23 23:13:29,1,2,0
94249,2025-08-23 23:08:29,1,2,0
94249,2025-08-23 23:03:29,1,2,0
94249,2025-08-23 22:58:29,1,2,0
94249,2025-08-23 22:53:30,1,2,0
94249,2025-08-23 22:48:29,1,2,0
94249,2025-08-23 22:43:29,1,2,0
94249,2025-08-23 22:38:29,1,2,0
94249,2025-08-23 22:33:29,1,2,0
94249,2025-08-23 22:28:29,1,2,0
94249,2025-08-23 22:23:29,1,2,0
94249,2025-08-23 22:18:29,1,2,0
94249,2025-08-23 22:13:29,1,2,0
94249,2025-08-23 22:08:29,1,2,0
94249,2025-08-23 22:03:29,1,2,0
94249,2025-08-23 21:58:29,1,2,0
94249,2025-08-23 21:53:29,1,2,0
94249,2025-08-23 21:48:29,1,2,0
94249,2025-08-23 21:43:29,1,2,0
94249,2025-08-23 21:38:29,2,2,0
94249,2025-08-23 21:33:29,1,2,0
94249,2025-08-23 21:28:29,1,2,0
94249,2025-08-23 21:23:29,0,2,0
94249,2025-08-23 21:18:29,0,2,0
94249,2025-08-23 21:13:29,0,2,0
94249,2025-08-23 21:08:31,0,2,0
94249,2025-08-23 21:03:29,0,2,0
94249,2025-08-23 20:58:29,0,2,0
94249,2025-08-23 20:53:29,0,2,0
94249,2025-08-23 20:48:29,0,2,0
94249,2025-08-23 20:43:29,0,2,0
94249,2025-08-23 20:38:30,0,2,0
94249,2025-08-23 20:33:29,0,2,0
94249,2025-08-23 20:28:29,0,2,0
94249,2025-08-23 20:23:50,0,2,0
94249,2025-08-23 20:19:58,0,2,0
94249,2025-08-23 20:13:29,0,2,0
94249,2025-08-23 20:08:29,0,2,0
94249,2025-08-23 20:03:29,0,2,0
94249,2025-08-23 19:58:29,0,2,0
94249,2025-08-23 19:53:29,0,2,0
94249,2025-08-23 19:48:29,0,2,0
94249,2025-08-23 19:43:29,0,2,0
94249,2025-08-23 19:38:29,0,2,0
94249,2025-08-23 19:33:29,0,2,0
94249,2025-08-23 19:28:29,0,2,0
94249,2025-08-23 19:23:29,0,2,0
94249,2025-08-23 19:18:29,0,2,0
94249,2025-08-23 19:13:29,0,2,0
94249,2025-08-23 19:08:30,0,2,0
94249,2025-08-23 19:03:29,0,2,0
94249,2025-08-23 18:58:29,0,2,0
94249,2025-08-23 18:53:29,0,2,0
94249,2025-08-23 18:48:30,0,2,0
94249,2025-08-23 18:43:29,0,2,0
94249,2025-08-23 18:38:29,0,2,0
94249,2025-08-23 18:33:29,1,2,0
94249,2025-08-23 18:28:29,1,2,0
94249,2025-08-23 18:23:29,1,2,0
94249,2025-08-23 18:18:29,1,2,0
94249,2025-08-23 18:13:29,1,2,0
94249,2025-08-23 18:08:29,1,2,0
94249,2025-08-23 18:03:29,1,2,0
94249,2025-08-23 17:58:29,1,2,0
94249,2025-08-23 17:53:30,1,2,0
94249,2025-08-23 17:48:29,1,2,0
94249,2025-08-23 17:43:29,2,2,0
94249,2025-08-23 17:38:29,2,2,0
94249,2025-08-23 17:33:29,2,2,0
94249,2025-08-23 17:28:29,2,2,0
94249,2025-08-23 17:23:29,2,2,0
94249,2025-08-23 17:18:29,2,2,0
94249,2025-08-23 17:13:29,2,2,0
94249,2025-08-23 17:08:29,2,2,0
94249,2025-08-23 17:03:29,2,2,0
94249,2025-08-23 16:58:29,2,2,0
94249,2025-08-23 16:53:29,2,2,0
94249,2025-08-23 16:48:29,2,2,0
94249,2025-08-23 16:43:29,2,2,0
94249,2025-08-23 16:38:29,2,2,0
94249,2025-08-23 16:33:29,2,2,0
94249,2025-08-23 16:28:29,2,2,0
94249,2025-08-23 16:23:29,2,2,0
94249,2025-08-23 16:18:29,2,2,0
94249,2025-08-23 16:13:29,2,2,0
94249,2025-08-23 16:08:29,2,2,0
94249,2025-08-23 16:03:29,2,2,0
94249,2025-08-23 15:58:29,2,2,0
94249,2025-08-23 15:53:29,2,2,0
94249,2025-08-23 15:48:29,2,2,0
94249,2025-08-23 15:43:29,2,2,0
94249,2025-08-23 15:38:29,2,2,0
94249,2025-08-23 15:33:29,2,2,0
94249,2025-08-23 15:28:29,2,2,0
94249,2025-08-23 15:23:29,2,2,0
94249,2025-08-23 15:18:29,2,2,0
94249,2025-08-23 15:13:29,2,2,0
94249,2025-08-23 15:08:29,2,2,0
94249,2025-08-23 15:03:29,2,2,0
94249,2025-08-23 14:58:29,2,2,0
94249,2025-08-23 14:53:29,2,2,0
94249,2025-08-23 14:48:29,2,2,0
94249,2025-08-23 14:43:29,2,2,0
94249,2025-08-23 14:38:29,2,2,0
94249,2025-08-23 14:33:29,2,2,0
94249,2025-08-23 14:28:29,2,2,0
94249,2025-08-23 14:23:29,2,2,0
94249,2025-08-23 14:18:29,2,2,0
94249,2025-08-23 14:13:29,2,2,0
94249,2025-08-23 14:08:29,2,2,0
94249,2025-08-23 14:03:29,2,2,0
94249,2025-08-23 13:58:29,2,2,0
94249,2025-08-23 13:53:29,2,2,0
94249,2025-08-23 13:48:29,2,2,0
94249,2025-08-23 13:43:29,2,2,0
94249,2025-08-23 13:38:29,2,2,0
94249,2025-08-23 13:33:29,1,2,0
94249,2025-08-23 13:28:29,1,2,0
94249,2025-08-23 13:23:29,1,2,0
94249,2025-08-23 13:18:29,1,2,0
94249,2025-08-23 13:13:29,1,2,0
94249,2025-08-23 13:08:29,1,2,0
94249,2025-08-23 13:03:29,1,2,0
94249,2025-08-23 12:58:29,1,2,0
94249,2025-08-23 12:53:29,1,2,0
94249,2025-08-23 12:48:29,1,2,0
94249,2025-08-23 12:43:29,1,2,0
94249,2025-08-23 12:38:29,1,2,0
94249,2025-08-23 12:33:29,1,2,0
94249,2025-08-23 12:28:29,1,2,0
94249,2025-08-23 12:23:29,1,2,0
94249,2025-08-23 12:18:29,1,2,0
94249,2025-08-23 12:13:29,1,2,0
94249,2025-08-23 12:08:29,1,2,0
94249,2025-08-23 12:03:29,1,2,0
94249,2025-08-23 11:58:29,1,2,0
94249,2025-08-23 11:53:29,1,2,0
94249,2025-08-23 11:48:29,1,2,0
94249,2025-08-23 11:43:29,1,2,0
94249,2025-08-23 11:38:29,1,2,0
94249,2025-08-23 11:33:29,1,2,0
94249,2025-08-23 11:28:29,1,2,0
94249,2025-08-23 11:23:29,1,2,0
94249,2025-08-23 11:18:29,1,2,0
94249,2025-08-23 11:13:29,1,2,0
94249,2025-08-23 11:08:29,1,2,0
94249,2025-08-23 11:03:29,1,2,0
94249,2025-08-23 10:58:29,1,2,0
94249,2025-08-23 10:53:29,0,2,0
94249,2025-08-23 10:48:29,0,2,0
94249,2025-08-23 10:43:29,0,2,0
94249,2025-08-23 10:38:29,0,2,0
94249,2025-08-23 10:33:29,0,2,0
94249,2025-08-23 10:28:29,0,2,0
94249,2025-08-23 10:23:29,0,2,0
94249,2025-08-23 10:18:29,0,2,0
94249,2025-08-23 10:13:29,1,2,0
94249,2025-08-23 10:08:29,1,2,0
94249,2025-08-23 10:03:29,0,2,0
94249,2025-08-23 09:58:29,0,2,0
94249,2025-08-23 09:53:29,0,2,0
94249,2025-08-23 09:48:29,0,2,0
94249,2025-08-23 09:43:29,0,2,0
94249,2025-08-23 09:38:29,0,2,0
94249,2025-08-23 09:33:29,0,2,0
94249,2025-08-23 09:28:29,0,2,0
94249,2025-08-23 09:23:29,0,2,0
94249,2025-08-23 09:18:29,0,2,0
94249,2025-08-23 09:13:29,0,2,0
94249,2025-08-23 09:08:29,0,2,0
94249,2025-08-23 09:03:29,0,2,0
94249,2025-08-23 08:58:29,0,2,0
94249,2025-08-23 08:53:29,0,2,0
94249,2025-08-23 08:48:29,0,2,0
94249,2025-08-23 08:43:29,0,2,0
94249,2025-08-23 08:38:29,0,2,0
94249,2025-08-23 08:33:29,0,2,0
94249,2025-08-23 08:28:29,0,2,0
94249,2025-08-23 08:23:29,0,2,0
94249,2025-08-23 08:18:29,0,2,0
94249,2025-08-23 08:13:29,0,2,0
94249,2025-08-23 08:08:29,0,2,0
94249,2025-08-23 08:03:29,0,2,0
94249,2025-08-23 07:58:29,0,2,0
94249,2025-08-23 07:53:29,0,2,0
94249,2025-08-23 07:48:29,0,2,0
94249,2025-08-23 07:43:29,0,2,0
94249,2025-08-23 07:38:29,0,2,0
94249,2025-08-23 07:33:29,0,2,0
94249,2025-08-23 07:28:29,0,2,0
94249,2025-08-23 07:23:29,0,2,0
94249,2025-08-23 07:18:29,0,2,0
94249,2025-08-23 07:13:29,0,2,0
94249,2025-08-23 07:08:29,0,2,0
94249,2025-08-23 07:03:29,0,2,0
94249,2025-08-23 06:58:29,0,2,0
94249,2025-08-23 06:53:29,0,2,0
94249,2025-08-23 06:48:29,0,2,0
94249,2025-08-23 06:43:29,0,2,0
94249,2025-08-23 06:38:29,0,2,0
94249,2025-08-23 06:33:29,0,2,0
94249,2025-08-23 06:28:29,0,2,0
94249,2025-08-23 06:23:29,0,2,0
94249,2025-08-23 06:18:29,0,2,0
94249,2025-08-23 06:13:29,0,2,0
94249,2025-08-23 06:08:29,0,2,0
94249,2025-08-23 06:03:29,0,2,0
94249,2025-08-23 05:58:29,0,2,0
94249,2025-08-23 05:53:30,0,2,0
94249,2025-08-23 05:48:29,0,2,0
94249,2025-08-23 05:43:29,0,2,0
94249,2025-08-23 05:38:29,0,2,0
94249,2025-08-23 05:33:29,0,2,0
94249,2025-08-23 05:28:29,0,2,0
94249,2025-08-23 05:23:29,0,2,0
94249,2025-08-23 05:18:29,0,2,0
94249,2025-08-23 05:13:29,0,2,0
94249,2025-08-23 05:08:29,0,2,0
94249,2025-08-23 05:03:29,0,2,0
94249,2025-08-23 04:58:29,0,2,0
94249,2025-08-23 04:53:29,0,2,0
94249,2025-08-23 04:48:29,0,2,0
94249,2025-08-23 04:43:29,0,2,0
94249,2025-08-23 04:38:29,0,2,0
94249,2025-08-23 04:33:29,0,2,0
94249,2025-08-23 04:28:29,0,2,0
94249,2025-08-23 04:23:29,1,2,0
94249,2025-08-23 04:18:29,1,2,0
94249,2025-08-23 04:13:29,1,2,0
94249,2025-08-23 04:08:29,1,2,0
94249,2025-08-23 04:03:29,1,2,0
94249,2025-08-23 03:58:29,1,2,0
94249,2025-08-23 03:53:29,1,2,0
94249,2025-08-23 03:48:29,1,2,0
94249,2025-08-23 03:43:29,1,2,0
94249,2025-08-23 03:38:29,1,2,0
94249,2025-08-23 03:33:29,1,2,0
94249,2025-08-23 03:28:29,1,2,0
94249,2025-08-23 03:23:29,1,2,0
94249,2025-08-23 03:18:29,1,2,0
94249,2025-08-23 03:13:29,1,2,0
94249,2025-08-23 03:08:29,1,2,0
94249,2025-08-23 03:03:29,1,2,0
94249,2025-08-23 02:58:29,1,2,0
94249,2025-08-23 02:53:29,1,2,0
94249,2025-08-23 02:48:29,1,2,0
94249,2025-08-23 02:43:29,1,2,0
94249,2025-08-23 02:38:29,1,2,0
94249,2025-08-23 02:33:29,1,2,0
94249,2025-08-23 02:28:29,1,2,0
94249,2025-08-23 02:23:30,1,2,0
94249,2025-08-23 02:18:30,1,2,0
94249,2025-08-23 02:13:34,1,2,0
94249,2025-08-23 02:08:29,1,2,0
94249,2025-08-23 02:03:29,1,2,0
94249,2025-08-23 01:58:29,2,2,0
94249,2025-08-23 01:53:31,2,2,0
94249,2025-08-23 01:48:31,2,2,0
94249,2025-08-23 01:43:29,2,2,0
94249,2025-08-23 01:38:29,2,2,0
94249,2025-08-23 01:33:29,2,2,0
94249,2025-08-23 01:28:29,2,2,0
94249,2025-08-23 01:23:29,2,2,0
94249,2025-08-23 01:18:29,2,2,0
94249,2025-08-23 01:13:29,2,2,0
94249,2025-08-23 01:08:29,2,2,0
94249,2025-08-23 01:03:29,2,2,0
94249,2025-08-23 00:58:29,2,2,0
94249,2025-08-23 00:53:29,2,2,0
94249,2025-08-23 00:48:29,2,2,0
94249,2025-08-23 00:43:29,2,2,0
94249,2025-08-23 00:38:29,2,2,0
94249,2025-08-23 00:33:29,2,2,0
94249,2025-08-23 00:28:29,2,2,0
94249,2025-08-23 00:23:29,2,2,0
94249,2025-08-23 00:18:29,2,2,0
94249,2025-08-23 00:13:42,2,2,0
94249,2025-08-23 00:08:29,2,2,0
94249,2025-08-23 00:03:30,2,2,0
94249,2025-08-22 23:58:29,2,2,0
94249,2025-08-22 23:53:29,2,2,0
94249,2025-08-22 23:48:29,2,2,0
94249,2025-08-22 23:43:29,2,2,0
94249,2025-08-22 23:38:38,1,2,0
94249,2025-08-22 23:33:29,1,2,0
94249,2025-08-22 23:28:29,1,2,0
94249,2025-08-22 23:23:29,1,2,0
94249,2025-08-22 23:18:29,1,2,0
94249,2025-08-22 23:13:29,1,2,0
94249,2025-08-22 23:08:29,1,2,0
94249,2025-08-22 23:03:29,1,2,0
94249,2025-08-22 22:58:29,1,2,0
94249,2025-08-22 22:53:29,1,2,0
94249,2025-08-22 22:48:30,2,2,0
94249,2025-08-22 22:43:29,2,2,0
94249,2025-08-22 22:38:29,2,2,0
94249,2025-08-22 22:33:29,2,2,0
94249,2025-08-22 22:28:29,2,2,0
94249,2025-08-22 22:23:29,2,2,0
94249,2025-08-22 22:18:29,2,2,0
94249,2025-08-22 22:13:29,1,2,0
94249,2025-08-22 22:08:29,1,2,0
94249,2025-08-22 22:03:29,1,2,0
94249,2025-08-22 21:58:29,1,2,0
94249,2025-08-22 21:53:29,1,2,0
94249,2025-08-22 21:48:29,1,2,0
94249,2025-08-22 21:43:30,1,2,0
94249,2025-08-22 21:38:29,1,2,0
94249,2025-08-22 21:33:31,1,2,0
94249,2025-08-22 21:28:29,1,2,0
94249,2025-08-22 21:23:30,1,2,0
94249,2025-08-22 21:18:29,1,2,0
94249,2025-08-22 21:13:29,2,2,0
94249,2025-08-22 21:08:31,2,2,0
94249,2025-08-22 21:03:29,1,2,0
94249,2025-08-22 20:58:29,1,2,0
94249,2025-08-22 20:53:29,1,2,0
94249,2025-08-22 20:48:29,1,2,0
94249,2025-08-22 20:43:29,1,2,0
94249,2025-08-22 20:38:29,1,2,0
94249,2025-08-22 20:33:29,1,2,0
94249,2025-08-22 20:28:29,1,2,0
94249,2025-08-22 20:23:29,1,2,0
94249,2025-08-22 20:18:29,1,2,0
94249,2025-08-22 20:13:29,1,2,0
94249,2025-08-22 20:08:30,1,2,0
94249,2025-08-22 20:03:29,1,2,0
94249,2025-08-22 19:58:29,1,2,0
94249,2025-08-22 19:53:29,1,2,0
94249,2025-08-22 19:48:29,1,2,0
94249,2025-08-22 19:43:29,1,2,0
94249,2025-08-22 19:38:30,1,2,0
94249,2025-08-22 19:33:29,1,2,0
94249,2025-08-22 19:28:29,1,2,0
94249,2025-08-22 19:23:29,1,2,0
94249,2025-08-22 19:18:29,1,2,0
94249,2025-08-22 19:13:29,1,2,0
94249,2025-08-22 19:08:29,1,2,0
94249,2025-08-22 19:03:29,1,2,0
94249,2025-08-22 18:58:29,1,2,0
94249,2025-08-22 18:53:29,0,2,0
94249,2025-08-22 18:48:29,0,2,0
94249,2025-08-22 18:43:29,0,2,0
94249,2025-08-22 18:38:29,0,2,0
94249,2025-08-22 18:33:29,0,2,0
94249,2025-08-22 18:28:29,0,2,0
94249,2025-08-22 18:23:29,0,2,0
94249,2025-08-22 18:18:29,1,2,0
94249,2025-08-22 18:13:29,1,2,0
94249,2025-08-22 18:08:29,1,2,0
94249,2025-08-22 18:03:29,1,2,0
94249,2025-08-22 17:58:29,1,2,0
94249,2025-08-22 17:53:29,1,2,0
94249,2025-08-22 17:48:29,1,2,0
94249,2025-08-22 17:43:29,1,2,0
94249,2025-08-22 17:38:29,1,2,0
94249,2025-08-22 17:33:29,1,2,0
94249,2025-08-22 17:28:29,1,2,0
94249,2025-08-22 17:23:29,1,2,0
94249,2025-08-22 17:18:29,1,2,0
94249,2025-08-22 17:13:30,1,2,0
94249,2025-08-22 17:08:29,1,2,0
94249,2025-08-22 17:03:29,1,2,0
94249,2025-08-22 16:58:29,1,2,0
94249,2025-08-22 16:53:29,1,2,0
94249,2025-08-22 16:48:29,1,2,0
94249,2025-08-22 16:43:29,1,2,0
94249,2025-08-22 16:38:29,1,2,0
94249,2025-08-22 16:33:29,1,2,0
94249,2025-08-22 16:28:29,1,2,0
94249,2025-08-22 16:23:29,1,2,0
94249,2025-08-22 16:18:29,1,2,0
94249,2025-08-22 16:13:29,1,2,0
94249,2025-08-22 16:08:29,1,2,0
94249,2025-08-22 16:03:29,1,2,0
94249,2025-08-22 15:58:29,0,2,0
94249,2025-08-22 15:53:29,0,2,0
94249,2025-08-22 15:48:29,0,2,0
94249,2025-08-22 15:43:29,0,2,0
94249,2025-08-22 15:38:29,0,2,0
94249,2025-08-22 15:33:29,0,2,0
94249,2025-08-22 15:28:29,0,2,0
94249,2025-08-22 15:23:29,0,2,0
94249,2025-08-22 15:18:29,0,2,0
94249,2025-08-22 15:13:29,0,2,0
94249,2025-08-22 15:08:30,0,2,0
94249,2025-08-22 15:03:29,0,2,0
94249,2025-08-22 14:58:30,1,2,0
94249,2025-08-22 14:53:29,1,2,0
94249,2025-08-22 14:48:29,1,2,0
94249,2025-08-22 14:43:29,1,2,0
94249,2025-08-22 14:38:29,1,2,0
94249,2025-08-22 14:33:29,1,2,0
94249,2025-08-22 14:28:29,1,2,0
94249,2025-08-22 14:23:29,1,2,0
94249,2025-08-22 14:18:30,1,2,0
94249,2025-08-22 14:13:29,1,2,0
94249,2025-08-22 14:08:29,1,2,0
94249,2025-08-22 14:03:29,1,2,0
94249,2025-08-22 13:58:31,1,2,0
94249,2025-08-22 13:53:29,1,2,0
94249,2025-08-22 13:48:29,1,2,0
94249,2025-08-22 13:43:29,1,2,0
94249,2025-08-22 13:38:29,1,2,0
94249,2025-08-22 13:33:29,1,2,0
94249,2025-08-22 13:28:29,1,2,0
94249,2025-08-22 13:23:29,1,2,0
94249,2025-08-22 13:18:29,1,2,0
94249,2025-08-22 13:13:29,1,2,0
94249,2025-08-22 13:08:29,1,2,0
94249,2025-08-22 13:03:29,1,2,0
94249,2025-08-22 12:58:29,0,2,0
94249,2025-08-22 12:53:30,0,2,0
94249,2025-08-22 12:48:29,0,2,0
94249,2025-08-22 12:43:29,0,2,0
94249,2025-08-22 12:38:29,0,2,0
94249,2025-08-22 12:33:29,0,2,0
94249,2025-08-22 12:28:29,0,2,0
94249,2025-08-22 12:23:29,0,2,0
94249,2025-08-22 12:18:29,0,2,0
94249,2025-08-22 12:13:29,0,2,0
94249,2025-08-22 12:08:29,0,2,0
94249,2025-08-22 12:03:29,0,2,0
94249,2025-08-22 11:58:29,0,2,0
94249,2025-08-22 11:53:29,0,2,0
94249,2025-08-22 11:48:29,0,2,0
94249,2025-08-22 11:43:29,0,2,0
94249,2025-08-22 11:38:29,0,2,0
94249,2025-08-22 11:33:29,0,2,0
94249,2025-08-22 11:28:29,0,2,0
94249,2025-08-22 11:23:30,0,2,0
94249,2025-08-22 11:18:29,1,2,0
94249,2025-08-22 11:13:30,1,2,0
94249,2025-08-22 11:08:29,1,2,0
94249,2025-08-22 11:03:29,1,2,0
94249,2025-08-22 10:58:29,1,2,0
94249,2025-08-22 10:53:29,1,2,0
94249,2025-08-22 10:48:29,1,2,0
94249,2025-08-22 10:43:29,1,2,0
94249,2025-08-22 10:38:29,1,2,0
94249,2025-08-22 10:33:29,1,2,0
94249,2025-08-22 10:28:29,1,2,0
94249,2025-08-22 10:23:29,1,2,0
94249,2025-08-22 10:18:29,1,2,0
94249,2025-08-22 10:13:29,1,2,0
94249,2025-08-22 10:08:29,1,2,0
94249,2025-08-22 10:03:29,1,2,0
94249,2025-08-22 09:58:29,1,2,0
94249,2025-08-22 09:53:29,1,2,0
94249,2025-08-22 09:48:29,1,2,0
94249,2025-08-22 09:43:29,1,2,0
94249,2025-08-22 09:38:29,1,2,0
94249,2025-08-22 09:33:29,1,2,0
94249,2025-08-22 09:28:29,1,2,0
94249,2025-08-22 09:23:29,1,2,0
94249,2025-08-22 09:18:29,1,2,0
94249,2025-08-22 09:13:29,1,2,0
94249,2025-08-22 09:08:29,1,2,0
94249,2025-08-22 09:03:29,1,2,0
94249,2025-08-22 08:58:29,1,2,0
94249,2025-08-22 08:53:29,1,2,0
94249,2025-08-22 08:48:29,1,2,0
94249,2025-08-22 08:43:29,1,2,0
94249,2025-08-22 08:38:29,1,2,0
94249,2025-08-22 08:33:29,1,2,0
94249,2025-08-22 08:28:29,1,2,0
94249,2025-08-22 08:23:29,1,2,0
94249,2025-08-22 08:18:29,1,2,0
94249,2025-08-22 08:13:29,1,2,0
94249,2025-08-22 08:08:29,1,2,0
94249,2025-08-22 08:03:29,1,2,0
94249,2025-08-22 07:58:29,1,2,0
94249,2025-08-22 07:53:29,1,2,0
94249,2025-08-22 07:48:29,1,2,0
94249,2025-08-22 07:43:29,1,2,0
94249,2025-08-22 07:38:29,0,2,0
94249,2025-08-22 07:33:29,0,2,0
94249,2025-08-22 07:28:29,0,2,0
94249,2025-08-22 07:23:29,0,2,0
94249,2025-08-22 07:18:29,0,2,0
94249,2025-08-22 07:13:29,0,2,0
94249,2025-08-22 07:08:29,0,2,0
94249,2025-08-22 07:03:29,0,2,0
94249,2025-08-22 06:58:29,0,2,0
94249,2025-08-22 06:53:29,0,2,0
94249,2025-08-22 06:48:29,0,2,0
94249,2025-08-22 06:43:29,0,2,0
94249,2025-08-22 06:38:29,0,2,0
94249,2025-08-22 06:33:29,0,2,0
94249,2025-08-22 06:28:29,0,2,0
94249,2025-08-22 06:23:29,0,2,0
94249,2025-08-22 06:18:29,0,2,0
94249,2025-08-22 06:13:29,0,2,0
94249,2025-08-22 06:08:29,0,2,0
94249,2025-08-22 06:03:29,1,2,0
94249,2025-08-22 05:58:30,1,2,0
94249,2025-08-22 05:53:29,1,2,0
94249,2025-08-22 05:48:29,1,2,0
94249,2025-08-22 05:43:29,1,2,0
94249,2025-08-22 05:38:29,1,2,0
94249,2025-08-22 05:33:29,1,2,0
94249,2025-08-22 05:28:29,1,2,0
94249,2025-08-22 05:23:29,0,2,0
94249,2025-08-22 05:18:29,0,2,0
94249,2025-08-22 05:13:29,0,2,0
94249,2025-08-22 05:08:29,0,2,0
94249,2025-08-22 05:03:29,0,2,0
94249,2025-08-22 04:58:29,0,2,0
94249,2025-08-22 04:53:29,0,2,0
94249,2025-08-22 04:48:29,0,2,0
94249,2025-08-22 04:43:29,0,2,0
94249,2025-08-22 04:38:29,0,2,0
94249,2025-08-22 04:33:29,0,2,0
94249,2025-08-22 04:28:29,0,2,0
94249,2025-08-22 04:23:29,0,2,0
94249,2025-08-22 04:18:29,0,2,0
94249,2025-08-22 04:13:29,0,2,0
94249,2025-08-22 04:08:29,0,2,0
94249,2025-08-22 04:03:29,0,2,0
94249,2025-08-22 03:58:29,0,2,0
94249,2025-08-22 03:53:29,0,2,0
94249,2025-08-22 03:48:29,0,2,0
94249,2025-08-22 03:43:29,0,2,0
94249,2025-08-22 03:38:29,0,2,0
94249,2025-08-22 03:33:29,0,2,0
94249,2025-08-22 03:28:32,0,2,0
94249,2025-08-22 03:23:29,0,2,0
94249,2025-08-22 03:18:31,0,2,0
94249,2025-08-22 03:13:29,0,2,0
94249,2025-08-22 03:08:29,0,2,0
94249,2025-08-22 03:03:29,0,2,0
94249,2025-08-22 02:58:29,0,2,0
94249,2025-08-22 02:53:29,0,2,0
94249,2025-08-22 02:48:29,0,2,0
94249,2025-08-22 02:43:29,0,2,0
94249,2025-08-22 02:38:29,0,2,0
94249,2025-08-22 02:33:30,0,2,0
94249,2025-08-22 02:28:29,0,2,0
94249,2025-08-22 02:23:29,0,2,0
94249,2025-08-22 02:18:29,0,2,0
94249,2025-08-22 02:13:29,1,2,0
94249,2025-08-22 02:08:29,1,2,0
94249,2025-08-22 02:03:29,0,2,0
94249,2025-08-22 01:58:29,0,2,0
94249,2025-08-22 01:53:29,0,2,0
94249,2025-08-22 01:48:30,0,2,0
94249,2025-08-22 01:43:31,0,2,0
94249,2025-08-22 01:38:29,0,2,0
94249,2025-08-22 01:33:29,0,2,0
94249,2025-08-22 01:31:56,0,2,0
94249,2025-08-22 01:23:29,0,2,0
94249,2025-08-22 01:18:29,0,2,0
94249,2025-08-22 01:13:29,0,2,0
94249,2025-08-22 01:08:29,0,2,0
94249,2025-08-22 01:03:29,0,2,0
94249,2025-08-22 00:58:29,0,2,0
94249,2025-08-22 00:53:29,0,2,0
94249,2025-08-22 00:48:29,0,2,0
94249,2025-08-22 00:43:29,0,2,0
94249,2025-08-22 00:38:29,0,2,0
94249,2025-08-22 00:33:29,0,2,0
94249,2025-08-22 00:28:29,0,2,0
94249,2025-08-22 00:23:29,0,2,0
94249,2025-08-22 00:18:29,0,2,0
94249,2025-08-22 00:13:29,0,2,0
94249,2025-08-22 00:08:29,0,2,0
94249,2025-08-22 00:03:29,0,2,0
94249,2025-08-21 23:58:30,0,2,0
94249,2025-08-21 23:53:29,0,2,0
94249,2025-08-21 23:48:29,0,2,0
94249,2025-08-21 23:43:29,0,2,0
94249,2025-08-21 23:38:29,0,2,0
94249,2025-08-21 23:33:29,0,2,0
94249,2025-08-21 23:28:29,1,2,0
94249,2025-08-21 23:23:29,1,2,0
94249,2025-08-21 23:18:29,1,2,0
94249,2025-08-21 23:13:29,1,2,0
94249,2025-08-21 23:08:29,1,2,0
94249,2025-08-21 23:03:29,1,2,0
94249,2025-08-21 22:58:29,1,2,0
94249,2025-08-21 22:53:29,1,2,0
94249,2025-08-21 22:48:29,1,2,0
94249,2025-08-21 22:43:29,1,2,0
94249,2025-08-21 22:38:29,1,2,0
94249,2025-08-21 22:33:29,1,2,0
94249,2025-08-21 22:28:29,1,2,0
94249,2025-08-21 22:23:30,1,2,0
94249,2025-08-21 22:18:29,1,2,0
94249,2025-08-21 22:13:29,1,2,0
94249,2025-08-21 22:08:29,1,2,0
94249,2025-08-21 22:03:29,1,2,0
94249,2025-08-21 21:58:29,1,2,0
94249,2025-08-21 21:53:29,1,2,0
94249,2025-08-21 21:48:29,1,2,0
94249,2025-08-21 21:43:30,1,2,0
94249,2025-08-21 21:38:29,1,2,0
94249,2025-08-21 21:33:29,1,2,0
94249,2025-08-21 21:28:29,1,2,0
94249,2025-08-21 21:23:29,1,2,0
94249,2025-08-21 21:18:29,1,2,0
94249,2025-08-21 21:13:29,1,2,0
94249,2025-08-21 21:08:29,1,2,0
94249,2025-08-21 21:03:29,1,2,0
94249,2025-08-21 20:58:29,1,2,0
94249,2025-08-21 20:53:29,1,2,0
94249,2025-08-21 20:48:29,1,2,0
94249,2025-08-21 20:43:29,1,2,0
94249,2025-08-21 20:38:29,1,2,0
94249,2025-08-21 20:33:29,1,2,0
94249,2025-08-21 20:28:29,2,2,0
94249,2025-08-21 20:23:29,2,2,0
94249,2025-08-21 20:18:29,2,2,0
94249,2025-08-21 20:13:30,2,2,0
94249,2025-08-21 20:08:29,2,2,0
94249,2025-08-21 20:03:29,2,2,0
94249,2025-08-21 19:58:29,2,2,0
94249,2025-08-21 19:53:29,2,2,0
94249,2025-08-21 19:48:29,2,2,0
94249,2025-08-21 19:43:31,2,2,0
94249,2025-08-21 19:38:29,2,2,0
94249,2025-08-21 19:33:29,2,2,0
94249,2025-08-21 19:28:29,2,2,0
94249,2025-08-21 19:23:31,2,2,0
94249,2025-08-21 19:18:29,2,2,0
94249,2025-08-21 19:13:29,2,2,0
94249,2025-08-21 19:08:29,2,2,0
94249,2025-08-21 19:03:29,2,2,0
94249,2025-08-21 18:58:29,2,2,0
94249,2025-08-21 18:53:29,2,2,0
94249,2025-08-21 18:48:29,2,2,0
94249,2025-08-21 18:43:29,2,2,0
94249,2025-08-21 18:38:29,2,2,0
94249,2025-08-21 18:33:29,0,2,0
94249,2025-08-21 18:28:29,0,2,0
94249,2025-08-21 18:23:29,0,2,0
94249,2025-08-21 18:18:29,0,2,0
94249,2025-08-21 18:13:30,0,2,0
94249,2025-08-21 18:08:29,0,2,0
94249,2025-08-21 18:03:29,0,2,0
94249,2025-08-21 17:58:29,0,2,0
94249,2025-08-21 17:53:29,0,2,0
94249,2025-08-21 17:48:29,0,2,0
94249,2025-08-21 17:43:29,0,2,0
94249,2025-08-21 17:38:30,0,2,0
94249,2025-08-21 17:33:29,0,2,0
94249,2025-08-21 17:28:29,0,2,0
94249,2025-08-21 17:23:29,0,2,0
94249,2025-08-21 17:18:29,0,2,0
94249,2025-08-21 17:13:29,0,2,0
94249,2025-08-21 17:08:29,0,2,0
94249,2025-08-21 17:03:29,0,2,0
94249,2025-08-21 16:58:29,0,2,0
94249,2025-08-21 16:53:29,1,2,0
94249,2025-08-21 16:48:29,1,2,0
94249,2025-08-21 16:43:29,1,2,0
94249,2025-08-21 16:38:29,1,2,0
94249,2025-08-21 16:33:29,1,2,0
94249,2025-08-21 16:28:29,1,2,0
94249,2025-08-21 16:23:29,1,2,0
94249,2025-08-21 16:18:29,1,2,0
94249,2025-08-21 16:13:29,0,2,0
94249,2025-08-21 16:08:29,1,2,0
94249,2025-08-21 16:03:29,1,2,0
94249,2025-08-21 15:58:29,1,2,0
94249,2025-08-21 15:53:29,2,2,0
94249,2025-08-21 15:48:29,2,2,0
94249,2025-08-21 15:43:29,2,2,0
94249,2025-08-21 15:38:29,2,2,0
94249,2025-08-21 15:33:29,2,2,0
94249,2025-08-21 15:28:29,2,2,0
94249,2025-08-21 15:23:29,2,2,0
94249,2025-08-21 15:18:29,2,2,0
94249,2025-08-21 15:13:29,2,2,0
94249,2025-08-21 15:08:29,2,2,0
94249,2025-08-21 15:03:29,2,2,0
94249,2025-08-21 14:58:29,2,2,0
94249,2025-08-21 14:53:29,2,2,0
94249,2025-08-21 14:48:29,2,2,0
94249,2025-08-21 14:43:29,2,2,0
94249,2025-08-21 14:38:29,2,2,0
94249,2025-08-21 14:33:31,1,2,0
94249,2025-08-21 14:28:29,1,2,0
94249,2025-08-21 14:23:29,1,2,0
94249,2025-08-21 14:18:29,1,2,0
94249,2025-08-21 14:13:29,1,2,0
94249,2025-08-21 14:08:29,1,2,0
94249,2025-08-21 14:03:29,1,2,0
94249,2025-08-21 13:58:29,1,2,0
94249,2025-08-21 13:53:29,1,2,0
94249,2025-08-21 13:48:29,1,2,0
94249,2025-08-21 13:43:29,1,2,0
94249,2025-08-21 13:38:29,1,2,0
94249,2025-08-21 13:33:29,1,2,0
94249,2025-08-21 13:28:29,1,2,0
94249,2025-08-21 13:23:29,1,2,0
94249,2025-08-21 13:18:29,1,2,0
94249,2025-08-21 13:13:29,2,2,0
94249,2025-08-21 13:08:29,2,2,0
94249,2025-08-21 13:03:29,2,2,0
94249,2025-08-21 12:58:29,2,2,0
94249,2025-08-21 12:53:29,2,2,0
94249,2025-08-21 12:48:29,2,2,0
94249,2025-08-21 12:43:29,2,2,0
94249,2025-08-21 12:38:29,2,2,0
94249,2025-08-21 12:33:29,2,2,0
94249,2025-08-21 12:28:29,2,2,0
94249,2025-08-21 12:23:29,2,2,0
94249,2025-08-21 12:18:29,2,2,0
94249,2025-08-21 12:13:29,1,2,0
94249,2025-08-21 12:08:29,1,2,0
94249,2025-08-21 12:03:29,1,2,0
94249,2025-08-21 11:58:29,1,2,0
94249,2025-08-21 11:53:29,1,2,0
94249,2025-08-21 11:48:29,1,2,0
94249,2025-08-21 11:43:29,1,2,0
94249,2025-08-21 11:38:29,1,2,0
94249,2025-08-21 11:33:29,1,2,0
94249,2025-08-21 11:28:29,1,2,0
94249,2025-08-21 11:23:29,1,2,0
94249,2025-08-21 11:18:29,1,2,0
94249,2025-08-21 11:13:29,1,2,0
94249,2025-08-21 11:08:29,1,2,0
94249,2025-08-21 11:03:29,1,2,0
94249,2025-08-21 10:58:29,1,2,0
94249,2025-08-21 10:53:29,1,2,0
94249,2025-08-21 10:48:29,1,2,0
94249,2025-08-21 10:43:29,1,2,0
94249,2025-08-21 10:38:29,1,2,0
94249,2025-08-21 10:33:29,1,2,0
94249,2025-08-21 10:28:29,1,2,0
94249,2025-08-21 10:23:29,1,2,0
94249,2025-08-21 10:18:29,1,2,0
94249,2025-08-21 10:13:29,1,2,0
94249,2025-08-21 10:08:29,1,2,0
94249,2025-08-21 10:03:29,1,2,0
94249,2025-08-21 09:58:29,1,2,0
94249,2025-08-21 09:53:29,1,2,0
94249,2025-08-21 09:48:29,1,2,0
94249,2025-08-21 09:43:29,1,2,0
94249,2025-08-21 09:38:29,1,2,0
94249,2025-08-21 09:33:29,1,2,0
94249,2025-08-21 09:28:29,1,2,0
94249,2025-08-21 09:23:29,1,2,0
94249,2025-08-21 09:18:29,1,2,0
94249,2025-08-21 09:13:29,1,2,0
94249,2025-08-21 09:08:29,1,2,0
94249,2025-08-21 09:03:29,1,2,0
94249,2025-08-21 08:58:29,1,2,0
94249,2025-08-21 08:53:29,0,2,0
94249,2025-08-21 08:48:29,0,2,0
94249,2025-08-21 08:43:29,0,2,0
94249,2025-08-21 08:38:29,0,2,0
94249,2025-08-21 08:33:29,0,2,0
94249,2025-08-21 08:28:29,0,2,0
94249,2025-08-21 08:23:29,0,2,0
94249,2025-08-21 08:18:29,0,2,0
94249,2025-08-21 08:13:29,0,2,0
94249,2025-08-21 08:08:29,0,2,0
94249,2025-08-21 08:03:29,0,2,0
94249,2025-08-21 07:58:29,0,2,0
94249,2025-08-21 07:53:29,0,2,0
94249,2025-08-21 07:48:29,0,2,0
94249,2025-08-21 07:43:29,0,2,0
94249,2025-08-21 07:38:29,0,2,0
94249,2025-08-21 07:33:29,0,2,0
94249,2025-08-21 07:28:29,0,2,0
94249,2025-08-21 07:23:29,0,2,0
94249,2025-08-21 07:18:29,0,2,0
94249,2025-08-21 07:13:29,0,2,0
94249,2025-08-21 07:08:29,0,2,0
94249,2025-08-21 07:03:29,0,2,0
94249,2025-08-21 06:58:29,0,2,0
94249,2025-08-21 06:53:29,0,2,0
94249,2025-08-21 06:48:29,0,2,0
94249,2025-08-21 06:43:29,0,2,0
94249,2025-08-21 06:38:29,0,2,0
94249,2025-08-21 06:33:29,0,2,0
94249,2025-08-21 06:28:29,0,2,0
94249,2025-08-21 06:23:29,0,2,0
94249,2025-08-21 06:18:29,0,2,0
94249,2025-08-21 06:13:29,0,2,0
94249,2025-08-21 06:08:29,0,2,0
94249,2025-08-21 06:03:29,0,2,0
94249,2025-08-21 05:58:29,0,2,0
94249,2025-08-21 05:53:29,0,2,0
94249,2025-08-21 05:48:29,0,2,0
94249,2025-08-21 05:43:29,0,2,0
94249,2025-08-21 05:38:29,0,2,0
94249,2025-08-21 05:33:29,0,2,0
94249,2025-08-21 05:28:29,0,2,0
94249,2025-08-21 05:23:29,0,2,0
94249,2025-08-21 05:18:29,0,2,0
94249,2025-08-21 05:13:29,0,2,0
94249,2025-08-21 05:08:29,0,2,0
94249,2025-08-21 05:03:29,0,2,0
94249,2025-08-21 04:58:29,0,2,0
94249,2025-08-21 04:53:29,0,2,0
94249,2025-08-21 04:48:29,0,2,0
94249,2025-08-21 04:43:30,0,2,0
94249,2025-08-21 04:38:29,0,2,0
94249,2025-08-21 04:33:29,0,2,0
94249,2025-08-21 04:28:29,0,2,0
94249,2025-08-21 04:23:29,0,2,0
94249,2025-08-21 04:18:29,0,2,0
94249,2025-08-21 04:13:29,0,2,0
94249,2025-08-21 04:08:29,0,2,0
94249,2025-08-21 04:03:29,0,2,0
94249,2025-08-21 03:58:29,0,2,0
94249,2025-08-21 03:53:29,0,2,0
94249,2025-08-21 03:48:29,0,2,0
94249,2025-08-21 03:43:29,0,2,0
94249,2025-08-21 03:38:29,0,2,0
94249,2025-08-21 03:33:29,0,2,0
94249,2025-08-21 03:28:29,0,2,0
94249,2025-08-21 03:23:29,0,2,0
94249,2025-08-21 03:18:29,0,2,0
94249,2025-08-21 03:13:29,0,2,0
94249,2025-08-21 03:08:29,0,2,0
94249,2025-08-21 03:03:29,0,2,0
94249,2025-08-21 02:58:29,0,2,0
94249,2025-08-21 02:53:29,0,2,0
94249,2025-08-21 02:48:29,0,2,0
94249,2025-08-21 02:43:29,0,2,0
94249,2025-08-21 02:38:29,0,2,0
94249,2025-08-21 02:33:29,0,2,0
94249,2025-08-21 02:28:29,0,2,0
94249,2025-08-21 02:23:29,0,2,0
94249,2025-08-21 02:18:29,0,2,0
94249,2025-08-21 02:13:29,0,2,0
94249,2025-08-21 02:08:29,0,2,0
94249,2025-08-21 02:03:29,0,2,0
94249,2025-08-21 01:58:29,0,2,0
94249,2025-08-21 01:53:29,0,2,0
94249,2025-08-21 01:48:29,0,2,0
94249,2025-08-21 01:43:29,0,2,0
94249,2025-08-21 01:38:29,0,2,0
94249,2025-08-21 01:33:29,0,2,0
94249,2025-08-21 01:28:29,0,2,0
94249,2025-08-21 01:23:29,1,2,0
94249,2025-08-21 01:18:29,1,2,0
94249,2025-08-21 01:13:29,1,2,0
94249,2025-08-21 01:08:29,1,2,0
94249,2025-08-21 01:03:29,1,2,0
94249,2025-08-21 00:58:29,1,2,0
94249,2025-08-21 00:53:29,1,2,0
94249,2025-08-21 00:48:30,1,2,0
94249,2025-08-21 00:43:29,1,2,0
94249,2025-08-21 00:38:29,1,2,0
94249,2025-08-21 00:33:29,1,2,0
94249,2025-08-21 00:28:29,1,2,0
94249,2025-08-21 00:23:29,1,2,0
94249,2025-08-21 00:18:29,1,2,0
94249,2025-08-21 00:13:29,1,2,0
94249,2025-08-21 00:08:29,1,2,0
94249,2025-08-21 00:03:30,1,2,0
94249,2025-08-20 23:58:29,0,2,0
94249,2025-08-20 23:53:29,0,2,0
94249,2025-08-20 23:48:29,0,2,0
94249,2025-08-20 23:43:29,0,2,0
94249,2025-08-20 23:38:29,0,2,0
94249,2025-08-20 23:33:29,0,2,0
94249,2025-08-20 23:28:29,0,2,0
94249,2025-08-20 23:23:29,0,2,0
94249,2025-08-20 23:18:29,0,2,0
94249,2025-08-20 23:13:29,0,2,0
94249,2025-08-20 23:08:29,0,2,0
94249,2025-08-20 23:03:29,0,2,0
94249,2025-08-20 22:58:29,0,2,0
94249,2025-08-20 22:53:29,0,2,0
94249,2025-08-20 22:48:29,0,2,0
94249,2025-08-20 22:43:30,0,2,0
94249,2025-08-20 22:38:29,0,2,0
94249,2025-08-20 22:33:29,0,2,0
94249,2025-08-20 22:28:29,0,2,0
94249,2025-08-20 22:23:29,0,2,0
94249,2025-08-20 22:18:29,0,2,0
94249,2025-08-20 22:13:29,0,2,0
94249,2025-08-20 22:08:29,0,2,0
94249,2025-08-20 22:03:29,0,2,0
94249,2025-08-20 21:58:29,0,2,0
94249,2025-08-20 21:53:29,0,2,0
94249,2025-08-20 21:48:29,0,2,0
94249,2025-08-20 21:43:29,0,2,0
94249,2025-08-20 21:38:29,1,2,0
94249,2025-08-20 21:33:29,1,2,0
94249,2025-08-20 21:28:30,1,2,0
94249,2025-08-20 21:23:29,1,2,0
94249,2025-08-20 21:18:29,1,2,0
94249,2025-08-20 21:13:29,1,2,0
94249,2025-08-20 21:08:29,1,2,0
94249,2025-08-20 21:03:29,1,2,0
94249,2025-08-20 20:58:29,1,2,0
94249,2025-08-20 20:53:29,2,2,0
94249,2025-08-20 20:48:29,2,2,0
94249,2025-08-20 20:43:29,2,2,0
94249,2025-08-20 20:38:29,2,2,0
94249,2025-08-20 20:33:29,2,2,0
94249,2025-08-20 20:28:29,2,2,0
94249,2025-08-20 20:23:29,2,2,0
94249,2025-08-20 20:18:29,2,2,0
94249,2025-08-20 20:13:29,2,2,0
94249,2025-08-20 20:08:29,2,2,0
94249,2025-08-20 20:03:29,2,2,0
94249,2025-08-20 19:58:30,2,2,0
94249,2025-08-20 19:53:29,2,2,0
94249,2025-08-20 19:48:29,2,2,0
94249,2025-08-20 19:43:29,2,2,0
94249,2025-08-20 19:38:29,2,2,0
94249,2025-08-20 19:33:29,2,2,0
94249,2025-08-20 19:28:29,2,2,0
94249,2025-08-20 19:23:30,2,2,0
94249,2025-08-20 19:18:29,2,2,0
94249,2025-08-20 19:13:29,2,2,0
94249,2025-08-20 19:08:29,2,2,0
94249,2025-08-20 19:03:29,2,2,0
94249,2025-08-20 18:58:29,1,2,0
94249,2025-08-20 18:53:29,1,2,0
94249,2025-08-20 18:48:30,1,2,0
94249,2025-08-20 18:43:29,1,2,0
94249,2025-08-20 18:38:29,1,2,0
94249,2025-08-20 18:33:29,1,2,0
94249,2025-08-20 18:28:29,1,2,0
94249,2025-08-20 18:23:29,1,2,0
94249,2025-08-20 18:18:29,1,2,0
94249,2025-08-20 18:13:29,1,2,0
94249,2025-08-20 18:08:29,1,2,0
94249,2025-08-20 18:03:29,1,2,0
94249,2025-08-20 17:58:29,1,2,0
94249,2025-08-20 17:53:29,1,2,0
94249,2025-08-20 17:48:29,1,2,0
94249,2025-08-20 17:43:29,1,2,0
94249,2025-08-20 17:38:29,1,2,0
94249,2025-08-20 17:33:29,1,2,0
94249,2025-08-20 17:30:09,0,2,0
94249,2025-08-20 17:23:29,0,2,0
94249,2025-08-20 17:18:29,0,2,0
94249,2025-08-20 17:13:32,0,2,0
94249,2025-08-20 17:08:29,0,2,0
94249,2025-08-20 17:03:29,0,2,0
94249,2025-08-20 16:58:29,0,2,0
94249,2025-08-20 16:53:29,0,2,0
94249,2025-08-20 16:48:29,0,2,0
94249,2025-08-20 16:43:29,0,2,0
94249,2025-08-20 16:38:29,0,2,0
94249,2025-08-20 16:33:29,0,2,0
94249,2025-08-20 16:28:29,0,2,0
94249,2025-08-20 16:23:29,0,2,0
94249,2025-08-20 16:18:29,0,2,0
94249,2025-08-20 16:13:29,0,2,0
94249,2025-08-20 16:08:29,0,2,0
94249,2025-08-20 16:03:30,0,2,0
94249,2025-08-20 15:58:29,0,2,0
94249,2025-08-20 15:53:29,0,2,0
94249,2025-08-20 15:48:29,0,2,0
94249,2025-08-20 15:43:29,0,2,0
94249,2025-08-20 15:38:36,0,2,0
94249,2025-08-20 15:33:29,0,2,0
94249,2025-08-20 15:28:34,0,2,0
94249,2025-08-20 15:23:29,0,2,0
94249,2025-08-20 15:18:29,0,2,0
94249,2025-08-20 15:13:29,0,2,0
94249,2025-08-20 15:08:29,0,2,0
94249,2025-08-20 15:03:29,0,2,0
94249,2025-08-20 14:58:30,0,2,0
94249,2025-08-20 14:53:29,0,2,0
94249,2025-08-20 14:48:29,0,2,0
94249,2025-08-20 14:43:29,0,2,0
94249,2025-08-20 14:38:29,0,2,0
94249,2025-08-20 14:33:29,0,2,0
94249,2025-08-20 14:28:29,0,2,0
94249,2025-08-20 14:23:29,0,2,0
94249,2025-08-20 14:18:29,0,2,0
94249,2025-08-20 14:13:29,0,2,0
94249,2025-08-20 14:08:29,0,2,0
94249,2025-08-20 14:03:29,0,2,0
94249,2025-08-20 13:58:29,0,2,0
94249,2025-08-20 13:53:29,0,2,0
94249,2025-08-20 13:48:29,0,2,0
94249,2025-08-20 13:43:29,0,2,0
94249,2025-08-20 13:38:29,0,2,0
94249,2025-08-20 13:33:29,0,2,0
94249,2025-08-20 13:28:29,0,2,0
94249,2025-08-20 13:23:30,0,2,0
94249,2025-08-20 13:18:29,0,2,0
94249,2025-08-20 13:13:29,0,2,0
94249,2025-08-20 13:08:29,0,2,0
94249,2025-08-20 13:03:29,0,2,0
94249,2025-08-20 12:58:29,0,2,0
94249,2025-08-20 12:53:29,0,2,0
94249,2025-08-20 12:48:29,0,2,0
94249,2025-08-20 12:43:29,0,2,0
94249,2025-08-20 12:38:29,0,2,0
94249,2025-08-20 12:33:29,0,2,0
94249,2025-08-20 12:28:29,0,2,0
94249,2025-08-20 12:23:29,0,2,0
94249,2025-08-20 12:18:29,0,2,0
94249,2025-08-20 12:13:29,0,2,0
94249,2025-08-20 12:08:29,0,2,0
94249,2025-08-20 12:03:29,0,2,0
94249,2025-08-20 11:58:29,0,2,0
94249,2025-08-20 11:53:29,0,2,0
94249,2025-08-20 11:48:29,0,2,0
94249,2025-08-20 11:43:29,0,2,0
94249,2025-08-20 11:38:29,0,2,0
94249,2025-08-20 11:33:29,0,2,0
94249,2025-08-20 11:28:29,0,2,0
94249,2025-08-20 11:23:29,0,2,0
94249,2025-08-20 11:18:29,0,2,0
94249,2025-08-20 11:13:29,0,2,0
94249,2025-08-20 11:08:29,0,2,0
94249,2025-08-20 11:03:29,0,2,0
94249,2025-08-20 10:58:29,0,2,0
94249,2025-08-20 10:53:29,0,2,0
94249,2025-08-20 10:48:29,0,2,0
94249,2025-08-20 10:43:29,0,2,0
94249,2025-08-20 10:38:29,0,2,0
94249,2025-08-20 10:33:29,0,2,0
94249,2025-08-20 10:28:29,0,2,0
94249,2025-08-20 10:23:29,0,2,0
94249,2025-08-20 10:18:29,0,2,0
94249,2025-08-20 10:13:29,0,2,0
94249,2025-08-20 10:08:31,0,2,0
94249,2025-08-20 10:03:29,0,2,0
94249,2025-08-20 09:58:30,0,2,0
94249,2025-08-20 09:53:29,0,2,0
94249,2025-08-20 09:48:29,0,2,0
94249,2025-08-20 09:43:29,0,2,0
94249,2025-08-20 09:38:29,0,2,0
94249,2025-08-20 09:33:29,0,2,0
94249,2025-08-20 09:28:30,0,2,0
94249,2025-08-20 09:23:29,0,2,0
94249,2025-08-20 09:18:29,0,2,0
94249,2025-08-20 09:13:29,0,2,0
94249,2025-08-20 09:08:29,0,2,0
94249,2025-08-20 09:03:29,0,2,0
94249,2025-08-20 08:58:29,0,2,0
94249,2025-08-20 08:53:29,0,2,0
94249,2025-08-20 08:48:29,0,2,0
94249,2025-08-20 08:43:29,0,2,0
94249,2025-08-20 08:38:29,0,2,0
94249,2025-08-20 08:33:29,0,2,0
94249,2025-08-20 08:28:29,0,2,0
94249,2025-08-20 08:23:29,0,2,0
94249,2025-08-20 08:18:29,0,2,0
94249,2025-08-20 08:13:29,0,2,0
94249,2025-08-20 08:08:29,0,2,0
94249,2025-08-20 08:03:29,0,2,0
94249,2025-08-20 07:58:29,0,2,0
94249,2025-08-20 07:53:29,0,2,0
94249,2025-08-20 07:48:29,0,2,0
94249,2025-08-20 07:43:29,0,2,0
94249,2025-08-20 07:38:29,0,2,0
94249,2025-08-20 07:33:29,0,2,0
94249,2025-08-20 07:28:29,0,2,0
94249,2025-08-20 07:23:29,0,2,0
94249,2025-08-20 07:18:29,0,2,0
94249,2025-08-20 07:13:29,0,2,0
94249,2025-08-20 07:08:30,0,2,0
94249,2025-08-20 07:03:30,0,2,0
94249,2025-08-20 06:58:29,0,2,0
94249,2025-08-20 06:53:29,0,2,0
94249,2025-08-20 06:48:29,0,2,0
94249,2025-08-20 06:43:29,0,2,0
94249,2025-08-20 06:38:29,1,2,0
94249,2025-08-20 06:33:29,1,2,0
94249,2025-08-20 06:28:29,1,2,0
94249,2025-08-20 06:23:29,1,2,0
94249,2025-08-20 06:18:29,1,2,0
94249,2025-08-20 06:13:29,1,2,0
94249,2025-08-20 06:08:29,1,2,0
94249,2025-08-20 06:03:29,1,2,0
94249,2025-08-20 05:58:29,1,2,0
94249,2025-08-20 05:53:29,1,2,0
94249,2025-08-20 05:48:29,1,2,0
94249,2025-08-20 05:43:29,1,2,0
94249,2025-08-20 05:38:29,1,2,0
94249,2025-08-20 05:33:30,1,2,0
94249,2025-08-20 05:28:29,1,2,0
94249,2025-08-20 05:23:29,1,2,0
94249,2025-08-20 05:18:29,1,2,0
94249,2025-08-20 05:13:29,1,2,0
94249,2025-08-20 05:08:29,1,2,0
94249,2025-08-20 05:03:29,1,2,0
94249,2025-08-20 04:58:29,1,2,0
94249,2025-08-20 04:53:29,1,2,0
94249,2025-08-20 04:48:29,1,2,0
94249,2025-08-20 04:43:29,1,2,0
94249,2025-08-20 04:38:29,1,2,0
94249,2025-08-20 04:33:29,1,2,0
94249,2025-08-20 04:28:29,1,2,0
94249,2025-08-20 04:23:29,1,2,0
94249,2025-08-20 04:18:29,1,2,0
94249,2025-08-20 04:13:29,1,2,0
94249,2025-08-20 04:08:29,1,2,0
94249,2025-08-20 04:03:29,1,2,0
94249,2025-08-20 03:58:29,1,2,0
94249,2025-08-20 03:53:29,1,2,0
94249,2025-08-20 03:48:29,1,2,0
94249,2025-08-20 03:43:29,1,2,0
94249,2025-08-20 03:38:29,1,2,0
94249,2025-08-20 03:33:29,1,2,0
94249,2025-08-20 03:28:29,1,2,0
94249,2025-08-20 03:23:29,1,2,0
94249,2025-08-20 03:18:29,1,2,0
94249,2025-08-20 03:13:29,1,2,0
94249,2025-08-20 03:08:30,1,2,0
94249,2025-08-20 03:03:30,1,2,0
94249,2025-08-20 02:58:29,1,2,0
94249,2025-08-20 02:53:29,1,2,0
94249,2025-08-20 02:48:29,1,2,0
94249,2025-08-20 02:43:29,1,2,0
94249,2025-08-20 02:38:29,1,2,0
94249,2025-08-20 02:33:29,1,2,0
94249,2025-08-20 02:28:29,1,2,0
94249,2025-08-20 02:23:29,1,2,0
94249,2025-08-20 02:18:29,0,2,0
94249,2025-08-20 02:13:29,0,2,0
94249,2025-08-20 02:08:29,0,2,0
94249,2025-08-20 02:03:29,0,2,0
94249,2025-08-20 01:58:29,0,2,0
94249,2025-08-20 01:53:29,0,2,0
94249,2025-08-20 01:48:29,0,2,0
94249,2025-08-20 01:43:29,0,2,0
94249,2025-08-20 01:38:29,0,2,0
94249,2025-08-20 01:33:29,0,2,0
94249,2025-08-20 01:28:29,0,2,0
94249,2025-08-20 01:23:29,0,2,0
94249,2025-08-20 01:18:29,0,2,0
94249,2025-08-20 01:13:29,0,2,0
94249,2025-08-20 01:08:29,0,2,0
94249,2025-08-20 01:03:29,0,2,0
94249,2025-08-20 00:58:29,0,2,0
94249,2025-08-20 00:53:29,0,2,0
94249,2025-08-20 00:48:29,0,2,0
94249,2025-08-20 00:43:29,0,2,0
94249,2025-08-20 00:38:29,0,2,0
94249,2025-08-20 00:33:29,1,2,0
94249,2025-08-20 00:28:29,1,2,0
94249,2025-08-20 00:23:29,1,2,0
94249,2025-08-20 00:18:29,0,2,0
94249,2025-08-20 00:13:29,0,2,0
94249,2025-08-20 00:08:29,0,2,0
94249,2025-08-20 00:03:29,0,2,0
94249,2025-08-19 23:58:29,0,2,0
94249,2025-08-19 23:53:29,0,2,0
94249,2025-08-19 23:48:29,0,2,0
94249,2025-08-19 23:43:29,0,2,0
94249,2025-08-19 23:38:29,0,2,0
94249,2025-08-19 23:33:29,0,2,0
94249,2025-08-19 23:28:29,0,2,0
94249,2025-08-19 23:23:29,0,2,0
94249,2025-08-19 23:18:29,0,2,0
94249,2025-08-19 23:13:29,0,2,0
94249,2025-08-19 23:08:29,0,2,0
94249,2025-08-19 23:03:29,0,2,0
94249,2025-08-19 22:58:29,1,2,0
94249,2025-08-19 22:53:37,1,2,0
94249,2025-08-19 22:48:29,1,2,0
94249,2025-08-19 22:43:29,1,2,0
94249,2025-08-19 22:38:29,1,2,0
94249,2025-08-19 22:33:29,1,2,0
94249,2025-08-19 22:28:30,1,2,0
94249,2025-08-19 22:23:29,1,2,0
94249,2025-08-19 22:18:29,1,2,0
94249,2025-08-19 22:13:29,1,2,0
94249,2025-08-19 22:08:29,1,2,0
94249,2025-08-19 22:03:29,1,2,0
94249,2025-08-19 21:58:29,2,2,0
94249,2025-08-19 21:53:29,2,2,0
94249,2025-08-19 21:48:30,2,2,0
94249,2025-08-19 21:43:29,2,2,0
94249,2025-08-19 21:38:29,2,2,0
94249,2025-08-19 21:33:30,2,2,0
94249,2025-08-19 21:28:29,2,2,0
94249,2025-08-19 21:23:29,2,2,0
94249,2025-08-19 21:18:29,2,2,0
94249,2025-08-19 21:13:29,2,2,0
94249,2025-08-19 21:08:29,2,2,0
94249,2025-08-19 21:03:29,2,2,0
94249,2025-08-19 20:58:29,2,2,0
94249,2025-08-19 20:53:29,2,2,0
94249,2025-08-19 20:48:29,2,2,0
94249,2025-08-19 20:43:29,2,2,0
94249,2025-08-19 20:38:29,2,2,0
94249,2025-08-19 20:33:29,2,2,0
94249,2025-08-19 20:28:29,2,2,0
94249,2025-08-19 20:23:29,2,2,0
94249,2025-08-19 20:18:29,2,2,0
94249,2025-08-19 20:13:29,2,2,0
94249,2025-08-19 20:08:29,2,2,0
94249,2025-08-19 20:03:29,2,2,0
94249,2025-08-19 19:58:29,2,2,0
94249,2025-08-19 19:53:29,2,2,0
94249,2025-08-19 19:48:29,2,2,0
94249,2025-08-19 19:43:29,2,2,0
94249,2025-08-19 19:38:29,2,2,0
94249,2025-08-19 19:33:30,2,2,0
94249,2025-08-19 19:28:30,2,2,0
94249,2025-08-19 19:23:30,2,2,0
94249,2025-08-19 19:18:29,2,2,0
94249,2025-08-19 19:13:29,2,2,0
94249,2025-08-19 19:08:29,2,2,0
94249,2025-08-19 19:03:29,2,2,0
94249,2025-08-19 18:58:29,2,2,0
94249,2025-08-19 18:53:29,2,2,0
94249,2025-08-19 18:48:29,2,2,0
94249,2025-08-19 18:43:29,2,2,0
94249,2025-08-19 18:38:30,2,2,0
94249,2025-08-19 18:33:29,2,2,0
94249,2025-08-19 18:28:29,2,2,0
94249,2025-08-19 18:23:29,2,2,0
94249,2025-08-19 18:18:30,2,2,0
94249,2025-08-19 18:13:29,1,2,0
94249,2025-08-19 18:08:29,1,2,0
94249,2025-08-19 18:03:29,1,2,0
94249,2025-08-19 17:58:29,1,2,0
94249,2025-08-19 17:53:29,1,2,0
94249,2025-08-19 17:48:29,1,2,0
94249,2025-08-19 17:43:29,1,2,0
94249,2025-08-19 17:38:29,1,2,0
94249,2025-08-19 17:33:29,1,2,0
94249,2025-08-19 17:28:29,1,2,0
94249,2025-08-19 17:23:29,1,2,0
94249,2025-08-19 17:18:29,1,2,0
94249,2025-08-19 17:13:29,1,2,0
94249,2025-08-19 17:08:29,1,2,0
94249,2025-08-19 17:03:29,1,2,0
94249,2025-08-19 16:58:29,1,2,0
94249,2025-08-19 16:53:29,1,2,0
94249,2025-08-19 16:48:29,1,2,0
94249,2025-08-19 16:43:29,0,2,0
94249,2025-08-19 16:38:29,0,2,0
94249,2025-08-19 16:33:29,0,2,0
94249,2025-08-19 16:28:29,0,2,0
94249,2025-08-19 16:23:29,0,2,0
94249,2025-08-19 16:18:29,1,2,0
94249,2025-08-19 16:13:29,1,2,0
94249,2025-08-19 16:08:29,1,2,0
94249,2025-08-19 16:03:29,1,2,0
94249,2025-08-19 15:58:29,1,2,0
94249,2025-08-19 15:53:29,1,2,0
94249,2025-08-19 15:48:29,1,2,0
94249,2025-08-19 15:43:29,1,2,0
94249,2025-08-19 15:38:32,1,2,0
94249,2025-08-19 15:33:29,1,2,0
94249,2025-08-19 15:28:29,1,2,0
94249,2025-08-19 15:23:29,1,2,0
94249,2025-08-19 15:18:29,1,2,0
94249,2025-08-19 15:13:29,1,2,0
94249,2025-08-19 15:08:29,1,2,0
94249,2025-08-19 15:03:29,1,2,0
94249,2025-08-19 14:58:29,1,2,0
94249,2025-08-19 14:53:29,1,2,0
94249,2025-08-19 14:48:29,1,2,0
94249,2025-08-19 14:43:29,1,2,0
94249,2025-08-19 14:38:29,1,2,0
94249,2025-08-19 14:33:29,1,2,0
94249,2025-08-19 14:28:29,1,2,0
94249,2025-08-19 14:23:29,1,2,0
94249,2025-08-19 14:18:29,1,2,0
94249,2025-08-19 14:13:29,1,2,0
94249,2025-08-19 14:08:29,1,2,0
94249,2025-08-19 14:03:29,2,2,0
94249,2025-08-19 13:58:29,2,2,0
94249,2025-08-19 13:53:29,2,2,0
94249,2025-08-19 13:48:29,2,2,0
94249,2025-08-19 13:43:29,2,2,0
94249,2025-08-19 13:38:29,2,2,0
94249,2025-08-19 13:33:29,2,2,0
94249,2025-08-19 13:28:29,2,2,0
94249,2025-08-19 13:23:29,2,2,0
94249,2025-08-19 13:18:29,2,2,0
94249,2025-08-19 13:13:29,2,2,0
94249,2025-08-19 13:08:29,2,2,0
94249,2025-08-19 13:03:29,2,2,0
94249,2025-08-19 12:58:29,2,2,0
94249,2025-08-19 12:53:29,2,2,0
94249,2025-08-19 12:48:29,2,2,0
94249,2025-08-19 12:43:30,2,2,0
94249,2025-08-19 12:38:29,2,2,0
94249,2025-08-19 12:33:29,2,2,0
94249,2025-08-19 12:28:29,2,2,0
94249,2025-08-19 12:23:29,2,2,0
94249,2025-08-19 12:18:29,2,2,0
94249,2025-08-19 12:13:29,2,2,0
94249,2025-08-19 12:08:29,2,2,0
94249,2025-08-19 12:03:30,2,2,0
94249,2025-08-19 11:58:29,2,2,0
94249,2025-08-19 11:53:29,2,2,0
94249,2025-08-19 11:48:29,2,2,0
94249,2025-08-19 11:43:29,2,2,0
94249,2025-08-19 11:38:29,2,2,0
94249,2025-08-19 11:33:29,2,2,0
94249,2025-08-19 11:28:29,1,2,0
94249,2025-08-19 11:23:29,1,2,0
94249,2025-08-19 11:18:29,1,2,0
94249,2025-08-19 11:13:29,1,2,0
94249,2025-08-19 11:08:29,1,2,0
94249,2025-08-19 11:03:29,1,2,0
94249,2025-08-19 10:58:29,1,2,0
94249,2025-08-19 10:53:29,1,2,0
94249,2025-08-19 10:48:29,2,2,0
94249,2025-08-19 10:43:29,2,2,0
94249,2025-08-19 10:38:29,2,2,0
94249,2025-08-19 10:33:29,2,2,0
94249,2025-08-19 10:28:29,2,2,0
94249,2025-08-19 10:23:29,2,2,0
94249,2025-08-19 10:18:29,2,2,0
94249,2025-08-19 10:13:29,2,2,0
94249,2025-08-19 10:08:29,2,2,0
94249,2025-08-19 10:03:29,2,2,0
94249,2025-08-19 09:58:29,2,2,0
94249,2025-08-19 09:53:29,2,2,0
94249,2025-08-19 09:48:29,2,2,0
94249,2025-08-19 09:43:29,2,2,0
94249,2025-08-19 09:38:29,2,2,0
94249,2025-08-19 09:33:29,2,2,0
94249,2025-08-19 09:28:29,2,2,0
94249,2025-08-19 09:23:29,2,2,0
94249,2025-08-19 09:18:29,2,2,0
94249,2025-08-19 09:13:29,2,2,0
94249,2025-08-19 09:08:29,2,2,0
94249,2025-08-19 09:03:29,2,2,0
94249,2025-08-19 08:58:29,2,2,0
94249,2025-08-19 08:53:29,2,2,0
94249,2025-08-19 08:48:29,2,2,0
94249,2025-08-19 08:43:29,2,2,0
94249,2025-08-19 08:38:29,2,2,0
94249,2025-08-19 08:33:29,2,2,0
94249,2025-08-19 08:28:29,2,2,0
94249,2025-08-19 08:23:30,2,2,0
94249,2025-08-19 08:18:29,2,2,0
94249,2025-08-19 08:13:29,2,2,0
94249,2025-08-19 08:08:29,2,2,0
94249,2025-08-19 08:03:30,2,2,0
94249,2025-08-19 07:58:29,2,2,0
94249,2025-08-19 07:53:29,2,2,0
94249,2025-08-19 07:48:29,2,2,0
94249,2025-08-19 07:43:30,2,2,0
94249,2025-08-19 07:38:29,2,2,0
94249,2025-08-19 07:33:29,2,2,0
94249,2025-08-19 07:28:29,2,2,0
94249,2025-08-19 07:23:29,2,2,0
94249,2025-08-19 07:18:29,2,2,0
94249,2025-08-19 07:13:29,2,2,0
94249,2025-08-19 07:08:29,2,2,0
94249,2025-08-19 07:03:29,2,2,0
94249,2025-08-19 06:58:29,2,2,0
94249,2025-08-19 06:53:29,2,2,0
94249,2025-08-19 06:48:29,2,2,0
94249,2025-08-19 06:43:35,2,2,0
94249,2025-08-19 06:38:29,2,2,0
94249,2025-08-19 06:33:29,2,2,0
94249,2025-08-19 06:28:29,2,2,0
94249,2025-08-19 06:23:29,2,2,0
94249,2025-08-19 06:18:29,2,2,0
94249,2025-08-19 06:13:29,2,2,0
94249,2025-08-19 06:08:29,2,2,0
94249,2025-08-19 06:03:29,2,2,0
94249,2025-08-19 05:58:29,2,2,0
94249,2025-08-19 05:53:29,2,2,0
94249,2025-08-19 05:48:29,2,2,0
94249,2025-08-19 05:43:29,2,2,0
94249,2025-08-19 05:38:29,2,2,0
94249,2025-08-19 05:33:29,2,2,0
94249,2025-08-19 05:28:29,2,2,0
94249,2025-08-19 05:23:29,2,2,0
94249,2025-08-19 05:18:29,2,2,0
94249,2025-08-19 05:13:29,2,2,0
94249,2025-08-19 05:08:29,1,2,0
94249,2025-08-19 05:03:29,1,2,0
94249,2025-08-19 04:58:29,1,2,0
94249,2025-08-19 04:53:29,1,2,0
94249,2025-08-19 04:48:29,1,2,0
94249,2025-08-19 04:43:29,1,2,0
94249,2025-08-19 04:38:29,1,2,0
94249,2025-08-19 04:33:29,1,2,0
94249,2025-08-19 04:28:29,1,2,0
94249,2025-08-19 04:23:29,1,2,0
94249,2025-08-19 04:18:29,1,2,0
94249,2025-08-19 04:13:29,1,2,0
94249,2025-08-19 04:08:29,1,2,0
94249,2025-08-19 04:03:29,1,2,0
94249,2025-08-19 03:58:29,1,2,0
94249,2025-08-19 03:53:29,1,2,0
94249,2025-08-19 03:48:29,1,2,0
94249,2025-08-19 03:43:29,1,2,0
94249,2025-08-19 03:38:30,1,2,0
94249,2025-08-19 03:33:29,1,2,0
94249,2025-08-19 03:28:29,1,2,0
94249,2025-08-19 03:23:29,1,2,0
94249,2025-08-19 03:18:29,1,2,0
94249,2025-08-19 03:13:29,1,2,0
94249,2025-08-19 03:08:29,1,2,0
94249,2025-08-19 03:03:30,1,2,0
94249,2025-08-19 02:58:29,1,2,0
94249,2025-08-19 02:53:29,1,2,0
94249,2025-08-19 02:48:29,1,2,0
94249,2025-08-19 02:43:29,1,2,0
94249,2025-08-19 02:38:29,1,2,0
94249,2025-08-19 02:33:29,1,2,0
94249,2025-08-19 02:28:29,1,2,0
94249,2025-08-19 02:23:29,1,2,0
94249,2025-08-19 02:18:29,1,2,0
94249,2025-08-19 02:13:29,1,2,0
94249,2025-08-19 02:08:29,1,2,0
94249,2025-08-19 02:03:29,1,2,0
94249,2025-08-19 01:58:29,1,2,0
94249,2025-08-19 01:53:29,1,2,0
94249,2025-08-19 01:48:29,2,2,0
94249,2025-08-19 01:43:29,2,2,0
94249,2025-08-19 01:38:29,2,2,0
94249,2025-08-19 01:33:29,2,2,0
94249,2025-08-19 01:28:29,2,2,0
94249,2025-08-19 01:23:29,2,2,0
94249,2025-08-19 01:18:29,2,2,0
94249,2025-08-19 01:13:29,2,2,0
94249,2025-08-19 01:08:30,2,2,0
94249,2025-08-19 01:03:29,2,2,0
94249,2025-08-19 00:58:29,2,2,0
94249,2025-08-19 00:53:29,2,2,0
94249,2025-08-19 00:48:31,2,2,0
94249,2025-08-19 00:43:29,2,2,0
94249,2025-08-19 00:38:29,2,2,0
94249,2025-08-19 00:33:30,2,2,0
94249,2025-08-19 00:28:29,2,2,0
94249,2025-08-19 00:23:29,2,2,0
94249,2025-08-19 00:18:29,2,2,0
94249,2025-08-19 00:13:29,2,2,0
94249,2025-08-19 00:08:30,2,2,0
94249,2025-08-19 00:03:29,2,2,0
94249,2025-08-18 23:58:29,2,2,0
94249,2025-08-18 23:53:29,2,2,0
94249,2025-08-18 23:48:29,2,2,0
94249,2025-08-18 23:43:29,2,2,0
94249,2025-08-18 23:38:29,2,2,0
94249,2025-08-18 23:33:29,2,2,0
94249,2025-08-18 23:28:29,2,2,0
94249,2025-08-18 23:23:29,2,2,0
94249,2025-08-18 23:18:29,2,2,0
94249,2025-08-18 23:13:29,2,2,0
94249,2025-08-18 23:08:30,2,2,0
94249,2025-08-18 23:03:29,2,2,0
94249,2025-08-18 22:58:29,2,2,0
94249,2025-08-18 22:53:29,2,2,0
94249,2025-08-18 22:48:29,2,2,0
94249,2025-08-18 22:43:29,2,2,0
94249,2025-08-18 22:38:29,2,2,0
94249,2025-08-18 22:33:29,2,2,0
94249,2025-08-18 22:28:29,2,2,0
94249,2025-08-18 22:23:29,2,2,0
94249,2025-08-18 22:18:29,2,2,0
94249,2025-08-18 22:13:30,2,2,0
94249,2025-08-18 22:08:29,2,2,0
94249,2025-08-18 22:03:29,2,2,0
94249,2025-08-18 21:58:33,2,2,0
94249,2025-08-18 21:53:29,2,2,0
94249,2025-08-18 21:48:29,2,2,0
94249,2025-08-18 21:43:29,2,2,0
94249,2025-08-18 21:38:29,2,2,0
94249,2025-08-18 21:33:29,2,2,0
94249,2025-08-18 21:28:29,2,2,0
94249,2025-08-18 21:23:33,2,2,0
94249,2025-08-18 21:18:29,2,2,0
94249,2025-08-18 21:13:29,2,2,0
94249,2025-08-18 21:08:29,2,2,0
94249,2025-08-18 21:03:29,2,2,0
94249,2025-08-18 20:58:29,2,2,0
94249,2025-08-18 20:53:30,2,2,0
94249,2025-08-18 20:48:29,2,2,0
94249,2025-08-18 20:43:29,2,2,0
94249,2025-08-18 20:38:29,2,2,0
94249,2025-08-18 20:33:29,2,2,0
94249,2025-08-18 20:28:29,2,2,0
94249,2025-08-18 20:23:29,2,2,0
94249,2025-08-18 20:18:29,2,2,0
94249,2025-08-18 20:13:29,2,2,0
94249,2025-08-18 20:08:29,2,2,0
94249,2025-08-18 20:03:29,2,2,0
94249,2025-08-18 19:58:29,2,2,0
94249,2025-08-18 19:53:30,2,2,0
94249,2025-08-18 19:48:29,2,2,0
94249,2025-08-18 19:43:29,2,2,0
94249,2025-08-18 19:38:30,2,2,0
94249,2025-08-18 19:33:29,2,2,0
94249,2025-08-18 19:28:29,2,2,0
94249,2025-08-18 19:23:29,2,2,0
94249,2025-08-18 19:18:29,2,2,0
94249,2025-08-18 19:13:29,2,2,0
94249,2025-08-18 19:08:29,2,2,0
94249,2025-08-18 19:03:29,2,2,0
94249,2025-08-18 18:58:29,2,2,0
94249,2025-08-18 18:53:29,2,2,0
94249,2025-08-18 18:48:29,2,2,0
94249,2025-08-18 18:43:29,2,2,0
94249,2025-08-18 18:38:29,2,2,0
94249,2025-08-18 18:33:29,2,2,0
94249,2025-08-18 18:28:29,2,2,0
94249,2025-08-18 18:23:29,2,2,0
94249,2025-08-18 18:18:29,2,2,0
94249,2025-08-18 18:13:29,2,2,0
94249,2025-08-18 18:08:29,2,2,0
94249,2025-08-18 18:03:29,2,2,0
94249,2025-08-18 17:58:29,2,2,0
94249,2025-08-18 17:53:29,2,2,0
94249,2025-08-18 17:48:29,2,2,0
94249,2025-08-18 17:43:29,2,2,0
94249,2025-08-18 17:38:29,2,2,0
94249,2025-08-18 17:33:30,2,2,0
94249,2025-08-18 17:28:29,2,2,0
94249,2025-08-18 17:23:31,2,2,0
94249,2025-08-18 17:18:29,2,2,0
94249,2025-08-18 17:13:29,2,2,0
94249,2025-08-18 17:08:30,2,2,0
94249,2025-08-18 17:03:30,2,2,0
94249,2025-08-18 16:58:29,2,2,0
94249,2025-08-18 16:53:30,2,2,0
94249,2025-08-18 16:48:30,2,2,0
94249,2025-08-18 16:43:30,2,2,0
94249,2025-08-18 16:38:33,1,2,0
94249,2025-08-18 16:33:29,1,2,0
94249,2025-08-18 16:30:14,1,2,0
94249,2025-08-18 16:23:30,1,2,0
94249,2025-08-18 16:18:31,1,2,0
94249,2025-08-18 16:13:30,1,2,0
94249,2025-08-18 16:08:29,1,2,0
94249,2025-08-18 16:03:29,1,2,0
94249,2025-08-18 15:58:29,1,2,0
94249,2025-08-18 15:53:29,1,2,0
94249,2025-08-18 15:48:30,1,2,0
94249,2025-08-18 15:43:46,1,2,0
94249,2025-08-18 15:40:09,1,2,0
94249,2025-08-18 15:33:44,1,2,0
94249,2025-08-18 15:28:29,1,2,0
94249,2025-08-18 15:23:29,1,2,0
94249,2025-08-18 15:18:30,1,2,0
94249,2025-08-18 15:13:29,1,2,0
94249,2025-08-18 15:08:29,1,2,0
94249,2025-08-18 15:03:29,1,2,0
94249,2025-08-18 14:58:29,1,2,0
94249,2025-08-18 14:53:29,1,2,0
94249,2025-08-18 14:48:29,1,2,0
94249,2025-08-18 14:43:29,1,2,0
94249,2025-08-18 14:38:29,1,2,0
94249,2025-08-18 14:33:29,1,2,0
94249,2025-08-18 14:28:29,1,2,0
94249,2025-08-18 14:23:29,1,2,0
94249,2025-08-18 14:18:29,1,2,0
94249,2025-08-18 14:13:29,1,2,0
94249,2025-08-18 14:08:29,1,2,0
94249,2025-08-18 14:03:29,1,2,0
94249,2025-08-18 13:58:29,1,2,0
94249,2025-08-18 13:53:29,1,2,0
94249,2025-08-18 13:48:29,1,2,0
94249,2025-08-18 13:43:29,1,2,0
94249,2025-08-18 13:38:29,2,2,0
94249,2025-08-18 13:33:29,2,2,0
94249,2025-08-18 13:28:29,2,2,0
94249,2025-08-18 13:23:29,2,2,0
94249,2025-08-18 13:18:29,2,2,0
94249,2025-08-18 13:13:30,2,2,0
94249,2025-08-18 13:08:29,2,2,0
94249,2025-08-18 13:03:29,2,2,0
94249,2025-08-18 12:58:29,2,2,0
94249,2025-08-18 12:53:29,2,2,0
94249,2025-08-18 12:48:29,2,2,0
94249,2025-08-18 12:43:29,2,2,0
94249,2025-08-18 12:38:29,2,2,0
94249,2025-08-18 12:33:29,2,2,0
94249,2025-08-18 12:28:29,1,2,0
94249,2025-08-18 12:23:29,1,2,0
94249,2025-08-18 12:18:29,1,2,0
94249,2025-08-18 12:13:29,1,2,0
94249,2025-08-18 12:08:29,1,2,0
94249,2025-08-18 12:03:29,1,2,0
94249,2025-08-18 11:58:29,1,2,0
94249,2025-08-18 11:53:29,1,2,0
94249,2025-08-18 11:48:29,1,2,0
94249,2025-08-18 11:43:29,1,2,0
94249,2025-08-18 11:38:30,1,2,0
94249,2025-08-18 11:33:29,1,2,0
94249,2025-08-18 11:28:29,1,2,0
94249,2025-08-18 11:23:29,1,2,0
94249,2025-08-18 11:18:29,1,2,0
94249,2025-08-18 11:13:29,1,2,0
94249,2025-08-18 11:08:29,1,2,0
94249,2025-08-18 11:03:29,1,2,0
94249,2025-08-18 10:58:29,1,2,0
94249,2025-08-18 10:53:29,1,2,0
94249,2025-08-18 10:48:29,1,2,0
94249,2025-08-18 10:43:29,2,2,0
94249,2025-08-18 10:38:29,2,2,0
94249,2025-08-18 10:33:29,2,2,0
94249,2025-08-18 10:28:29,2,2,0
94249,2025-08-18 10:23:29,2,2,0
94249,2025-08-18 10:18:29,2,2,0
94249,2025-08-18 10:13:29,2,2,0
94249,2025-08-18 10:08:29,2,2,0
94249,2025-08-18 10:03:29,2,2,0
94249,2025-08-18 09:58:29,2,2,0
94249,2025-08-18 09:53:29,2,2,0
94249,2025-08-18 09:48:29,2,2,0
94249,2025-08-18 09:43:29,2,2,0
94249,2025-08-18 09:38:29,2,2,0
94249,2025-08-18 09:33:31,2,2,0
94249,2025-08-18 09:28:29,2,2,0
94249,2025-08-18 09:23:29,2,2,0
94249,2025-08-18 09:18:29,2,2,0
94249,2025-08-18 09:13:29,2,2,0
94249,2025-08-18 09:08:29,2,2,0
94249,2025-08-18 09:03:29,2,2,0
94249,2025-08-18 08:58:29,2,2,0
94249,2025-08-18 08:53:29,2,2,0
94249,2025-08-18 08:48:29,2,2,0
94249,2025-08-18 08:43:29,2,2,0
94249,2025-08-18 08:38:29,2,2,0
94249,2025-08-18 08:33:29,2,2,0
94249,2025-08-18 08:28:29,2,2,0
94249,2025-08-18 08:23:29,2,2,0
94249,2025-08-18 08:18:29,2,2,0
94249,2025-08-18 08:13:29,2,2,0
94249,2025-08-18 08:08:29,2,2,0
94249,2025-08-18 08:03:29,2,2,0
94249,2025-08-18 07:58:29,2,2,0
94249,2025-08-18 07:53:29,2,2,0
94249,2025-08-18 07:48:29,2,2,0
94249,2025-08-18 07:43:29,2,2,0
94249,2025-08-18 07:38:29,2,2,0
94249,2025-08-18 07:33:29,2,2,0
94249,2025-08-18 07:28:29,2,2,0
94249,2025-08-18 07:23:29,2,2,0
94249,2025-08-18 07:18:29,2,2,0
94249,2025-08-18 07:13:29,2,2,0
94249,2025-08-18 07:08:29,2,2,0
94249,2025-08-18 07:03:29,2,2,0
94249,2025-08-18 06:58:29,2,2,0
94249,2025-08-18 06:53:29,2,2,0
94249,2025-08-18 06:48:29,2,2,0
94249,2025-08-18 06:43:29,2,2,0
94249,2025-08-18 06:38:29,2,2,0
94249,2025-08-18 06:33:29,2,2,0
94249,2025-08-18 06:28:29,2,2,0
94249,2025-08-18 06:23:29,2,2,0
94249,2025-08-18 06:18:29,2,2,0
94249,2025-08-18 06:13:29,2,2,0
94249,2025-08-18 06:08:29,2,2,0
94249,2025-08-18 06:03:29,2,2,0
94249,2025-08-18 05:58:29,2,2,0
94249,2025-08-18 05:53:29,2,2,0
94249,2025-08-18 05:48:29,2,2,0
94249,2025-08-18 05:43:29,2,2,0
94249,2025-08-18 05:38:29,2,2,0
94249,2025-08-18 05:33:29,2,2,0
94249,2025-08-18 05:28:29,2,2,0
94249,2025-08-18 05:23:29,2,2,0
94249,2025-08-18 05:18:29,2,2,0
94249,2025-08-18 05:13:29,2,2,0
94249,2025-08-18 05:08:30,2,2,0
94249,2025-08-18 05:03:30,2,2,0
94249,2025-08-18 04:58:30,2,2,0
94249,2025-08-18 04:53:29,2,2,0
94249,2025-08-18 04:48:29,2,2,0
94249,2025-08-18 04:43:29,2,2,0
94249,2025-08-18 04:38:29,2,2,0
94249,2025-08-18 04:33:29,2,2,0
94249,2025-08-18 04:28:30,2,2,0
94249,2025-08-18 04:23:30,2,2,0
94249,2025-08-18 04:18:29,2,2,0
94249,2025-08-18 04:13:40,2,2,0
94249,2025-08-18 04:08:29,2,2,0
94249,2025-08-18 04:03:29,2,2,0
94249,2025-08-18 03:58:29,2,2,0
94249,2025-08-18 03:53:29,2,2,0
94249,2025-08-18 03:48:29,2,2,0
94249,2025-08-18 03:43:29,2,2,0
94249,2025-08-18 03:38:29,2,2,0
94249,2025-08-18 03:33:29,2,2,0
94249,2025-08-18 03:28:29,2,2,0
94249,2025-08-18 03:23:29,2,2,0
94249,2025-08-18 03:18:29,2,2,0
94249,2025-08-18 03:13:29,2,2,0
94249,2025-08-18 03:08:31,2,2,0
94249,2025-08-18 03:03:29,2,2,0
94249,2025-08-18 02:58:29,2,2,0
94249,2025-08-18 02:53:29,2,2,0
94249,2025-08-18 02:48:29,2,2,0
94249,2025-08-18 02:43:29,2,2,0
94249,2025-08-18 02:38:29,2,2,0
94249,2025-08-18 02:33:29,2,2,0
94249,2025-08-18 02:28:29,2,2,0
94249,2025-08-18 02:23:29,1,2,0
94249,2025-08-18 02:18:29,1,2,0
94249,2025-08-18 02:13:29,1,2,0
94249,2025-08-18 02:08:29,1,2,0
94249,2025-08-18 02:03:29,1,2,0
94249,2025-08-18 01:58:29,1,2,0
94249,2025-08-18 01:53:29,1,2,0
94249,2025-08-18 01:48:29,1,2,0
94249,2025-08-18 01:43:29,1,2,0
94249,2025-08-18 01:38:29,1,2,0
94249,2025-08-18 01:33:29,1,2,0
94249,2025-08-18 01:28:29,1,2,0
94249,2025-08-18 01:23:29,1,2,0
94249,2025-08-18 01:18:29,1,2,0
94249,2025-08-18 01:13:29,1,2,0
94249,2025-08-18 01:08:29,1,2,0
94249,2025-08-18 01:03:29,1,2,0
94249,2025-08-18 00:58:29,1,2,0
94249,2025-08-18 00:53:29,1,2,0
94249,2025-08-18 00:48:29,1,2,0
94249,2025-08-18 00:43:29,1,2,0
94249,2025-08-18 00:38:29,1,2,0
94249,2025-08-18 00:33:29,1,2,0
94249,2025-08-18 00:28:29,1,2,0
94249,2025-08-18 00:23:30,1,2,0
94249,2025-08-18 00:18:29,1,2,0
94249,2025-08-18 00:13:29,1,2,0
94249,2025-08-18 00:08:29,1,2,0
94249,2025-08-18 00:03:29,1,2,0
94249,2025-08-17 23:58:29,1,2,0
94249,2025-08-17 23:53:29,1,2,0
94249,2025-08-17 23:48:29,1,2,0
94249,2025-08-17 23:43:29,1,2,0
94249,2025-08-17 23:38:29,0,2,0
94249,2025-08-17 23:33:29,0,2,0
94249,2025-08-17 23:28:29,0,2,0
94249,2025-08-17 23:23:29,0,2,0
94249,2025-08-17 23:18:29,0,2,0
94249,2025-08-17 23:13:29,0,2,0
94249,2025-08-17 23:08:29,0,2,0
94249,2025-08-17 23:03:29,0,2,0
94249,2025-08-17 22:58:29,0,2,0
94249,2025-08-17 22:53:29,0,2,0
94249,2025-08-17 22:48:29,0,2,0
94249,2025-08-17 22:43:29,0,2,0
94249,2025-08-17 22:38:30,0,2,0
94249,2025-08-17 22:33:29,0,2,0
94249,2025-08-17 22:28:29,0,2,0
94249,2025-08-17 22:23:29,0,2,0
94249,2025-08-17 22:18:29,0,2,0
94249,2025-08-17 22:13:30,0,2,0
94249,2025-08-17 22:08:31,1,2,0
94249,2025-08-17 22:03:29,1,2,0
94249,2025-08-17 21:58:29,1,2,0
94249,2025-08-17 21:53:29,1,2,0
94249,2025-08-17 21:48:29,1,2,0
94249,2025-08-17 21:43:29,1,2,0
94249,2025-08-17 21:38:29,1,2,0
94249,2025-08-17 21:33:29,1,2,0
94249,2025-08-17 21:28:29,1,2,0
94249,2025-08-17 21:23:29,1,2,0
94249,2025-08-17 21:18:29,1,2,0
94249,2025-08-17 21:13:29,1,2,0
94249,2025-08-17 21:08:29,0,2,0
94249,2025-08-17 21:03:30,1,2,0
94249,2025-08-17 20:58:29,1,2,0
94249,2025-08-17 20:53:30,1,2,0
94249,2025-08-17 20:48:29,1,2,0
94249,2025-08-17 20:43:29,1,2,0
94249,2025-08-17 20:38:29,1,2,0
94249,2025-08-17 20:33:29,0,2,0
94249,2025-08-17 20:28:29,0,2,0
94249,2025-08-17 20:23:29,0,2,0
94249,2025-08-17 20:18:29,0,2,0
94249,2025-08-17 20:13:29,0,2,0
94249,2025-08-17 20:08:29,0,2,0
94249,2025-08-17 20:03:29,0,2,0
94249,2025-08-17 19:58:29,0,2,0
94249,2025-08-17 19:53:29,0,2,0
94249,2025-08-17 19:48:29,0,2,0
94249,2025-08-17 19:43:29,0,2,0
94249,2025-08-17 19:38:30,0,2,0
94249,2025-08-17 19:33:29,0,2,0
94249,2025-08-17 19:28:29,0,2,0
94249,2025-08-17 19:23:29,0,2,0
94249,2025-08-17 19:18:29,0,2,0
94249,2025-08-17 19:13:29,0,2,0
94249,2025-08-17 19:08:29,0,2,0
94249,2025-08-17 19:03:29,0,2,0
94249,2025-08-17 18:58:29,0,2,0
94249,2025-08-17 18:53:29,0,2,0
94249,2025-08-17 18:48:29,0,2,0
94249,2025-08-17 18:43:29,0,2,0
94249,2025-08-17 18:38:29,0,2,0
94249,2025-08-17 18:33:29,0,2,0
94249,2025-08-17 18:28:29,0,2,0
94249,2025-08-17 18:23:29,0,2,0
94249,2025-08-17 18:18:29,0,2,0
94249,2025-08-17 18:13:29,1,2,0
94249,2025-08-17 18:08:29,0,2,0
94249,2025-08-17 18:03:29,0,2,0
94249,2025-08-17 17:58:29,0,2,0
94249,2025-08-17 17:53:29,0,2,0
94249,2025-08-17 17:48:29,0,2,0
94249,2025-08-17 17:43:29,0,2,0
94249,2025-08-17 17:38:29,0,2,0
94249,2025-08-17 17:33:29,0,2,0
94249,2025-08-17 17:28:31,0,2,0
94249,2025-08-17 17:23:29,0,2,0
94249,2025-08-17 17:18:29,0,2,0
94249,2025-08-17 17:13:29,0,2,0
94249,2025-08-17 17:08:29,0,2,0
94249,2025-08-17 17:03:30,0,2,0
94249,2025-08-17 16:58:29,0,2,0
94249,2025-08-17 16:53:29,0,2,0
94249,2025-08-17 16:48:29,0,2,0
94249,2025-08-17 16:43:29,0,2,0
94249,2025-08-17 16:38:29,0,2,0
94249,2025-08-17 16:33:29,0,2,0
94249,2025-08-17 16:28:29,0,2,0
94249,2025-08-17 16:23:29,0,2,0
94249,2025-08-17 16:18:29,0,2,0
94249,2025-08-17 16:13:29,0,2,0
94249,2025-08-17 16:08:29,0,2,0
94249,2025-08-17 16:03:29,0,2,0
94249,2025-08-17 15:58:29,0,2,0
94249,2025-08-17 15:53:29,1,2,0
94249,2025-08-17 15:48:29,1,2,0
94249,2025-08-17 15:43:29,1,2,0
94249,2025-08-17 15:38:29,1,2,0
94249,2025-08-17 15:33:29,1,2,0
94249,2025-08-17 15:28:29,1,2,0
94249,2025-08-17 15:23:29,1,2,0
94249,2025-08-17 15:18:29,1,2,0
94249,2025-08-17 15:13:29,1,2,0
94249,2025-08-17 15:08:29,1,2,0
94249,2025-08-17 15:03:29,1,2,0
94249,2025-08-17 14:58:29,1,2,0
94249,2025-08-17 14:53:29,1,2,0
94249,2025-08-17 14:48:29,1,2,0
94249,2025-08-17 14:43:29,1,2,0
94249,2025-08-17 14:38:29,0,2,0
94249,2025-08-17 14:33:29,0,2,0
94249,2025-08-17 14:28:29,0,2,0
94249,2025-08-17 14:23:29,0,2,0
94249,2025-08-17 14:18:29,0,2,0
94249,2025-08-17 14:13:29,0,2,0
94249,2025-08-17 14:08:29,0,2,0
94249,2025-08-17 14:03:29,0,2,0
94249,2025-08-17 13:58:29,0,2,0
94249,2025-08-17 13:53:29,0,2,0
94249,2025-08-17 13:48:29,0,2,0
94249,2025-08-17 13:43:29,0,2,0
94249,2025-08-17 13:38:29,0,2,0
94249,2025-08-17 13:33:29,0,2,0
94249,2025-08-17 13:28:29,1,2,0
94249,2025-08-17 13:23:29,1,2,0
94249,2025-08-17 13:18:29,1,2,0
94249,2025-08-17 13:13:29,1,2,0
94249,2025-08-17 13:08:29,1,2,0
94249,2025-08-17 13:03:29,1,2,0
94249,2025-08-17 12:58:29,1,2,0
94249,2025-08-17 12:53:29,1,2,0
94249,2025-08-17 12:48:29,1,2,0
94249,2025-08-17 12:43:29,1,2,0
94249,2025-08-17 12:38:29,1,2,0
94249,2025-08-17 12:33:29,1,2,0
94249,2025-08-17 12:28:29,1,2,0
94249,2025-08-17 12:23:29,1,2,0
94249,2025-08-17 12:18:29,1,2,0
94249,2025-08-17 12:13:29,1,2,0
94249,2025-08-17 12:08:29,1,2,0
94249,2025-08-17 12:03:29,1,2,0
94249,2025-08-17 11:58:29,1,2,0
94249,2025-08-17 11:53:29,1,2,0
94249,2025-08-17 11:48:29,1,2,0
94249,2025-08-17 11:43:29,1,2,0
94249,2025-08-17 11:38:29,1,2,0
94249,2025-08-17 11:33:29,1,2,0
94249,2025-08-17 11:28:29,1,2,0
94249,2025-08-17 11:23:29,1,2,0
94249,2025-08-17 11:18:29,1,2,0
94249,2025-08-17 11:13:30,1,2,0
94249,2025-08-17 11:08:29,1,2,0
94249,2025-08-17 11:03:29,1,2,0
94249,2025-08-17 10:58:29,1,2,0
94249,2025-08-17 10:53:29,1,2,0
94249,2025-08-17 10:48:29,1,2,0
94249,2025-08-17 10:43:29,1,2,0
94249,2025-08-17 10:38:29,1,2,0
94249,2025-08-17 10:33:29,1,2,0
94249,2025-08-17 10:28:29,1,2,0
94249,2025-08-17 10:23:29,1,2,0
94249,2025-08-17 10:18:29,1,2,0
94249,2025-08-17 10:13:29,1,2,0
94249,2025-08-17 10:08:29,1,2,0
94249,2025-08-17 10:03:29,1,2,0
94249,2025-08-17 09:58:29,1,2,0
94249,2025-08-17 09:53:29,1,2,0
94249,2025-08-17 09:48:29,1,2,0
94249,2025-08-17 09:43:29,1,2,0
94249,2025-08-17 09:38:29,1,2,0
94249,2025-08-17 09:33:29,1,2,0
94249,2025-08-17 09:28:29,1,2,0
94249,2025-08-17 09:23:29,2,2,0
94249,2025-08-17 09:18:29,2,2,0
94249,2025-08-17 09:13:29,2,2,0
94249,2025-08-17 09:08:29,2,2,0
94249,2025-08-17 09:03:29,2,2,0
94249,2025-08-17 08:58:29,1,2,0
94249,2025-08-17 08:53:29,1,2,0
94249,2025-08-17 08:48:29,1,2,0
94249,2025-08-17 08:43:29,1,2,0
94249,2025-08-17 08:38:29,1,2,0
94249,2025-08-17 08:33:29,1,2,0
94249,2025-08-17 08:28:32,1,2,0
94249,2025-08-17 08:23:29,1,2,0
94249,2025-08-17 08:18:29,1,2,0
94249,2025-08-17 08:13:29,1,2,0
94249,2025-08-17 08:08:29,1,2,0
94249,2025-08-17 08:03:29,1,2,0
94249,2025-08-17 07:58:29,1,2,0
94249,2025-08-17 07:53:29,1,2,0
94249,2025-08-17 07:48:29,1,2,0
94249,2025-08-17 07:43:29,1,2,0
94249,2025-08-17 07:38:29,1,2,0
94249,2025-08-17 07:33:29,1,2,0
94249,2025-08-17 07:28:29,1,2,0
94249,2025-08-17 07:23:29,1,2,0
94249,2025-08-17 07:18:29,1,2,0
94249,2025-08-17 07:13:29,1,2,0
94249,2025-08-17 07:08:29,1,2,0
94249,2025-08-17 07:03:29,1,2,0
94249,2025-08-17 06:58:29,1,2,0
94249,2025-08-17 06:53:29,1,2,0
94249,2025-08-17 06:48:29,1,2,0
94249,2025-08-17 06:43:29,1,2,0
94249,2025-08-17 06:38:29,2,2,0
94249,2025-08-17 06:33:30,2,2,0
94249,2025-08-17 06:28:29,2,2,0
94249,2025-08-17 06:23:29,2,2,0
94249,2025-08-17 06:18:29,2,2,0
94249,2025-08-17 06:13:29,2,2,0
94249,2025-08-17 06:08:29,2,2,0
94249,2025-08-17 06:03:29,2,2,0
94249,2025-08-17 05:58:30,2,2,0
94249,2025-08-17 05:53:29,1,2,0
94249,2025-08-17 05:48:29,1,2,0
94249,2025-08-17 05:43:29,1,2,0
94249,2025-08-17 05:38:29,1,2,0
94249,2025-08-17 05:33:29,0,2,0
94249,2025-08-17 05:28:29,0,2,0
94249,2025-08-17 05:23:29,0,2,0
94249,2025-08-17 05:18:29,0,2,0
94249,2025-08-17 05:13:29,0,2,0
94249,2025-08-17 05:08:29,0,2,0
94249,2025-08-17 05:03:29,0,2,0
94249,2025-08-17 04:58:29,0,2,0
94249,2025-08-17 04:53:29,0,2,0
94249,2025-08-17 04:48:29,0,2,0
94249,2025-08-17 04:43:29,0,2,0
94249,2025-08-17 04:38:29,0,2,0
94249,2025-08-17 04:33:29,0,2,0
94249,2025-08-17 04:28:29,0,2,0
94249,2025-08-17 04:23:29,0,2,0
94249,2025-08-17 04:18:29,0,2,0
94249,2025-08-17 04:13:29,0,2,0
94249,2025-08-17 04:08:29,0,2,0
94249,2025-08-17 04:03:29,0,2,0
94249,2025-08-17 03:58:29,0,2,0
94249,2025-08-17 03:53:29,0,2,0
94249,2025-08-17 03:48:29,0,2,0
94249,2025-08-17 03:43:29,0,2,0
94249,2025-08-17 03:38:29,0,2,0
94249,2025-08-17 03:33:29,0,2,0
94249,2025-08-17 03:28:29,0,2,0
94249,2025-08-17 03:23:29,0,2,0
94249,2025-08-17 03:18:29,0,2,0
94249,2025-08-17 03:13:29,0,2,0
94249,2025-08-17 03:08:29,0,2,0
94249,2025-08-17 03:03:29,0,2,0
94249,2025-08-17 02:58:29,0,2,0
94249,2025-08-17 02:53:29,0,2,0
94249,2025-08-17 02:48:29,0,2,0
94249,2025-08-17 02:43:29,0,2,0
94249,2025-08-17 02:38:29,0,2,0
94249,2025-08-17 02:33:29,0,2,0
94249,2025-08-17 02:28:29,0,2,0
94249,2025-08-17 02:23:30,1,2,0
94249,2025-08-17 02:18:29,1,2,0
94249,2025-08-17 02:13:29,1,2,0
94249,2025-08-17 02:08:29,1,2,0
94249,2025-08-17 02:03:29,1,2,0
94249,2025-08-17 01:58:29,1,2,0
94249,2025-08-17 01:53:29,1,2,0
94249,2025-08-17 01:48:29,1,2,0
94249,2025-08-17 01:43:29,1,2,0
94249,2025-08-17 01:38:29,2,2,0
94249,2025-08-17 01:33:29,2,2,0
94249,2025-08-17 01:28:29,2,2,0
94249,2025-08-17 01:23:29,2,2,0
94249,2025-08-17 01:18:29,2,2,0
94249,2025-08-17 01:13:29,2,2,0
94249,2025-08-17 01:08:29,2,2,0
94249,2025-08-17 01:03:29,2,2,0
94249,2025-08-17 00:58:29,2,2,0
94249,2025-08-17 00:53:29,2,2,0
94249,2025-08-17 00:48:29,2,2,0
94249,2025-08-17 00:43:29,2,2,0
94249,2025-08-17 00:38:29,2,2,0
94249,2025-08-17 00:33:29,2,2,0
94249,2025-08-17 00:28:29,2,2,0
94249,2025-08-17 00:23:29,2,2,0
94249,2025-08-17 00:18:29,2,2,0
94249,2025-08-17 00:13:29,2,2,0
94249,2025-08-17 00:08:29,2,2,0
94249,2025-08-17 00:04:26,2,2,0
94249,2025-08-16 23:58:29,2,2,0
94249,2025-08-16 23:53:29,2,2,0
94249,2025-08-16 23:48:29,2,2,0
94249,2025-08-16 23:43:29,2,2,0
94249,2025-08-16 23:38:29,2,2,0
94249,2025-08-16 23:33:29,2,2,0
94249,2025-08-16 23:28:29,1,2,0
94249,2025-08-16 23:23:29,1,2,0
94249,2025-08-16 23:18:29,1,2,0
94249,2025-08-16 23:13:29,1,2,0
94249,2025-08-16 23:08:29,1,2,0
94249,2025-08-16 23:03:30,1,2,0
94249,2025-08-16 22:58:29,1,2,0
94249,2025-08-16 22:53:29,1,2,0
94249,2025-08-16 22:48:29,1,2,0
94249,2025-08-16 22:43:29,1,2,0
94249,2025-08-16 22:38:29,1,2,0
94249,2025-08-16 22:33:29,1,2,0
94249,2025-08-16 22:28:29,1,2,0
94249,2025-08-16 22:23:29,1,2,0
94249,2025-08-16 22:18:29,1,2,0
94249,2025-08-16 22:13:29,1,2,0
94249,2025-08-16 22:08:29,1,2,0
94249,2025-08-16 22:03:29,1,2,0
94249,2025-08-16 21:59:55,1,2,0
94249,2025-08-16 21:53:29,2,2,0
94249,2025-08-16 21:48:29,2,2,0
94249,2025-08-16 21:43:29,2,2,0
94249,2025-08-16 21:38:29,2,2,0
94249,2025-08-16 21:33:29,1,2,0
94249,2025-08-16 21:28:29,1,2,0
94249,2025-08-16 21:23:29,1,2,0
94249,2025-08-16 21:18:29,1,2,0
94249,2025-08-16 21:13:29,1,2,0
94249,2025-08-16 21:08:29,1,2,0
94249,2025-08-16 21:03:29,1,2,0
94249,2025-08-16 20:58:29,1,2,0
94249,2025-08-16 20:53:29,1,2,0
94249,2025-08-16 20:48:29,1,2,0
94249,2025-08-16 20:43:29,1,2,0
94249,2025-08-16 20:38:30,1,2,0
94249,2025-08-16 20:33:29,0,2,0
94249,2025-08-16 20:28:29,0,2,0
94249,2025-08-16 20:23:29,0,2,0
94249,2025-08-16 20:18:29,0,2,0
94249,2025-08-16 20:13:30,0,2,0
94249,2025-08-16 20:08:29,0,2,0
94249,2025-08-16 20:03:29,0,2,0
94249,2025-08-16 19:58:29,0,2,0
94249,2025-08-16 19:53:29,0,2,0
94249,2025-08-16 19:48:29,0,2,0
94249,2025-08-16 19:43:29,0,2,0
94249,2025-08-16 19:38:29,0,2,0
94249,2025-08-16 19:33:29,0,2,0
94249,2025-08-16 19:28:29,0,2,0
94249,2025-08-16 19:23:29,0,2,0
94249,2025-08-16 19:18:29,0,2,0
94249,2025-08-16 19:13:29,0,2,0
94249,2025-08-16 19:08:29,0,2,0
94249,2025-08-16 19:03:29,0,2,0
94249,2025-08-16 18:58:29,0,2,0
94249,2025-08-16 18:53:29,0,2,0
94249,2025-08-16 18:48:29,0,2,0
94249,2025-08-16 18:43:29,0,2,0
94249,2025-08-16 18:38:29,0,2,0
94249,2025-08-16 18:33:29,0,2,0
94249,2025-08-16 18:28:30,0,2,0
94249,2025-08-16 18:23:29,0,2,0
94249,2025-08-16 18:18:30,0,2,0
94249,2025-08-16 18:13:29,0,2,0
94249,2025-08-16 18:08:29,0,2,0
94249,2025-08-16 18:03:29,0,2,0
94249,2025-08-16 17:58:29,0,2,0
94249,2025-08-16 17:53:29,0,2,0
94249,2025-08-16 17:48:29,0,2,0
94249,2025-08-16 17:43:31,0,2,0
94249,2025-08-16 17:38:29,0,2,0
94249,2025-08-16 17:33:29,0,2,0
94249,2025-08-16 17:28:29,0,2,0
94249,2025-08-16 17:23:29,0,2,0
94249,2025-08-16 17:18:29,0,2,0
94249,2025-08-16 17:13:29,0,2,0
94249,2025-08-16 17:08:29,0,2,0
94249,2025-08-16 17:03:29,0,2,0
94249,2025-08-16 16:58:29,0,2,0
94249,2025-08-16 16:53:29,0,2,0
94249,2025-08-16 16:48:30,0,2,0
94249,2025-08-16 16:43:29,0,2,0
94249,2025-08-16 16:38:29,0,2,0
94249,2025-08-16 16:33:29,0,2,0
94249,2025-08-16 16:28:30,0,2,0
94249,2025-08-16 16:23:29,0,2,0
94249,2025-08-16 16:18:29,0,2,0
94249,2025-08-16 16:13:29,0,2,0
94249,2025-08-16 16:08:29,0,2,0
94249,2025-08-16 16:03:29,0,2,0
94249,2025-08-16 15:58:29,0,2,0
94249,2025-08-16 15:53:29,1,2,0
94249,2025-08-16 15:48:29,1,2,0
94249,2025-08-16 15:43:29,1,2,0
94249,2025-08-16 15:38:29,1,2,0
94249,2025-08-16 15:33:29,1,2,0
94249,2025-08-16 15:28:29,1,2,0
94249,2025-08-16 15:23:29,1,2,0
94249,2025-08-16 15:18:29,1,2,0
94249,2025-08-16 15:13:29,1,2,0
94249,2025-08-16 15:08:31,1,2,0
94249,2025-08-16 15:03:29,1,2,0
94249,2025-08-16 14:58:29,1,2,0
94249,2025-08-16 14:53:29,1,2,0
94249,2025-08-16 14:48:29,1,2,0
94249,2025-08-16 14:43:29,1,2,0
94249,2025-08-16 14:38:29,1,2,0
94249,2025-08-16 14:33:29,1,2,0
94249,2025-08-16 14:28:29,1,2,0
94249,2025-08-16 14:23:29,1,2,0
94249,2025-08-16 14:18:29,1,2,0
94249,2025-08-16 14:13:29,1,2,0
94249,2025-08-16 14:08:29,1,2,0
94249,2025-08-16 14:03:29,1,2,0
94249,2025-08-16 13:58:29,1,2,0
94249,2025-08-16 13:53:29,1,2,0
94249,2025-08-16 13:48:29,0,2,0
94249,2025-08-16 13:43:29,0,2,0
94249,2025-08-16 13:38:29,0,2,0
94249,2025-08-16 13:33:29,0,2,0
94249,2025-08-16 13:28:30,0,2,0
94249,2025-08-16 13:23:29,0,2,0
94249,2025-08-16 13:18:30,0,2,0
94249,2025-08-16 13:13:30,0,2,0
94249,2025-08-16 13:08:29,0,2,0
94249,2025-08-16 13:03:29,0,2,0
94249,2025-08-16 12:58:29,0,2,0
94249,2025-08-16 12:53:29,0,2,0
94249,2025-08-16 12:48:29,0,2,0
94249,2025-08-16 12:43:29,0,2,0
94249,2025-08-16 12:38:29,0,2,0
94249,2025-08-16 12:33:29,0,2,0
94249,2025-08-16 12:28:29,0,2,0
94249,2025-08-16 12:23:29,1,2,0
94249,2025-08-16 12:18:29,1,2,0
94249,2025-08-16 12:13:29,1,2,0
94249,2025-08-16 12:08:29,1,2,0
94249,2025-08-16 12:03:29,1,2,0
94249,2025-08-16 11:58:29,1,2,0
94249,2025-08-16 11:53:29,1,2,0
94249,2025-08-16 11:48:29,0,2,0
94249,2025-08-16 11:43:29,0,2,0
94249,2025-08-16 11:38:29,0,2,0
94249,2025-08-16 11:33:29,0,2,0
94249,2025-08-16 11:28:29,0,2,0
94249,2025-08-16 11:24:51,0,2,0
94249,2025-08-16 11:18:29,0,2,0
94249,2025-08-16 11:13:29,0,2,0
94249,2025-08-16 11:08:29,0,2,0
94249,2025-08-16 11:03:29,0,2,0
94249,2025-08-16 10:59:38,0,2,0
94249,2025-08-16 10:53:29,0,2,0
94249,2025-08-16 10:48:29,0,2,0
94249,2025-08-16 10:43:29,0,2,0
94249,2025-08-16 10:38:29,0,2,0
94249,2025-08-16 10:33:29,0,2,0
94249,2025-08-16 10:28:29,0,2,0
94249,2025-08-16 10:23:29,0,2,0
94249,2025-08-16 10:18:29,0,2,0
94249,2025-08-16 10:13:29,0,2,0
94249,2025-08-16 10:08:29,0,2,0
94249,2025-08-16 10:03:29,0,2,0
94249,2025-08-16 09:58:29,0,2,0
94249,2025-08-16 09:53:29,0,2,0
94249,2025-08-16 09:48:29,0,2,0
94249,2025-08-16 09:43:29,0,2,0
94249,2025-08-16 09:39:39,0,2,0
94249,2025-08-16 09:33:29,0,2,0
94249,2025-08-16 09:28:29,0,2,0
94249,2025-08-16 09:23:29,0,2,0
94249,2025-08-16 09:18:29,0,2,0
94249,2025-08-16 09:13:29,0,2,0
94249,2025-08-16 09:08:29,0,2,0
94249,2025-08-16 09:03:29,0,2,0
94249,2025-08-16 08:58:29,0,2,0
94249,2025-08-16 08:53:29,0,2,0
94249,2025-08-16 08:48:29,0,2,0
94249,2025-08-16 08:43:29,0,2,0
94249,2025-08-16 08:38:29,0,2,0
94249,2025-08-16 08:33:29,0,2,0
94249,2025-08-16 08:28:29,0,2,0
94249,2025-08-16 08:23:29,0,2,0
94249,2025-08-16 08:18:29,0,2,0
94249,2025-08-16 08:13:29,0,2,0
94249,2025-08-16 08:08:30,0,2,0
94249,2025-08-16 08:03:29,0,2,0
94249,2025-08-16 07:58:29,0,2,0
94249,2025-08-16 07:53:29,0,2,0
94249,2025-08-16 07:48:29,0,2,0
94249,2025-08-16 07:43:29,0,2,0
94249,2025-08-16 07:38:29,0,2,0
94249,2025-08-16 07:33:29,0,2,0
94249,2025-08-16 07:28:29,0,2,0
94249,2025-08-16 07:23:29,0,2,0
94249,2025-08-16 07:18:29,0,2,0
94249,2025-08-16 07:13:29,0,2,0
94249,2025-08-16 07:08:29,0,2,0
94249,2025-08-16 07:03:29,0,2,0
94249,2025-08-16 06:58:29,0,2,0
94249,2025-08-16 06:53:29,0,2,0
94249,2025-08-16 06:48:29,0,2,0
94249,2025-08-16 06:43:29,0,2,0
94249,2025-08-16 06:38:29,0,2,0
94249,2025-08-16 06:33:29,0,2,0
94249,2025-08-16 06:28:29,0,2,0
94249,2025-08-16 06:23:29,0,2,0
94249,2025-08-16 06:18:29,0,2,0
94249,2025-08-16 06:13:29,0,2,0
94249,2025-08-16 06:08:29,0,2,0
94249,2025-08-16 06:03:29,0,2,0
94249,2025-08-16 05:58:29,0,2,0
94249,2025-08-16 05:53:29,0,2,0
94249,2025-08-16 05:48:29,0,2,0
94249,2025-08-16 05:43:29,0,2,0
94249,2025-08-16 05:38:29,0,2,0
94249,2025-08-16 05:33:29,0,2,0
94249,2025-08-16 05:28:29,0,2,0
94249,2025-08-16 05:23:29,0,2,0
94249,2025-08-16 05:18:29,0,2,0
94249,2025-08-16 05:13:29,0,2,0
94249,2025-08-16 05:08:29,0,2,0
94249,2025-08-16 05:03:29,0,2,0
94249,2025-08-16 04:58:29,0,2,0
94249,2025-08-16 04:53:30,0,2,0
94249,2025-08-16 04:48:29,0,2,0
94249,2025-08-16 04:43:29,0,2,0
94249,2025-08-16 04:38:29,0,2,0
94249,2025-08-16 04:33:29,0,2,0
94249,2025-08-16 04:28:29,0,2,0
94249,2025-08-16 04:23:29,0,2,0
94249,2025-08-16 04:18:29,0,2,0
94249,2025-08-16 04:13:29,0,2,0
94249,2025-08-16 04:08:29,0,2,0
94249,2025-08-16 04:03:29,0,2,0
94249,2025-08-16 03:58:29,0,2,0
94249,2025-08-16 03:53:30,0,2,0
94249,2025-08-16 03:48:29,0,2,0
94249,2025-08-16 03:43:29,0,2,0
94249,2025-08-16 03:38:29,0,2,0
94249,2025-08-16 03:33:29,0,2,0
94249,2025-08-16 03:28:29,0,2,0
94249,2025-08-16 03:23:29,0,2,0
94249,2025-08-16 03:18:29,0,2,0
94249,2025-08-16 03:13:30,0,2,0
94249,2025-08-16 03:08:29,0,2,0
94249,2025-08-16 03:03:29,0,2,0
94249,2025-08-16 02:58:30,0,2,0
94249,2025-08-16 02:53:29,0,2,0
94249,2025-08-16 02:48:29,0,2,0
94249,2025-08-16 02:43:29,0,2,0
94249,2025-08-16 02:38:29,0,2,0
94249,2025-08-16 02:33:29,0,2,0
94249,2025-08-16 02:28:29,0,2,0
94249,2025-08-16 02:23:29,0,2,0
94249,2025-08-16 02:18:29,0,2,0
94249,2025-08-16 02:13:29,0,2,0
94249,2025-08-16 02:08:29,0,2,0
94249,2025-08-16 02:03:29,2,2,0
94249,2025-08-16 01:58:29,1,2,0
94249,2025-08-16 01:53:30,1,2,0
94249,2025-08-16 01:48:29,1,2,0
94249,2025-08-16 01:43:29,1,2,0
94249,2025-08-16 01:38:29,1,2,0
94249,2025-08-16 01:33:29,1,2,0
94249,2025-08-16 01:28:29,1,2,0
94249,2025-08-16 01:23:29,1,2,0
94249,2025-08-16 01:18:29,1,2,0
94249,2025-08-16 01:13:29,1,2,0
94249,2025-08-16 01:08:29,2,2,0
94249,2025-08-16 01:03:29,1,2,0
94249,2025-08-16 00:58:29,1,2,0
94249,2025-08-16 00:53:29,1,2,0
94249,2025-08-16 00:48:29,1,2,0
94249,2025-08-16 00:43:29,1,2,0
94249,2025-08-16 00:38:29,1,2,0
94249,2025-08-16 00:33:29,1,2,0
94249,2025-08-16 00:28:29,1,2,0
94249,2025-08-16 00:23:29,1,2,0
94249,2025-08-16 00:18:29,1,2,0
94249,2025-08-16 00:13:29,1,2,0
94249,2025-08-16 00:08:31,1,2,0
94249,2025-08-16 00:03:29,1,2,0
94249,2025-08-15 23:58:29,1,2,0
94249,2025-08-15 23:53:29,0,2,0
94249,2025-08-15 23:48:29,0,2,0
94249,2025-08-15 23:43:29,0,2,0
94249,2025-08-15 23:38:29,0,2,0
94249,2025-08-15 23:33:29,0,2,0
94249,2025-08-15 23:28:29,0,2,0
94249,2025-08-15 23:23:29,0,2,0
94249,2025-08-15 23:18:29,0,2,0
94249,2025-08-15 23:13:29,0,2,0
94249,2025-08-15 23:08:29,0,2,0
94249,2025-08-15 23:03:29,0,2,0
94249,2025-08-15 22:58:29,1,2,0
94249,2025-08-15 22:53:29,1,2,0
94249,2025-08-15 22:48:29,0,2,0
94249,2025-08-15 22:43:30,0,2,0
94249,2025-08-15 22:38:29,0,2,0
94249,2025-08-15 22:33:29,0,2,0
94249,2025-08-15 22:28:29,0,2,0
94249,2025-08-15 22:23:29,0,2,0
94249,2025-08-15 22:18:29,0,2,0
94249,2025-08-15 22:13:29,0,2,0
94249,2025-08-15 22:08:29,0,2,0
94249,2025-08-15 22:03:29,0,2,0
94249,2025-08-15 21:58:29,0,2,0
94249,2025-08-15 21:53:29,0,2,0
94249,2025-08-15 21:48:29,0,2,0
94249,2025-08-15 21:43:30,0,2,0
94249,2025-08-15 21:38:30,0,2,0
94249,2025-08-15 21:33:29,0,2,0
94249,2025-08-15 21:28:29,0,2,0
94249,2025-08-15 21:23:29,0,2,0
94249,2025-08-15 21:18:29,0,2,0
94249,2025-08-15 21:13:29,0,2,0
94249,2025-08-15 21:08:29,0,2,0
94249,2025-08-15 21:03:29,0,2,0
94249,2025-08-15 20:58:29,0,2,0
94249,2025-08-15 20:53:30,0,2,0
94249,2025-08-15 20:48:29,0,2,0
94249,2025-08-15 20:43:30,0,2,0
94249,2025-08-15 20:38:30,0,2,0
94249,2025-08-15 20:33:29,0,2,0
94249,2025-08-15 20:28:29,0,2,0
94249,2025-08-15 20:23:29,0,2,0
94249,2025-08-15 20:18:29,0,2,0
94249,2025-08-15 20:13:29,0,2,0
94249,2025-08-15 20:08:29,0,2,0
94249,2025-08-15 20:03:29,1,2,0
94249,2025-08-15 19:58:29,1,2,0
94249,2025-08-15 19:53:29,1,2,0
94249,2025-08-15 19:48:29,1,2,0
94249,2025-08-15 19:43:29,1,2,0
94249,2025-08-15 19:38:29,1,2,0
94249,2025-08-15 19:33:29,1,2,0
94249,2025-08-15 19:28:29,1,2,0
94249,2025-08-15 19:23:29,1,2,0
94249,2025-08-15 19:18:29,1,2,0
94249,2025-08-15 19:13:29,0,2,0
94249,2025-08-15 19:08:29,1,2,0
94249,2025-08-15 19:03:29,1,2,0
94249,2025-08-15 18:58:29,1,2,0
94249,2025-08-15 18:53:29,1,2,0
94249,2025-08-15 18:48:29,1,2,0
94249,2025-08-15 18:43:29,1,2,0
94249,2025-08-15 18:38:29,2,2,0
94249,2025-08-15 18:33:29,2,2,0
94249,2025-08-15 18:28:29,2,2,0
94249,2025-08-15 18:23:29,2,2,0
94249,2025-08-15 18:18:29,2,2,0
94249,2025-08-15 18:13:29,2,2,0
94249,2025-08-15 18:08:29,2,2,0
94249,2025-08-15 18:03:29,2,2,0
94249,2025-08-15 17:58:29,1,2,0
94249,2025-08-15 17:53:29,1,2,0
94249,2025-08-15 17:48:29,1,2,0
94249,2025-08-15 17:43:29,1,2,0
94249,2025-08-15 17:38:30,1,2,0
94249,2025-08-15 17:33:29,1,2,0
94249,2025-08-15 17:28:29,1,2,0
94249,2025-08-15 17:23:29,1,2,0
94249,2025-08-15 17:18:29,1,2,0
94249,2025-08-15 17:13:29,1,2,0
94249,2025-08-15 17:08:29,0,2,0
94249,2025-08-15 17:03:29,0,2,0
94249,2025-08-15 16:58:36,0,2,0
94249,2025-08-15 16:53:30,0,2,0
94249,2025-08-15 16:48:29,0,2,0
94249,2025-08-15 16:43:29,0,2,0
94249,2025-08-15 16:38:30,1,2,0
94249,2025-08-15 16:33:29,1,2,0
94249,2025-08-15 16:28:29,1,2,0
94249,2025-08-15 16:23:29,1,2,0
94249,2025-08-15 16:18:29,1,2,0
94249,2025-08-15 16:13:29,1,2,0
94249,2025-08-15 16:08:29,1,2,0
94249,2025-08-15 16:03:29,1,2,0
94249,2025-08-15 15:58:29,1,2,0
94249,2025-08-15 15:53:29,1,2,0
94249,2025-08-15 15:48:29,1,2,0
94249,2025-08-15 15:43:30,1,2,0
94249,2025-08-15 15:38:29,1,2,0
94249,2025-08-15 15:33:29,1,2,0
94249,2025-08-15 15:28:29,1,2,0
94249,2025-08-15 15:23:29,1,2,0
94249,2025-08-15 15:18:29,1,2,0
94249,2025-08-15 15:13:29,1,2,0
94249,2025-08-15 15:08:29,1,2,0
94249,2025-08-15 15:03:29,1,2,0
94249,2025-08-15 14:58:29,1,2,0
94249,2025-08-15 14:53:29,1,2,0
94249,2025-08-15 14:48:29,1,2,0
94249,2025-08-15 14:43:29,1,2,0
94249,2025-08-15 14:38:29,1,2,0
94249,2025-08-15 14:33:29,2,2,0
94249,2025-08-15 14:28:29,2,2,0
94249,2025-08-15 14:23:29,2,2,0
94249,2025-08-15 14:18:30,2,2,0
94249,2025-08-15 14:13:29,2,2,0
94249,2025-08-15 14:08:29,2,2,0
94249,2025-08-15 14:03:29,2,2,0
94249,2025-08-15 13:58:29,2,2,0
94249,2025-08-15 13:53:29,2,2,0
94249,2025-08-15 13:48:29,2,2,0
94249,2025-08-15 13:43:29,2,2,0
94249,2025-08-15 13:38:29,2,2,0
94249,2025-08-15 13:33:29,2,2,0
94249,2025-08-15 13:28:29,2,2,0
94249,2025-08-15 13:23:29,2,2,0
94249,2025-08-15 13:18:29,2,2,0
94249,2025-08-15 13:13:29,2,2,0
94249,2025-08-15 13:08:29,2,2,0
94249,2025-08-15 13:03:29,2,2,0
94249,2025-08-15 12:58:29,2,2,0
94249,2025-08-15 12:53:29,2,2,0
94249,2025-08-15 12:48:29,2,2,0
94249,2025-08-15 12:43:29,2,2,0
94249,2025-08-15 12:38:29,2,2,0
94249,2025-08-15 12:33:29,1,2,0
94249,2025-08-15 12:28:29,1,2,0
94249,2025-08-15 12:23:29,1,2,0
94249,2025-08-15 12:18:29,1,2,0
94249,2025-08-15 12:13:29,1,2,0
94249,2025-08-15 12:08:29,1,2,0
94249,2025-08-15 12:03:29,1,2,0
94249,2025-08-15 11:58:29,1,2,0
94249,2025-08-15 11:53:29,1,2,0
94249,2025-08-15 11:48:30,1,2,0
94249,2025-08-15 11:43:29,1,2,0
94249,2025-08-15 11:38:29,1,2,0
94249,2025-08-15 11:33:29,1,2,0
94249,2025-08-15 11:28:29,1,2,0
94249,2025-08-15 11:23:29,1,2,0
94249,2025-08-15 11:18:29,1,2,0
94249,2025-08-15 11:13:29,1,2,0
94249,2025-08-15 11:08:29,1,2,0
94249,2025-08-15 11:03:29,1,2,0
94249,2025-08-15 10:58:29,1,2,0
94249,2025-08-15 10:53:29,1,2,0
94249,2025-08-15 10:48:29,1,2,0
94249,2025-08-15 10:43:29,1,2,0
94249,2025-08-15 10:38:29,1,2,0
94249,2025-08-15 10:33:29,1,2,0
94249,2025-08-15 10:28:29,1,2,0
94249,2025-08-15 10:23:29,1,2,0
94249,2025-08-15 10:18:29,1,2,0
94249,2025-08-15 10:13:29,1,2,0
94249,2025-08-15 10:08:29,1,2,0
94249,2025-08-15 10:03:29,1,2,0
94249,2025-08-15 09:58:29,1,2,0
94249,2025-08-15 09:53:29,1,2,0
94249,2025-08-15 09:48:29,1,2,0
94249,2025-08-15 09:43:29,1,2,0
94249,2025-08-15 09:38:29,1,2,0
94249,2025-08-15 09:33:29,1,2,0
94249,2025-08-15 09:28:29,1,2,0
94249,2025-08-15 09:23:29,1,2,0
94249,2025-08-15 09:18:29,1,2,0
94249,2025-08-15 09:13:29,1,2,0
94249,2025-08-15 09:08:29,1,2,0
94249,2025-08-15 09:03:29,1,2,0
94249,2025-08-15 08:58:29,1,2,0
94249,2025-08-15 08:53:29,1,2,0
94249,2025-08-15 08:48:29,1,2,0
94249,2025-08-15 08:43:29,1,2,0
94249,2025-08-15 08:38:29,1,2,0
94249,2025-08-15 08:33:29,1,2,0
94249,2025-08-15 08:28:29,1,2,0
94249,2025-08-15 08:23:29,1,2,0
94249,2025-08-15 08:18:29,1,2,0
94249,2025-08-15 08:13:29,1,2,0
94249,2025-08-15 08:08:29,0,2,0
94249,2025-08-15 08:03:29,0,2,0
94249,2025-08-15 07:58:29,0,2,0
94249,2025-08-15 07:53:29,0,2,0
94249,2025-08-15 07:48:29,0,2,0
94249,2025-08-15 07:43:29,0,2,0
94249,2025-08-15 07:38:29,0,2,0
94249,2025-08-15 07:33:29,0,2,0
94249,2025-08-15 07:28:29,0,2,0
94249,2025-08-15 07:23:29,0,2,0
94249,2025-08-15 07:18:29,0,2,0
94249,2025-08-15 07:13:29,0,2,0
94249,2025-08-15 07:08:29,0,2,0
94249,2025-08-15 07:03:29,0,2,0
94249,2025-08-15 06:58:29,0,2,0
94249,2025-08-15 06:53:29,0,2,0
94249,2025-08-15 06:48:29,0,2,0
94249,2025-08-15 06:43:29,0,2,0
94249,2025-08-15 06:38:29,0,2,0
94249,2025-08-15 06:33:29,0,2,0
94249,2025-08-15 06:28:29,0,2,0
94249,2025-08-15 06:23:29,0,2,0
94249,2025-08-15 06:18:29,0,2,0
94249,2025-08-15 06:13:29,0,2,0
94249,2025-08-15 06:08:29,0,2,0
94249,2025-08-15 06:03:29,0,2,0
94249,2025-08-15 05:58:29,0,2,0
94249,2025-08-15 05:53:29,0,2,0
94249,2025-08-15 05:48:29,0,2,0
94249,2025-08-15 05:43:29,0,2,0
94249,2025-08-15 05:38:29,0,2,0
94249,2025-08-15 05:33:29,0,2,0
94249,2025-08-15 05:28:29,0,2,0
94249,2025-08-15 05:23:30,0,2,0
94249,2025-08-15 05:18:29,0,2,0
94249,2025-08-15 05:13:29,0,2,0
94249,2025-08-15 05:08:29,0,2,0
94249,2025-08-15 05:03:29,0,2,0
94249,2025-08-15 04:58:29,0,2,0
94249,2025-08-15 04:53:29,0,2,0
94249,2025-08-15 04:48:29,0,2,0
94249,2025-08-15 04:43:29,0,2,0
94249,2025-08-15 04:38:29,0,2,0
94249,2025-08-15 04:33:29,0,2,0
94249,2025-08-15 04:28:29,0,2,0
94249,2025-08-15 04:23:29,0,2,0
94249,2025-08-15 04:18:29,0,2,0
94249,2025-08-15 04:13:29,1,2,0
94249,2025-08-15 04:08:29,1,2,0
94249,2025-08-15 04:03:29,1,2,0
94249,2025-08-15 03:58:29,1,2,0
94249,2025-08-15 03:53:29,1,2,0
94249,2025-08-15 03:48:29,1,2,0
94249,2025-08-15 03:43:30,1,2,0
94249,2025-08-15 03:38:30,1,2,0
94249,2025-08-15 03:33:29,0,2,0
94249,2025-08-15 03:28:29,0,2,0
94249,2025-08-15 03:23:29,0,2,0
94249,2025-08-15 03:18:29,0,2,0
94249,2025-08-15 03:13:29,0,2,0
94249,2025-08-15 03:08:29,0,2,0
94249,2025-08-15 03:03:29,0,2,0
94249,2025-08-15 02:58:29,0,2,0
94249,2025-08-15 02:53:29,0,2,0
94249,2025-08-15 02:48:29,1,2,0
94249,2025-08-15 02:43:29,1,2,0
94249,2025-08-15 02:38:29,1,2,0
94249,2025-08-15 02:33:29,1,2,0
94249,2025-08-15 02:28:29,1,2,0
94249,2025-08-15 02:23:29,1,2,0
94249,2025-08-15 02:18:29,1,2,0
94249,2025-08-15 02:13:29,1,2,0
94249,2025-08-15 02:08:29,1,2,0
94249,2025-08-15 02:03:29,1,2,0
94249,2025-08-15 01:58:29,1,2,0
94249,2025-08-15 01:53:29,1,2,0
94249,2025-08-15 01:48:29,1,2,0
94249,2025-08-15 01:43:29,1,2,0
94249,2025-08-15 01:38:29,1,2,0
94249,2025-08-15 01:33:29,1,2,0
94249,2025-08-15 01:28:29,1,2,0
94249,2025-08-15 01:23:29,1,2,0
94249,2025-08-15 01:18:29,1,2,0
94249,2025-08-15 01:13:29,1,2,0
94249,2025-08-15 01:08:29,1,2,0
94249,2025-08-15 01:03:29,1,2,0
94249,2025-08-15 00:58:29,1,2,0
94249,2025-08-15 00:53:29,1,2,0
94249,2025-08-15 00:48:29,1,2,0
94249,2025-08-15 00:43:29,1,2,0
94249,2025-08-15 00:38:29,1,2,0
94249,2025-08-15 00:33:29,1,2,0
94249,2025-08-15 00:28:29,1,2,0
94249,2025-08-15 00:23:29,1,2,0
94249,2025-08-15 00:18:29,1,2,0
94249,2025-08-15 00:13:29,1,2,0
94249,2025-08-15 00:08:29,1,2,0
94249,2025-08-15 00:03:29,1,2,0
94249,2025-08-14 23:58:29,1,2,0
94249,2025-08-14 23:53:29,1,2,0
94249,2025-08-14 23:48:29,1,2,0
94249,2025-08-14 23:43:29,1,2,0
94249,2025-08-14 23:38:29,1,2,0
94249,2025-08-14 23:33:29,1,2,0
94249,2025-08-14 23:28:29,1,2,0
94249,2025-08-14 23:23:29,1,2,0
94249,2025-08-14 23:18:29,1,2,0
94249,2025-08-14 23:13:29,1,2,0
94249,2025-08-14 23:08:29,1,2,0
94249,2025-08-14 23:03:29,1,2,0
94249,2025-08-14 22:58:29,1,2,0
94249,2025-08-14 22:53:29,2,2,0
94249,2025-08-14 22:48:29,2,2,0
94249,2025-08-14 22:43:29,2,2,0
94249,2025-08-14 22:38:29,2,2,0
94249,2025-08-14 22:33:29,2,2,0
94249,2025-08-14 22:28:30,2,2,0
94249,2025-08-14 22:23:29,2,2,0
94249,2025-08-14 22:18:29,2,2,0
94249,2025-08-14 22:13:29,1,2,0
94249,2025-08-14 22:08:29,2,2,0
94249,2025-08-14 22:03:29,2,2,0
94249,2025-08-14 21:58:29,1,2,0
94249,2025-08-14 21:53:29,1,2,0
94249,2025-08-14 21:48:30,0,2,0
94249,2025-08-14 21:43:29,0,2,0
94249,2025-08-14 21:38:30,0,2,0
94249,2025-08-14 21:33:29,0,2,0
94249,2025-08-14 21:28:29,0,2,0
94249,2025-08-14 21:23:29,0,2,0
94249,2025-08-14 21:18:29,0,2,0
94249,2025-08-14 21:13:29,0,2,0
94249,2025-08-14 21:08:29,0,2,0
94249,2025-08-14 21:03:29,0,2,0
94249,2025-08-14 20:58:29,0,2,0
94249,2025-08-14 20:53:29,0,2,0
94249,2025-08-14 20:48:29,0,2,0
94249,2025-08-14 20:43:29,0,2,0
94249,2025-08-14 20:38:32,0,2,0
94249,2025-08-14 20:33:29,0,2,0
94249,2025-08-14 20:28:29,0,2,0
94249,2025-08-14 20:23:29,0,2,0
94249,2025-08-14 20:18:29,0,2,0
94249,2025-08-14 20:13:29,0,2,0
94249,2025-08-14 20:08:29,0,2,0
94249,2025-08-14 20:03:29,0,2,0
94249,2025-08-14 19:58:29,0,2,0
94249,2025-08-14 19:53:29,0,2,0
94249,2025-08-14 19:48:29,0,2,0
94249,2025-08-14 19:43:29,0,2,0
94249,2025-08-14 19:38:29,0,2,0
94249,2025-08-14 19:33:29,0,2,0
94249,2025-08-14 19:28:30,0,2,0
94249,2025-08-14 19:23:30,0,2,0
94249,2025-08-14 19:18:29,0,2,0
94249,2025-08-14 19:13:29,0,2,0
94249,2025-08-14 19:08:29,0,2,0
94249,2025-08-14 19:03:30,0,2,0
94249,2025-08-14 18:58:29,0,2,0
94249,2025-08-14 18:53:29,0,2,0
94249,2025-08-14 18:48:29,0,2,0
94249,2025-08-14 18:43:29,0,2,0
94249,2025-08-14 18:38:29,0,2,0
94249,2025-08-14 18:33:29,1,2,0
94249,2025-08-14 18:28:29,1,2,0
94249,2025-08-14 18:23:29,1,2,0
94249,2025-08-14 18:18:30,1,2,0
94249,2025-08-14 18:13:30,1,2,0
94249,2025-08-14 18:08:29,1,2,0
94249,2025-08-14 18:03:29,1,2,0
94249,2025-08-14 17:58:29,1,2,0
94249,2025-08-14 17:53:29,1,2,0
94249,2025-08-14 17:48:29,2,2,0
94249,2025-08-14 17:43:29,2,2,0
94249,2025-08-14 17:38:30,2,2,0
94249,2025-08-14 17:33:29,2,2,0
94249,2025-08-14 17:28:29,2,2,0
94249,2025-08-14 17:23:30,2,2,0
94249,2025-08-14 17:18:29,2,2,0
94249,2025-08-14 17:13:29,2,2,0
94249,2025-08-14 17:08:29,2,2,0
94249,2025-08-14 17:03:29,2,2,0
94249,2025-08-14 16:58:29,2,2,0
94249,2025-08-14 16:53:29,2,2,0
94249,2025-08-14 16:48:29,2,2,0
94249,2025-08-14 16:43:29,2,2,0
94249,2025-08-14 16:38:29,2,2,0
94249,2025-08-14 16:33:29,2,2,0
94249,2025-08-14 16:28:29,2,2,0
94249,2025-08-14 16:23:29,2,2,0
94249,2025-08-14 16:18:29,2,2,0
94249,2025-08-14 16:13:29,2,2,0
94249,2025-08-14 16:08:29,2,2,0
94249,2025-08-14 16:03:29,1,2,0
94249,2025-08-14 15:58:29,1,2,0
94249,2025-08-14 15:53:29,1,2,0
94249,2025-08-14 15:48:29,1,2,0
94249,2025-08-14 15:43:29,1,2,0
94249,2025-08-14 15:38:29,1,2,0
94249,2025-08-14 15:33:29,1,2,0
94249,2025-08-14 15:28:29,1,2,0
94249,2025-08-14 15:23:29,1,2,0
94249,2025-08-14 15:18:29,1,2,0
94249,2025-08-14 15:13:31,1,2,0
94249,2025-08-14 15:08:29,1,2,0
94249,2025-08-14 15:03:29,1,2,0
94249,2025-08-14 14:58:29,1,2,0
94249,2025-08-14 14:53:29,1,2,0
94249,2025-08-14 14:48:29,1,2,0
94249,2025-08-14 14:43:29,1,2,0
94249,2025-08-14 14:38:30,1,2,0
94249,2025-08-14 14:33:29,0,2,0
94249,2025-08-14 14:28:29,0,2,0
94249,2025-08-14 14:23:29,0,2,0
94249,2025-08-14 14:18:29,0,2,0
94249,2025-08-14 14:13:29,1,2,0
94249,2025-08-14 14:08:29,1,2,0
94249,2025-08-14 14:03:29,1,2,0
94249,2025-08-14 13:58:29,1,2,0
94249,2025-08-14 13:53:29,1,2,0
94249,2025-08-14 13:48:30,1,2,0
94249,2025-08-14 13:43:29,1,2,0
94249,2025-08-14 13:38:29,1,2,0
94249,2025-08-14 13:33:29,1,2,0
94249,2025-08-14 13:28:29,1,2,0
94249,2025-08-14 13:23:29,1,2,0
94249,2025-08-14 13:18:29,1,2,0
94249,2025-08-14 13:13:29,1,2,0
94249,2025-08-14 13:08:29,1,2,0
94249,2025-08-14 13:03:29,1,2,0
94249,2025-08-14 12:58:29,0,2,0
94249,2025-08-14 12:53:30,0,2,0
94249,2025-08-14 12:48:29,0,2,0
94249,2025-08-14 12:43:29,1,2,0
94249,2025-08-14 12:38:29,1,2,0
94249,2025-08-14 12:33:29,1,2,0
94249,2025-08-14 12:28:29,1,2,0
94249,2025-08-14 12:23:29,1,2,0
94249,2025-08-14 12:18:29,1,2,0
94249,2025-08-14 12:13:29,1,2,0
94249,2025-08-14 12:08:29,1,2,0
94249,2025-08-14 12:03:29,1,2,0
94249,2025-08-14 11:58:29,1,2,0
94249,2025-08-14 11:53:29,1,2,0
94249,2025-08-14 11:48:29,1,2,0
94249,2025-08-14 11:43:29,1,2,0
94249,2025-08-14 11:38:29,1,2,0
94249,2025-08-14 11:33:29,1,2,0
94249,2025-08-14 11:28:29,1,2,0
94249,2025-08-14 11:23:29,1,2,0
94249,2025-08-14 11:18:29,1,2,0
94249,2025-08-14 11:13:29,1,2,0
94249,2025-08-14 11:08:29,1,2,0
94249,2025-08-14 11:03:29,1,2,0
94249,2025-08-14 10:58:29,1,2,0
94249,2025-08-14 10:53:29,1,2,0
94249,2025-08-14 10:48:29,1,2,0
94249,2025-08-14 10:43:29,1,2,0
94249,2025-08-14 10:38:29,1,2,0
94249,2025-08-14 10:33:29,1,2,0
94249,2025-08-14 10:28:29,1,2,0
94249,2025-08-14 10:23:29,1,2,0
94249,2025-08-14 10:18:29,1,2,0
94249,2025-08-14 10:13:29,1,2,0
94249,2025-08-14 10:08:29,1,2,0
94249,2025-08-14 10:03:29,1,2,0
94249,2025-08-14 09:58:29,1,2,0
94249,2025-08-14 09:53:29,0,2,0
94249,2025-08-14 09:48:29,0,2,0
94249,2025-08-14 09:43:29,1,2,0
94249,2025-08-14 09:38:29,1,2,0
94249,2025-08-14 09:33:29,1,2,0
94249,2025-08-14 09:28:29,1,2,0
94249,2025-08-14 09:23:29,1,2,0
94249,2025-08-14 09:18:29,1,2,0
94249,2025-08-14 09:13:29,1,2,0
94249,2025-08-14 09:08:29,1,2,0
94249,2025-08-14 09:03:29,1,2,0
94249,2025-08-14 08:58:30,1,2,0
94249,2025-08-14 08:53:29,1,2,0
94249,2025-08-14 08:48:29,1,2,0
94249,2025-08-14 08:43:29,1,2,0
94249,2025-08-14 08:38:29,1,2,0
94249,2025-08-14 08:33:29,1,2,0
94249,2025-08-14 08:28:30,1,2,0
94249,2025-08-14 08:23:29,1,2,0
94249,2025-08-14 08:18:30,1,2,0
94249,2025-08-14 08:13:29,1,2,0
94249,2025-08-14 08:08:29,1,2,0
94249,2025-08-14 08:03:30,1,2,0
94249,2025-08-14 07:58:29,1,2,0
94249,2025-08-14 07:53:29,1,2,0
94249,2025-08-14 07:48:29,1,2,0
94249,2025-08-14 07:43:29,1,2,0
94249,2025-08-14 07:38:29,1,2,0
94249,2025-08-14 07:33:29,1,2,0
94249,2025-08-14 07:28:29,1,2,0
94249,2025-08-14 07:23:29,1,2,0
94249,2025-08-14 07:18:30,1,2,0
94249,2025-08-14 07:13:30,1,2,0
94249,2025-08-14 07:08:29,1,2,0
94249,2025-08-14 07:03:29,1,2,0
94249,2025-08-14 06:58:30,1,2,0
94249,2025-08-14 06:53:29,1,2,0
94249,2025-08-14 06:48:29,1,2,0
94249,2025-08-14 06:43:29,1,2,0
94249,2025-08-14 06:38:30,1,2,0
94249,2025-08-14 06:33:29,1,2,0
94249,2025-08-14 06:28:30,1,2,0
94249,2025-08-14 06:23:29,1,2,0
94249,2025-08-14 06:18:29,1,2,0
94249,2025-08-14 06:13:30,1,2,0
94249,2025-08-14 06:08:29,1,2,0
94249,2025-08-14 06:03:29,1,2,0
94249,2025-08-14 05:58:29,1,2,0
94249,2025-08-14 05:53:29,1,2,0
94249,2025-08-14 05:48:29,1,2,0
94249,2025-08-14 05:43:29,1,2,0
94249,2025-08-14 05:38:29,1,2,0
94249,2025-08-14 05:33:29,1,2,0
94249,2025-08-14 05:28:29,1,2,0
94249,2025-08-14 05:23:29,1,2,0
94249,2025-08-14 05:18:29,1,2,0
94249,2025-08-14 05:13:29,1,2,0
94249,2025-08-14 05:08:34,1,2,0
94249,2025-08-14 05:03:29,1,2,0
94249,2025-08-14 04:58:29,1,2,0
94249,2025-08-14 04:53:31,1,2,0
94249,2025-08-14 04:48:29,1,2,0
94249,2025-08-14 04:43:29,1,2,0
94249,2025-08-14 04:38:29,1,2,0
94249,2025-08-14 04:33:29,1,2,0
94249,2025-08-14 04:28:29,1,2,0
94249,2025-08-14 04:23:29,1,2,0
94249,2025-08-14 04:18:29,1,2,0
94249,2025-08-14 04:13:29,1,2,0
94249,2025-08-14 04:08:29,1,2,0
94249,2025-08-14 04:03:29,1,2,0
94249,2025-08-14 03:58:29,1,2,0
94249,2025-08-14 03:53:29,1,2,0
94249,2025-08-14 03:48:29,1,2,0
94249,2025-08-14 03:43:29,1,2,0
94249,2025-08-14 03:38:29,1,2,0
94249,2025-08-14 03:33:29,1,2,0
94249,2025-08-14 03:28:29,1,2,0
94249,2025-08-14 03:23:29,2,2,0
94249,2025-08-14 03:18:30,2,2,0
94249,2025-08-14 03:13:29,2,2,0
94249,2025-08-14 03:08:29,2,2,0
94249,2025-08-14 03:03:29,2,2,0
94249,2025-08-14 02:58:29,2,2,0
94249,2025-08-14 02:53:29,2,2,0
94249,2025-08-14 02:48:29,2,2,0
94249,2025-08-14 02:43:29,2,2,0
94249,2025-08-14 02:38:29,2,2,0
94249,2025-08-14 02:33:29,2,2,0
94249,2025-08-14 02:28:29,2,2,0
94249,2025-08-14 02:23:29,2,2,0
94249,2025-08-14 02:18:29,2,2,0
94249,2025-08-14 02:13:29,2,2,0
94249,2025-08-14 02:08:29,2,2,0
94249,2025-08-14 02:03:29,2,2,0
94249,2025-08-14 01:58:29,2,2,0
94249,2025-08-14 01:53:29,2,2,0
94249,2025-08-14 01:48:29,2,2,0
94249,2025-08-14 01:43:29,2,2,0
94249,2025-08-14 01:38:29,1,2,0
94249,2025-08-14 01:33:29,1,2,0
94249,2025-08-14 01:28:29,1,2,0
94249,2025-08-14 01:23:29,1,2,0
94249,2025-08-14 01:18:29,1,2,0
94249,2025-08-14 01:13:29,1,2,0
94249,2025-08-14 01:08:29,1,2,0
94249,2025-08-14 01:03:29,1,2,0
94249,2025-08-14 00:58:29,1,2,0
94249,2025-08-14 00:53:29,1,2,0
94249,2025-08-14 00:48:29,1,2,0
94249,2025-08-14 00:43:29,1,2,0
94249,2025-08-14 00:38:30,1,2,0
94249,2025-08-14 00:33:29,1,2,0
94249,2025-08-14 00:28:29,1,2,0
94249,2025-08-14 00:23:29,1,2,0
94249,2025-08-14 00:18:29,1,2,0
94249,2025-08-14 00:13:30,1,2,0
94249,2025-08-14 00:08:29,1,2,0
94249,2025-08-14 00:03:29,1,2,0
94249,2025-08-13 23:58:29,1,2,0
94249,2025-08-13 23:53:29,1,2,0
94249,2025-08-13 23:48:29,1,2,0
94249,2025-08-13 23:43:29,1,2,0
94249,2025-08-13 23:38:29,1,2,0
94249,2025-08-13 23:33:29,1,2,0
94249,2025-08-13 23:28:29,1,2,0
94249,2025-08-13 23:23:29,1,2,0
94249,2025-08-13 23:18:29,1,2,0
94249,2025-08-13 23:13:29,1,2,0
94249,2025-08-13 23:08:29,1,2,0
94249,2025-08-13 23:03:29,1,2,0
94249,2025-08-13 22:58:29,1,2,0
94249,2025-08-13 22:53:29,1,2,0
94249,2025-08-13 22:48:29,1,2,0
94249,2025-08-13 22:43:29,1,2,0
94249,2025-08-13 22:38:29,1,2,0
94249,2025-08-13 22:33:29,1,2,0
94249,2025-08-13 22:28:30,1,2,0
94249,2025-08-13 22:23:29,1,2,0
94249,2025-08-13 22:18:29,1,2,0
94249,2025-08-13 22:13:29,1,2,0
94249,2025-08-13 22:08:29,1,2,0
94249,2025-08-13 22:03:29,1,2,0
94249,2025-08-13 21:58:29,1,2,0
94249,2025-08-13 21:53:29,1,2,0
94249,2025-08-13 21:48:29,1,2,0
94249,2025-08-13 21:43:29,1,2,0
94249,2025-08-13 21:38:29,1,2,0
94249,2025-08-13 21:33:29,1,2,0
94249,2025-08-13 21:28:29,1,2,0
94249,2025-08-13 21:23:29,1,2,0
94249,2025-08-13 21:18:29,0,2,0
94249,2025-08-13 21:13:29,0,2,0
94249,2025-08-13 21:08:29,0,2,0
94249,2025-08-13 21:03:29,0,2,0
94249,2025-08-13 20:58:29,0,2,0
94249,2025-08-13 20:53:29,0,2,0
94249,2025-08-13 20:48:29,0,2,0
94249,2025-08-13 20:43:29,0,2,0
94249,2025-08-13 20:38:29,0,2,0
94249,2025-08-13 20:33:29,0,2,0
94249,2025-08-13 20:28:29,0,2,0
94249,2025-08-13 20:23:30,1,2,0
94249,2025-08-13 20:18:29,1,2,0
94249,2025-08-13 20:13:29,1,2,0
94249,2025-08-13 20:08:29,1,2,0
94249,2025-08-13 20:03:29,1,2,0
94249,2025-08-13 19:58:29,1,2,0
94249,2025-08-13 19:53:30,1,2,0
94249,2025-08-13 19:48:29,1,2,0
94249,2025-08-13 19:43:29,1,2,0
94249,2025-08-13 19:38:29,1,2,0
94249,2025-08-13 19:33:29,1,2,0
94249,2025-08-13 19:28:29,1,2,0
94249,2025-08-13 19:23:29,1,2,0
94249,2025-08-13 19:18:29,1,2,0
94249,2025-08-13 19:13:30,1,2,0
94249,2025-08-13 19:08:30,1,2,0
94249,2025-08-13 19:03:30,1,2,0
94249,2025-08-13 18:58:29,1,2,0
94249,2025-08-13 18:53:29,1,2,0
94249,2025-08-13 18:48:29,1,2,0
94249,2025-08-13 18:43:29,1,2,0
94249,2025-08-13 18:38:29,1,2,0
94249,2025-08-13 18:33:29,1,2,0
94249,2025-08-13 18:28:29,1,2,0
94249,2025-08-13 18:23:29,1,2,0
94249,2025-08-13 18:18:29,1,2,0
94249,2025-08-13 18:13:29,1,2,0
94249,2025-08-13 18:08:29,1,2,0
94249,2025-08-13 18:03:29,1,2,0
94249,2025-08-13 17:58:29,1,2,0
94249,2025-08-13 17:53:29,1,2,0
94249,2025-08-13 17:48:29,1,2,0
94249,2025-08-13 17:43:30,0,2,0
94249,2025-08-13 17:38:29,0,2,0
94249,2025-08-13 17:33:29,0,2,0
94249,2025-08-13 17:28:29,0,2,0
94249,2025-08-13 17:23:30,0,2,0
94249,2025-08-13 17:18:29,0,2,0
94249,2025-08-13 17:13:29,1,2,0
94249,2025-08-13 17:08:29,1,2,0
94249,2025-08-13 17:03:29,1,2,0
94249,2025-08-13 16:58:30,1,2,0
94249,2025-08-13 16:53:29,1,2,0
94249,2025-08-13 16:48:29,1,2,0
94249,2025-08-13 16:43:29,1,2,0
94249,2025-08-13 16:38:29,1,2,0
94249,2025-08-13 16:33:29,1,2,0
94249,2025-08-13 16:28:29,1,2,0
94249,2025-08-13 16:23:29,1,2,0
94249,2025-08-13 16:18:29,0,2,0
94249,2025-08-13 16:13:29,0,2,0
94249,2025-08-13 16:08:29,0,2,0
94249,2025-08-13 16:03:29,0,2,0
94249,2025-08-13 15:58:29,0,2,0
94249,2025-08-13 15:53:29,0,2,0
94249,2025-08-13 15:48:29,0,2,0
94249,2025-08-13 15:43:29,0,2,0
94249,2025-08-13 15:38:29,0,2,0
94249,2025-08-13 15:33:29,0,2,0
94249,2025-08-13 15:28:29,1,2,0
94249,2025-08-13 15:23:29,1,2,0
94249,2025-08-13 15:18:29,1,2,0
94249,2025-08-13 15:13:29,1,2,0
94249,2025-08-13 15:08:30,1,2,0
94249,2025-08-13 15:03:29,1,2,0
94249,2025-08-13 14:58:29,1,2,0
94249,2025-08-13 14:53:29,1,2,0
94249,2025-08-13 14:48:29,1,2,0
94249,2025-08-13 14:43:29,1,2,0
94249,2025-08-13 14:38:29,1,2,0
94249,2025-08-13 14:33:29,1,2,0
94249,2025-08-13 14:28:29,1,2,0
94249,2025-08-13 14:23:29,1,2,0
94249,2025-08-13 14:18:29,1,2,0
94249,2025-08-13 14:13:29,1,2,0
94249,2025-08-13 14:08:29,1,2,0
94249,2025-08-13 14:03:29,1,2,0
94249,2025-08-13 13:58:29,1,2,0
94249,2025-08-13 13:53:29,1,2,0
94249,2025-08-13 13:48:29,1,2,0
94249,2025-08-13 13:43:29,1,2,0
94249,2025-08-13 13:38:29,1,2,0
94249,2025-08-13 13:33:29,1,2,0
94249,2025-08-13 13:28:29,1,2,0
94249,2025-08-13 13:23:29,1,2,0
94249,2025-08-13 13:18:29,1,2,0
94249,2025-08-13 13:13:29,0,2,0
94249,2025-08-13 13:08:29,0,2,0
94249,2025-08-13 13:03:29,0,2,0
94249,2025-08-13 12:58:29,0,2,0
94249,2025-08-13 12:53:29,0,2,0
94249,2025-08-13 12:48:29,1,2,0
94249,2025-08-13 12:43:30,1,2,0
94249,2025-08-13 12:38:29,1,2,0
94249,2025-08-13 12:33:29,1,2,0
94249,2025-08-13 12:28:29,1,2,0
94249,2025-08-13 12:23:29,1,2,0
94249,2025-08-13 12:18:29,1,2,0
94249,2025-08-13 12:13:29,1,2,0
94249,2025-08-13 12:08:29,1,2,0
94249,2025-08-13 12:03:29,1,2,0
94249,2025-08-13 11:58:29,1,2,0
94249,2025-08-13 11:53:29,1,2,0
94249,2025-08-13 11:48:29,1,2,0
94249,2025-08-13 11:43:29,1,2,0
94249,2025-08-13 11:38:29,0,2,0
94249,2025-08-13 11:33:29,0,2,0
94249,2025-08-13 11:28:29,0,2,0
94249,2025-08-13 11:23:29,0,2,0
94249,2025-08-13 11:18:29,0,2,0
94249,2025-08-13 11:13:29,0,2,0
94249,2025-08-13 11:08:29,0,2,0
94249,2025-08-13 11:03:29,0,2,0
94249,2025-08-13 10:58:29,0,2,0
94249,2025-08-13 10:53:29,0,2,0
94249,2025-08-13 10:48:29,0,2,0
94249,2025-08-13 10:43:29,0,2,0
94249,2025-08-13 10:38:29,0,2,0
94249,2025-08-13 10:33:29,0,2,0
94249,2025-08-13 10:28:29,0,2,0
94249,2025-08-13 10:23:29,0,2,0
94249,2025-08-13 10:18:29,0,2,0
94249,2025-08-13 10:13:29,0,2,0
94249,2025-08-13 10:08:29,0,2,0
94249,2025-08-13 10:03:29,0,2,0
94249,2025-08-13 09:58:29,0,2,0
94249,2025-08-13 09:53:29,0,2,0
94249,2025-08-13 09:48:29,0,2,0
94249,2025-08-13 09:43:29,0,2,0
94249,2025-08-13 09:38:29,0,2,0
94249,2025-08-13 09:33:29,0,2,0
94249,2025-08-13 09:28:29,0,2,0
94249,2025-08-13 09:23:29,0,2,0
94249,2025-08-13 09:18:29,0,2,0
94249,2025-08-13 09:13:29,0,2,0
94249,2025-08-13 09:08:29,0,2,0
94249,2025-08-13 09:03:29,0,2,0
94249,2025-08-13 08:58:29,0,2,0
94249,2025-08-13 08:53:29,0,2,0
94249,2025-08-13 08:48:29,0,2,0
94249,2025-08-13 08:43:29,0,2,0
94249,2025-08-13 08:38:29,0,2,0
94249,2025-08-13 08:33:29,0,2,0
94249,2025-08-13 08:28:29,0,2,0
94249,2025-08-13 08:23:29,0,2,0
94249,2025-08-13 08:18:29,0,2,0
94249,2025-08-13 08:13:29,0,2,0
94249,2025-08-13 08:08:29,0,2,0
94249,2025-08-13 08:03:29,0,2,0
94249,2025-08-13 07:58:29,0,2,0
94249,2025-08-13 07:53:29,0,2,0
94249,2025-08-13 07:48:29,0,2,0
94249,2025-08-13 07:43:29,0,2,0
94249,2025-08-13 07:38:29,0,2,0
94249,2025-08-13 07:33:29,0,2,0
94249,2025-08-13 07:28:29,0,2,0
94249,2025-08-13 07:23:29,0,2,0
94249,2025-08-13 07:18:29,0,2,0
94249,2025-08-13 07:13:29,0,2,0
94249,2025-08-13 07:08:29,0,2,0
94249,2025-08-13 07:03:29,0,2,0
94249,2025-08-13 06:58:29,0,2,0
94249,2025-08-13 06:53:29,0,2,0
94249,2025-08-13 06:48:29,0,2,0
94249,2025-08-13 06:43:29,0,2,0
94249,2025-08-13 06:38:29,0,2,0
94249,2025-08-13 06:33:29,0,2,0
94249,2025-08-13 06:28:29,0,2,0
94249,2025-08-13 06:23:29,0,2,0
94249,2025-08-13 06:18:29,0,2,0
94249,2025-08-13 06:13:29,0,2,0
94249,2025-08-13 06:08:29,0,2,0
94249,2025-08-13 06:03:29,0,2,0
94249,2025-08-13 05:58:29,0,2,0
94249,2025-08-13 05:53:29,0,2,0
94249,2025-08-13 05:48:29,0,2,0
94249,2025-08-13 05:43:29,0,2,0
94249,2025-08-13 05:38:29,0,2,0
94249,2025-08-13 05:33:29,0,2,0
94249,2025-08-13 05:28:29,0,2,0
94249,2025-08-13 05:23:29,0,2,0
94249,2025-08-13 05:18:29,0,2,0
94249,2025-08-13 05:13:29,0,2,0
94249,2025-08-13 05:08:29,0,2,0
94249,2025-08-13 05:03:29,0,2,0
94249,2025-08-13 04:58:29,0,2,0
94249,2025-08-13 04:53:29,0,2,0
94249,2025-08-13 04:48:29,0,2,0
94249,2025-08-13 04:43:29,0,2,0
94249,2025-08-13 04:38:29,0,2,0
94249,2025-08-13 04:33:29,0,2,0
94249,2025-08-13 04:28:29,0,2,0
94249,2025-08-13 04:23:29,0,2,0
94249,2025-08-13 04:18:30,0,2,0
94249,2025-08-13 04:13:29,0,2,0
94249,2025-08-13 04:08:29,1,2,0
94249,2025-08-13 04:03:29,1,2,0
94249,2025-08-13 03:58:29,1,2,0
94249,2025-08-13 03:53:29,1,2,0
94249,2025-08-13 03:48:29,0,2,0
94249,2025-08-13 03:43:29,0,2,0
94249,2025-08-13 03:38:29,0,2,0
94249,2025-08-13 03:33:29,0,2,0
94249,2025-08-13 03:28:29,0,2,0
94249,2025-08-13 03:23:29,0,2,0
94249,2025-08-13 03:18:29,0,2,0
94249,2025-08-13 03:13:29,0,2,0
94249,2025-08-13 03:08:29,0,2,0
94249,2025-08-13 03:03:29,0,2,0
94249,2025-08-13 02:58:29,0,2,0
94249,2025-08-13 02:53:29,0,2,0
94249,2025-08-13 02:48:29,0,2,0
94249,2025-08-13 02:43:29,0,2,0
94249,2025-08-13 02:38:29,0,2,0
94249,2025-08-13 02:33:29,1,2,0
94249,2025-08-13 02:28:30,1,2,0
94249,2025-08-13 02:23:29,1,2,0
94249,2025-08-13 02:18:29,1,2,0
94249,2025-08-13 02:13:29,1,2,0
94249,2025-08-13 02:08:29,1,2,0
94249,2025-08-13 02:03:29,1,2,0
94249,2025-08-13 01:58:29,1,2,0
94249,2025-08-13 01:53:30,1,2,0
94249,2025-08-13 01:48:29,1,2,0
94249,2025-08-13 01:43:29,1,2,0
94249,2025-08-13 01:38:29,1,2,0
94249,2025-08-13 01:33:29,1,2,0
94249,2025-08-13 01:28:29,1,2,0
94249,2025-08-13 01:23:29,1,2,0
94249,2025-08-13 01:18:29,1,2,0
94249,2025-08-13 01:13:29,1,2,0
94249,2025-08-13 01:08:29,1,2,0
94249,2025-08-13 01:03:29,0,2,0
94249,2025-08-13 00:58:29,0,2,0
94249,2025-08-13 00:53:29,0,2,0
94249,2025-08-13 00:48:29,0,2,0
94249,2025-08-13 00:43:29,0,2,0
94249,2025-08-13 00:38:29,0,2,0
94249,2025-08-13 00:33:39,0,2,0
94249,2025-08-13 00:28:29,1,2,0
94249,2025-08-13 00:23:29,1,2,0
94249,2025-08-13 00:18:29,1,2,0
94249,2025-08-13 00:13:29,1,2,0
94249,2025-08-13 00:08:29,1,2,0
94249,2025-08-13 00:03:30,1,2,0
94249,2025-08-12 23:58:29,0,2,0
94249,2025-08-12 23:53:29,0,2,0
94249,2025-08-12 23:48:29,0,2,0
94249,2025-08-12 23:43:29,0,2,0
94249,2025-08-12 23:38:29,0,2,0
94249,2025-08-12 23:33:29,0,2,0
94249,2025-08-12 23:28:29,0,2,0
94249,2025-08-12 23:23:29,0,2,0
94249,2025-08-12 23:18:29,0,2,0
94249,2025-08-12 23:13:29,0,2,0
94249,2025-08-12 23:08:29,0,2,0
94249,2025-08-12 23:03:29,0,2,0
94249,2025-08-12 22:58:29,0,2,0
94249,2025-08-12 22:53:29,0,2,0
94249,2025-08-12 22:48:29,0,2,0
94249,2025-08-12 22:43:29,0,2,0
94249,2025-08-12 22:38:29,0,2,0
94249,2025-08-12 22:33:29,0,2,0
94249,2025-08-12 22:28:29,0,2,0
94249,2025-08-12 22:23:29,0,2,0
94249,2025-08-12 22:18:29,0,2,0
94249,2025-08-12 22:13:29,0,2,0
94249,2025-08-12 22:08:29,0,2,0
94249,2025-08-12 22:03:29,0,2,0
94249,2025-08-12 21:58:29,0,2,0
94249,2025-08-12 21:53:29,0,2,0
94249,2025-08-12 21:48:29,0,2,0
94249,2025-08-12 21:43:29,0,2,0
94249,2025-08-12 21:38:29,0,2,0
94249,2025-08-12 21:33:29,0,2,0
94249,2025-08-12 21:28:42,0,2,0
94249,2025-08-12 21:23:29,0,2,0
94249,2025-08-12 21:18:29,0,2,0
94249,2025-08-12 21:13:29,0,2,0
94249,2025-08-12 21:08:29,0,2,0
94249,2025-08-12 21:03:29,0,2,0
94249,2025-08-12 20:58:30,0,2,0
94249,2025-08-12 20:53:29,0,2,0
94249,2025-08-12 20:48:29,0,2,0
94249,2025-08-12 20:43:29,0,2,0
94249,2025-08-12 20:38:29,0,2,0
94249,2025-08-12 20:33:29,0,2,0
94249,2025-08-12 20:28:29,0,2,0
94249,2025-08-12 20:23:29,0,2,0
94249,2025-08-12 20:18:29,0,2,0
94249,2025-08-12 20:13:30,0,2,0
94249,2025-08-12 20:08:29,0,2,0
94249,2025-08-12 20:03:29,0,2,0
94249,2025-08-12 19:58:29,0,2,0
94249,2025-08-12 19:53:30,0,2,0
94249,2025-08-12 19:48:29,0,2,0
94249,2025-08-12 19:43:29,0,2,0
94249,2025-08-12 19:38:31,0,2,0
94249,2025-08-12 19:33:29,0,2,0
94249,2025-08-12 19:28:29,0,2,0
94249,2025-08-12 19:23:29,0,2,0
94249,2025-08-12 19:18:29,0,2,0
94249,2025-08-12 19:13:29,0,2,0
94249,2025-08-12 19:08:29,0,2,0
94249,2025-08-12 19:03:29,0,2,0
94249,2025-08-12 18:58:29,0,2,0
94249,2025-08-12 18:53:29,0,2,0
94249,2025-08-12 18:48:29,0,2,0
94249,2025-08-12 18:43:29,0,2,0
94249,2025-08-12 18:38:29,1,2,0
94249,2025-08-12 18:33:29,1,2,0
94249,2025-08-12 18:28:29,1,2,0
94249,2025-08-12 18:23:29,1,2,0
94249,2025-08-12 18:18:29,1,2,0
94249,2025-08-12 18:13:29,1,2,0
94249,2025-08-12 18:08:29,1,2,0
94249,2025-08-12 18:03:29,1,2,0
94249,2025-08-12 17:58:29,1,2,0
94249,2025-08-12 17:53:29,1,2,0
94249,2025-08-12 17:48:29,1,2,0
94249,2025-08-12 17:43:29,1,2,0
94249,2025-08-12 17:38:29,1,2,0
94249,2025-08-12 17:33:29,1,2,0
94249,2025-08-12 17:28:29,1,2,0
94249,2025-08-12 17:23:29,1,2,0
94249,2025-08-12 17:18:30,1,2,0
94249,2025-08-12 17:13:29,1,2,0
94249,2025-08-12 17:08:30,1,2,0
94249,2025-08-12 17:03:29,1,2,0
94249,2025-08-12 16:58:29,1,2,0
94249,2025-08-12 16:53:29,1,2,0
94249,2025-08-12 16:48:30,1,2,0
94249,2025-08-12 16:43:29,1,2,0
94249,2025-08-12 16:38:29,1,2,0
94249,2025-08-12 16:33:29,0,2,0
94249,2025-08-12 16:28:29,0,2,0
94249,2025-08-12 16:23:29,0,2,0
94249,2025-08-12 16:18:29,1,2,0
94249,2025-08-12 16:13:29,1,2,0
94249,2025-08-12 16:08:29,1,2,0
94249,2025-08-12 16:03:29,2,2,0
94249,2025-08-12 15:58:29,2,2,0
94249,2025-08-12 15:53:29,2,2,0
94249,2025-08-12 15:48:29,2,2,0
94249,2025-08-12 15:43:29,2,2,0
94249,2025-08-12 15:38:29,2,2,0
94249,2025-08-12 15:33:29,2,2,0
94249,2025-08-12 15:28:29,2,2,0
94249,2025-08-12 15:23:29,2,2,0
94249,2025-08-12 15:18:29,2,2,0
94249,2025-08-12 15:13:29,2,2,0
94249,2025-08-12 15:08:29,2,2,0
94249,2025-08-12 15:03:29,2,2,0
94249,2025-08-12 14:58:30,2,2,0
94249,2025-08-12 14:53:29,2,2,0
94249,2025-08-12 14:48:29,2,2,0
94249,2025-08-12 14:43:29,2,2,0
94249,2025-08-12 14:38:29,2,2,0
94249,2025-08-12 14:33:29,2,2,0
94249,2025-08-12 14:28:29,2,2,0
94249,2025-08-12 14:23:29,2,2,0
94249,2025-08-12 14:18:29,2,2,0
94249,2025-08-12 14:13:29,2,2,0
94249,2025-08-12 14:08:29,2,2,0
94249,2025-08-12 14:03:29,2,2,0
94249,2025-08-12 13:58:29,2,2,0
94249,2025-08-12 13:53:29,2,2,0
94249,2025-08-12 13:48:29,2,2,0
94249,2025-08-12 13:43:29,2,2,0
94249,2025-08-12 13:38:29,2,2,0
94249,2025-08-12 13:33:29,2,2,0
94249,2025-08-12 13:28:29,2,2,0
94249,2025-08-12 13:23:29,2,2,0
94249,2025-08-12 13:18:29,2,2,0
94249,2025-08-12 13:13:29,2,2,0
94249,2025-08-12 13:08:29,2,2,0
94249,2025-08-12 13:03:29,2,2,0
94249,2025-08-12 12:58:29,2,2,0
94249,2025-08-12 12:53:29,1,2,0
94249,2025-08-12 12:48:29,1,2,0
94249,2025-08-12 12:43:29,1,2,0
94249,2025-08-12 12:38:29,1,2,0
94249,2025-08-12 12:33:29,1,2,0
94249,2025-08-12 12:28:29,1,2,0
94249,2025-08-12 12:23:29,1,2,0
94249,2025-08-12 12:18:29,1,2,0
94249,2025-08-12 12:13:29,1,2,0
94249,2025-08-12 12:08:29,1,2,0
94249,2025-08-12 12:03:29,1,2,0
94249,2025-08-12 11:58:29,1,2,0
94249,2025-08-12 11:53:29,1,2,0
94249,2025-08-12 11:48:29,1,2,0
94249,2025-08-12 11:43:29,1,2,0
94249,2025-08-12 11:38:29,1,2,0
94249,2025-08-12 11:33:29,1,2,0
94249,2025-08-12 11:28:29,1,2,0
94249,2025-08-12 11:23:29,1,2,0
94249,2025-08-12 11:18:29,1,2,0
94249,2025-08-12 11:13:29,1,2,0
94249,2025-08-12 11:08:29,1,2,0
94249,2025-08-12 11:03:29,1,2,0
94249,2025-08-12 10:58:29,1,2,0
94249,2025-08-12 10:53:29,1,2,0
94249,2025-08-12 10:48:29,1,2,0
94249,2025-08-12 10:43:29,1,2,0
94249,2025-08-12 10:38:29,1,2,0
94249,2025-08-12 10:33:29,1,2,0
94249,2025-08-12 10:28:29,1,2,0
94249,2025-08-12 10:23:29,1,2,0
94249,2025-08-12 10:18:29,1,2,0
94249,2025-08-12 10:13:29,1,2,0
94249,2025-08-12 10:08:29,1,2,0
94249,2025-08-12 10:03:29,1,2,0
94249,2025-08-12 09:58:29,2,2,0
94249,2025-08-12 09:53:29,2,2,0
94249,2025-08-12 09:48:29,2,2,0
94249,2025-08-12 09:43:29,2,2,0
94249,2025-08-12 09:38:29,2,2,0
94249,2025-08-12 09:33:29,2,2,0
94249,2025-08-12 09:28:29,2,2,0
94249,2025-08-12 09:23:29,2,2,0
94249,2025-08-12 09:18:29,2,2,0
94249,2025-08-12 09:13:29,2,2,0
94249,2025-08-12 09:08:29,2,2,0
94249,2025-08-12 09:03:29,2,2,0
94249,2025-08-12 08:58:29,2,2,0
94249,2025-08-12 08:53:29,2,2,0
94249,2025-08-12 08:48:29,2,2,0
94249,2025-08-12 08:43:29,2,2,0
94249,2025-08-12 08:38:29,2,2,0
94249,2025-08-12 08:33:29,2,2,0
94249,2025-08-12 08:28:29,2,2,0
94249,2025-08-12 08:23:30,2,2,0
94249,2025-08-12 08:18:29,2,2,0
94249,2025-08-12 08:13:29,2,2,0
94249,2025-08-12 08:08:29,2,2,0
94249,2025-08-12 08:03:29,2,2,0
94249,2025-08-12 07:58:29,2,2,0
94249,2025-08-12 07:53:29,2,2,0
94249,2025-08-12 07:48:29,2,2,0
94249,2025-08-12 07:43:29,2,2,0
94249,2025-08-12 07:38:29,2,2,0
94249,2025-08-12 07:33:29,2,2,0
94249,2025-08-12 07:28:29,2,2,0
94249,2025-08-12 07:23:29,2,2,0
94249,2025-08-12 07:18:29,2,2,0
94249,2025-08-12 07:13:29,2,2,0
94249,2025-08-12 07:08:29,2,2,0
94249,2025-08-12 07:03:29,2,2,0
94249,2025-08-12 06:58:29,2,2,0
94249,2025-08-12 06:53:29,2,2,0
94249,2025-08-12 06:48:29,2,2,0
94249,2025-08-12 06:43:29,2,2,0
94249,2025-08-12 06:38:29,2,2,0
94249,2025-08-12 06:33:29,2,2,0
94249,2025-08-12 06:28:29,2,2,0
94249,2025-08-12 06:23:30,2,2,0
94249,2025-08-12 06:18:29,2,2,0
94249,2025-08-12 06:13:29,2,2,0
94249,2025-08-12 06:08:29,2,2,0
94249,2025-08-12 06:03:29,2,2,0
94249,2025-08-12 05:58:29,2,2,0
94249,2025-08-12 05:53:29,2,2,0
94249,2025-08-12 05:48:29,2,2,0
94249,2025-08-12 05:43:29,2,2,0
94249,2025-08-12 05:38:29,2,2,0
94249,2025-08-12 05:33:29,2,2,0
94249,2025-08-12 05:28:29,2,2,0
94249,2025-08-12 05:23:29,2,2,0
94249,2025-08-12 05:18:29,2,2,0
94249,2025-08-12 05:13:29,2,2,0
94249,2025-08-12 05:08:29,2,2,0
94249,2025-08-12 05:03:29,2,2,0
94249,2025-08-12 04:58:29,2,2,0
94249,2025-08-12 04:53:29,2,2,0
94249,2025-08-12 04:48:30,1,2,0
94249,2025-08-12 04:43:29,1,2,0
94249,2025-08-12 04:38:29,1,2,0
94249,2025-08-12 04:33:29,1,2,0
94249,2025-08-12 04:28:29,1,2,0
94249,2025-08-12 04:23:29,1,2,0
94249,2025-08-12 04:18:29,1,2,0
94249,2025-08-12 04:13:29,1,2,0
94249,2025-08-12 04:08:29,1,2,0
94249,2025-08-12 04:03:29,1,2,0
94249,2025-08-12 03:58:29,1,2,0
94249,2025-08-12 03:53:29,1,2,0
94249,2025-08-12 03:48:29,0,2,0
94249,2025-08-12 03:43:29,0,2,0
94249,2025-08-12 03:38:29,0,2,0
94249,2025-08-12 03:33:29,0,2,0
94249,2025-08-12 03:28:29,0,2,0
94249,2025-08-12 03:23:29,0,2,0
94249,2025-08-12 03:18:29,0,2,0
94249,2025-08-12 03:13:30,0,2,0
94249,2025-08-12 03:08:29,0,2,0
94249,2025-08-12 03:03:29,0,2,0
94249,2025-08-12 02:58:29,0,2,0
94249,2025-08-12 02:53:29,0,2,0
94249,2025-08-12 02:48:29,0,2,0
94249,2025-08-12 02:43:29,0,2,0
94249,2025-08-12 02:38:29,0,2,0
94249,2025-08-12 02:33:29,0,2,0
94249,2025-08-12 02:28:29,0,2,0
94249,2025-08-12 02:23:29,0,2,0
94249,2025-08-12 02:18:29,0,2,0
94249,2025-08-12 02:13:29,0,2,0
94249,2025-08-12 02:08:29,0,2,0
94249,2025-08-12 02:03:29,0,2,0
94249,2025-08-12 01:58:29,0,2,0
94249,2025-08-12 01:53:29,0,2,0
94249,2025-08-12 01:48:29,0,2,0
94249,2025-08-12 01:43:29,0,2,0
94249,2025-08-12 01:38:29,0,2,0
94249,2025-08-12 01:33:29,0,2,0
94249,2025-08-12 01:28:29,0,2,0
94249,2025-08-12 01:23:29,0,2,0
94249,2025-08-12 01:18:29,0,2,0
94249,2025-08-12 01:13:29,0,2,0
94249,2025-08-12 01:08:29,0,2,0
94249,2025-08-12 01:03:29,0,2,0
94249,2025-08-12 00:58:29,0,2,0
94249,2025-08-12 00:53:29,0,2,0
94249,2025-08-12 00:48:29,0,2,0
94249,2025-08-12 00:43:29,0,2,0
94249,2025-08-12 00:38:29,0,2,0
94249,2025-08-12 00:33:29,0,2,0
94249,2025-08-12 00:28:29,0,2,0
94249,2025-08-12 00:23:29,0,2,0
94249,2025-08-12 00:18:29,0,2,0
94249,2025-08-12 00:13:29,0,2,0
94249,2025-08-12 00:08:29,0,2,0
94249,2025-08-12 00:03:29,0,2,0
94249,2025-08-11 23:58:29,1,2,0
94249,2025-08-11 23:53:29,1,2,0
94249,2025-08-11 23:48:29,1,2,0
94249,2025-08-11 23:43:29,0,2,0
94249,2025-08-11 23:38:29,0,2,0
94249,2025-08-11 23:33:29,0,2,0
94249,2025-08-11 23:28:29,0,2,0
94249,2025-08-11 23:23:31,0,2,0
94249,2025-08-11 23:18:29,0,2,0
94249,2025-08-11 23:13:29,0,2,0
94249,2025-08-11 23:08:30,0,2,0
94249,2025-08-11 23:03:30,0,2,0
94249,2025-08-11 22:58:29,0,2,0
94249,2025-08-11 22:53:29,0,2,0
94249,2025-08-11 22:48:29,0,2,0
94249,2025-08-11 22:43:29,0,2,0
94249,2025-08-11 22:38:40,0,2,0
94249,2025-08-11 22:33:29,0,2,0
94249,2025-08-11 22:28:29,0,2,0
94249,2025-08-11 22:23:29,0,2,0
94249,2025-08-11 22:18:31,0,2,0
94249,2025-08-11 22:13:29,0,2,0
94249,2025-08-11 22:08:29,0,2,0
94249,2025-08-11 22:03:29,0,2,0
94249,2025-08-11 21:58:29,0,2,0
94249,2025-08-11 21:53:29,0,2,0
94249,2025-08-11 21:48:29,0,2,0
94249,2025-08-11 21:43:29,0,2,0
94249,2025-08-11 21:38:29,0,2,0
94249,2025-08-11 21:33:29,0,2,0
94249,2025-08-11 21:28:29,0,2,0
94249,2025-08-11 21:23:29,0,2,0
94249,2025-08-11 21:18:29,0,2,0
94249,2025-08-11 21:13:29,0,2,0
94249,2025-08-11 21:08:29,0,2,0
94249,2025-08-11 21:03:29,0,2,0
94249,2025-08-11 20:58:29,1,2,0
94249,2025-08-11 20:53:29,1,2,0
94249,2025-08-11 20:48:29,1,2,0
94249,2025-08-11 20:43:29,1,2,0
94249,2025-08-11 20:38:29,1,2,0
94249,2025-08-11 20:33:29,1,2,0
94249,2025-08-11 20:28:29,1,2,0
94249,2025-08-11 20:23:29,1,2,0
94249,2025-08-11 20:18:29,1,2,0
94249,2025-08-11 20:13:29,1,2,0
94249,2025-08-11 20:08:29,1,2,0
94249,2025-08-11 20:03:30,1,2,0
94249,2025-08-11 19:58:29,1,2,0
94249,2025-08-11 19:53:29,0,2,0
94249,2025-08-11 19:48:29,0,2,0
94249,2025-08-11 19:43:29,0,2,0
94249,2025-08-11 19:38:29,0,2,0
94249,2025-08-11 19:33:29,0,2,0
94249,2025-08-11 19:28:29,0,2,0
94249,2025-08-11 19:23:29,0,2,0
94249,2025-08-11 19:18:29,0,2,0
94249,2025-08-11 19:13:29,0,2,0
94249,2025-08-11 19:08:29,0,2,0
94249,2025-08-11 19:03:29,0,2,0
94249,2025-08-11 18:58:29,1,2,0
94249,2025-08-11 18:53:29,1,2,0
94249,2025-08-11 18:48:29,1,2,0
94249,2025-08-11 18:43:29,1,2,0
94249,2025-08-11 18:38:29,1,2,0
94249,2025-08-11 18:33:29,1,2,0
94249,2025-08-11 18:28:29,1,2,0
94249,2025-08-11 18:23:29,1,2,0
94249,2025-08-11 18:18:30,1,2,0
94249,2025-08-11 18:13:29,1,2,0
94249,2025-08-11 18:08:29,1,2,0
94249,2025-08-11 18:03:29,1,2,0
94249,2025-08-11 17:58:29,1,2,0
94249,2025-08-11 17:53:29,1,2,0
94249,2025-08-11 17:48:29,1,2,0
94249,2025-08-11 17:43:29,1,2,0
94249,2025-08-11 17:38:29,1,2,0
94249,2025-08-11 17:33:29,1,2,0
94249,2025-08-11 17:28:29,1,2,0
94249,2025-08-11 17:23:29,1,2,0
94249,2025-08-11 17:18:29,2,2,0
94249,2025-08-11 17:13:29,2,2,0
94249,2025-08-11 17:08:29,2,2,0
94249,2025-08-11 17:03:29,1,2,0
94249,2025-08-11 16:58:29,1,2,0
94249,2025-08-11 16:53:29,1,2,0
94249,2025-08-11 16:48:29,1,2,0
94249,2025-08-11 16:43:30,1,2,0
94249,2025-08-11 16:38:29,1,2,0
94249,2025-08-11 16:33:29,1,2,0
94249,2025-08-11 16:28:29,1,2,0
94249,2025-08-11 16:23:29,1,2,0
94249,2025-08-11 16:18:29,1,2,0
94249,2025-08-11 16:13:29,1,2,0
94249,2025-08-11 16:08:29,1,2,0
94249,2025-08-11 16:03:29,1,2,0
94249,2025-08-11 15:58:40,1,2,0
94249,2025-08-11 15:53:29,1,2,0
94249,2025-08-11 15:48:29,1,2,0
94249,2025-08-11 15:43:29,1,2,0
94249,2025-08-11 15:38:29,1,2,0
94249,2025-08-11 15:33:29,1,2,0
94249,2025-08-11 15:28:29,1,2,0
94249,2025-08-11 15:23:29,1,2,0
94249,2025-08-11 15:18:29,1,2,0
94249,2025-08-11 15:13:29,1,2,0
94249,2025-08-11 15:08:29,1,2,0
94249,2025-08-11 15:03:29,2,2,0
94249,2025-08-11 14:58:29,2,2,0
94249,2025-08-11 14:53:29,2,2,0
94249,2025-08-11 14:48:29,2,2,0
94249,2025-08-11 14:43:29,2,2,0
94249,2025-08-11 14:38:29,2,2,0
94249,2025-08-11 14:33:29,2,2,0
94249,2025-08-11 14:28:29,2,2,0
94249,2025-08-11 14:23:29,2,2,0
94249,2025-08-11 14:18:29,2,2,0
94249,2025-08-11 14:13:29,2,2,0
94249,2025-08-11 14:08:29,2,2,0
94249,2025-08-11 14:03:29,2,2,0
94249,2025-08-11 13:58:29,2,2,0
94249,2025-08-11 13:53:29,2,2,0
94249,2025-08-11 13:48:29,2,2,0
94249,2025-08-11 13:43:29,2,2,0
94249,2025-08-11 13:38:29,2,2,0
94249,2025-08-11 13:33:30,2,2,0
94249,2025-08-11 13:28:29,2,2,0
94249,2025-08-11 13:23:29,2,2,0
94249,2025-08-11 13:18:29,2,2,0
94249,2025-08-11 13:13:29,2,2,0
94249,2025-08-11 13:08:29,2,2,0
94249,2025-08-11 13:03:29,1,2,0
94249,2025-08-11 12:58:29,1,2,0
94249,2025-08-11 12:53:29,1,2,0
94249,2025-08-11 12:48:29,1,2,0
94249,2025-08-11 12:43:30,1,2,0
94249,2025-08-11 12:38:29,1,2,0
94249,2025-08-11 12:33:29,1,2,0
94249,2025-08-11 12:28:29,1,2,0
94249,2025-08-11 12:23:29,1,2,0
94249,2025-08-11 12:18:29,1,2,0
94249,2025-08-11 12:13:29,1,2,0
94249,2025-08-11 12:08:29,1,2,0
94249,2025-08-11 12:03:29,1,2,0
94249,2025-08-11 11:58:29,1,2,0
94249,2025-08-11 11:53:29,1,2,0
94249,2025-08-11 11:48:29,1,2,0
94249,2025-08-11 11:43:29,1,2,0
94249,2025-08-11 11:38:29,1,2,0
94249,2025-08-11 11:33:29,1,2,0
94249,2025-08-11 11:28:29,1,2,0
94249,2025-08-11 11:23:29,1,2,0
94249,2025-08-11 11:18:29,1,2,0
94249,2025-08-11 11:13:29,1,2,0
94249,2025-08-11 11:08:29,1,2,0
94249,2025-08-11 11:03:29,0,2,0
94249,2025-08-11 10:58:29,0,2,0
94249,2025-08-11 10:53:29,0,2,0
94249,2025-08-11 10:48:29,0,2,0
94249,2025-08-11 10:43:29,0,2,0
94249,2025-08-11 10:38:29,0,2,0
94249,2025-08-11 10:33:29,0,2,0
94249,2025-08-11 10:28:29,0,2,0
94249,2025-08-11 10:23:29,0,2,0
94249,2025-08-11 10:18:29,0,2,0
94249,2025-08-11 10:13:29,0,2,0
94249,2025-08-11 10:08:29,0,2,0
94249,2025-08-11 10:03:29,0,2,0
94249,2025-08-11 09:58:29,0,2,0
94249,2025-08-11 09:53:29,0,2,0
94249,2025-08-11 09:48:29,0,2,0
94249,2025-08-11 09:43:29,0,2,0
94249,2025-08-11 09:38:29,0,2,0
94249,2025-08-11 09:33:29,0,2,0
94249,2025-08-11 09:28:29,0,2,0
94249,2025-08-11 09:23:29,0,2,0
94249,2025-08-11 09:18:29,0,2,0
94249,2025-08-11 09:13:29,0,2,0
94249,2025-08-11 09:08:29,0,2,0
94249,2025-08-11 09:03:29,0,2,0
94249,2025-08-11 08:58:29,0,2,0
94249,2025-08-11 08:53:29,0,2,0
94249,2025-08-11 08:48:29,0,2,0
94249,2025-08-11 08:43:29,0,2,0
94249,2025-08-11 08:38:29,0,2,0
94249,2025-08-11 08:33:29,0,2,0
94249,2025-08-11 08:28:29,0,2,0
94249,2025-08-11 08:23:29,0,2,0
94249,2025-08-11 08:18:29,0,2,0
94249,2025-08-11 08:13:29,0,2,0
94249,2025-08-11 08:08:29,0,2,0
94249,2025-08-11 08:03:29,0,2,0
94249,2025-08-11 07:58:29,0,2,0
94249,2025-08-11 07:53:29,0,2,0
94249,2025-08-11 07:48:29,0,2,0
94249,2025-08-11 07:43:29,0,2,0
94249,2025-08-11 07:38:29,0,2,0
94249,2025-08-11 07:33:29,0,2,0
94249,2025-08-11 07:28:29,0,2,0
94249,2025-08-11 07:23:29,0,2,0
94249,2025-08-11 07:18:29,0,2,0
94249,2025-08-11 07:13:29,0,2,0
94249,2025-08-11 07:08:29,0,2,0
94249,2025-08-11 07:03:29,0,2,0
94249,2025-08-11 06:58:29,0,2,0
94249,2025-08-11 06:53:29,0,2,0
94249,2025-08-11 06:48:29,0,2,0
94249,2025-08-11 06:43:29,0,2,0
94249,2025-08-11 06:38:29,0,2,0
94249,2025-08-11 06:33:29,0,2,0
94249,2025-08-11 06:28:29,0,2,0
94249,2025-08-11 06:23:29,0,2,0
94249,2025-08-11 06:18:29,0,2,0
94249,2025-08-11 06:13:29,0,2,0
94249,2025-08-11 06:08:29,0,2,0
94249,2025-08-11 06:03:29,0,2,0
94249,2025-08-11 05:58:29,0,2,0
94249,2025-08-11 05:53:29,0,2,0
94249,2025-08-11 05:48:29,0,2,0
94249,2025-08-11 05:43:29,0,2,0
94249,2025-08-11 05:38:29,0,2,0
94249,2025-08-11 05:33:29,0,2,0
94249,2025-08-11 05:28:29,0,2,0
94249,2025-08-11 05:23:29,0,2,0
94249,2025-08-11 05:18:29,1,2,0
94249,2025-08-11 05:13:29,0,2,0
94249,2025-08-11 05:08:29,0,2,0
94249,2025-08-11 05:03:29,0,2,0
94249,2025-08-11 04:58:29,0,2,0
94249,2025-08-11 04:53:29,0,2,0
94249,2025-08-11 04:48:29,0,2,0
94249,2025-08-11 04:43:29,0,2,0
94249,2025-08-11 04:38:29,0,2,0
94249,2025-08-11 04:33:29,0,2,0
94249,2025-08-11 04:28:29,0,2,0
94249,2025-08-11 04:23:29,0,2,0
94249,2025-08-11 04:18:29,1,2,0
94249,2025-08-11 04:13:29,2,2,0
94249,2025-08-11 04:08:29,2,2,0
94249,2025-08-11 04:03:29,1,2,0
94249,2025-08-11 03:58:29,1,2,0
94249,2025-08-11 03:53:29,1,2,0
94249,2025-08-11 03:48:29,1,2,0
94249,2025-08-11 03:43:29,1,2,0
94249,2025-08-11 03:38:29,1,2,0
94249,2025-08-11 03:33:29,1,2,0
94249,2025-08-11 03:28:29,1,2,0
94249,2025-08-11 03:23:29,1,2,0
94249,2025-08-11 03:18:29,1,2,0
94249,2025-08-11 03:13:29,1,2,0
94249,2025-08-11 03:08:29,1,2,0
94249,2025-08-11 03:03:29,0,2,0
94249,2025-08-11 02:58:29,0,2,0
94249,2025-08-11 02:53:29,0,2,0
94249,2025-08-11 02:48:29,0,2,0
94249,2025-08-11 02:43:29,0,2,0
94249,2025-08-11 02:38:29,0,2,0
94249,2025-08-11 02:33:29,0,2,0
94249,2025-08-11 02:28:29,0,2,0
94249,2025-08-11 02:23:29,0,2,0
94249,2025-08-11 02:18:29,0,2,0
94249,2025-08-11 02:13:29,0,2,0
94249,2025-08-11 02:08:29,0,2,0
94249,2025-08-11 02:03:29,0,2,0
94249,2025-08-11 01:58:29,0,2,0
94249,2025-08-11 01:53:29,0,2,0
94249,2025-08-11 01:48:30,0,2,0
94249,2025-08-11 01:43:29,0,2,0
94249,2025-08-11 01:38:29,0,2,0
94249,2025-08-11 01:33:29,0,2,0
94249,2025-08-11 01:28:29,0,2,0
94249,2025-08-11 01:23:29,0,2,0
94249,2025-08-11 01:18:29,0,2,0
94249,2025-08-11 01:13:29,1,2,0
94249,2025-08-11 01:08:29,1,2,0
94249,2025-08-11 01:03:29,1,2,0
94249,2025-08-11 00:58:29,1,2,0
94249,2025-08-11 00:53:29,1,2,0
94249,2025-08-11 00:48:29,1,2,0
94249,2025-08-11 00:43:29,0,2,0
94249,2025-08-11 00:38:29,0,2,0
94249,2025-08-11 00:33:29,0,2,0
94249,2025-08-11 00:28:29,0,2,0
94249,2025-08-11 00:23:30,0,2,0
94249,2025-08-11 00:18:29,0,2,0
94249,2025-08-11 00:13:29,0,2,0
94249,2025-08-11 00:08:29,0,2,0
94249,2025-08-11 00:03:29,0,2,0
94249,2025-08-10 23:58:29,0,2,0
94249,2025-08-10 23:53:29,0,2,0
94249,2025-08-10 23:48:30,0,2,0
94249,2025-08-10 23:43:29,0,2,0
94249,2025-08-10 23:38:29,0,2,0
94249,2025-08-10 23:33:29,0,2,0
94249,2025-08-10 23:28:29,1,2,0
94249,2025-08-10 23:23:29,1,2,0
94249,2025-08-10 23:18:29,1,2,0
94249,2025-08-10 23:13:31,2,2,0
94249,2025-08-10 23:08:29,2,2,0
94249,2025-08-10 23:03:29,0,2,0
94249,2025-08-10 22:58:29,0,2,0
94249,2025-08-10 22:53:29,0,2,0
94249,2025-08-10 22:48:29,0,2,0
94249,2025-08-10 22:43:29,0,2,0
94249,2025-08-10 22:38:29,0,2,0
94249,2025-08-10 22:33:29,0,2,0
94249,2025-08-10 22:28:29,0,2,0
94249,2025-08-10 22:23:29,0,2,0
94249,2025-08-10 22:18:29,0,2,0
94249,2025-08-10 22:13:29,0,2,0
94249,2025-08-10 22:08:29,0,2,0
94249,2025-08-10 22:03:29,0,2,0
94249,2025-08-10 21:58:30,0,2,0
94249,2025-08-10 21:53:29,0,2,0
94249,2025-08-10 21:48:29,0,2,0
94249,2025-08-10 21:43:29,0,2,0
94249,2025-08-10 21:38:29,0,2,0
94249,2025-08-10 21:33:29,0,2,0
94249,2025-08-10 21:28:29,0,2,0
94249,2025-08-10 21:23:29,0,2,0
94249,2025-08-10 21:18:29,0,2,0
94249,2025-08-10 21:13:29,0,2,0
94249,2025-08-10 21:08:29,0,2,0
94249,2025-08-10 21:03:29,0,2,0
94249,2025-08-10 20:58:30,1,2,0
94249,2025-08-10 20:53:29,1,2,0
94249,2025-08-10 20:48:29,1,2,0
94249,2025-08-10 20:43:29,1,2,0
94249,2025-08-10 20:38:29,1,2,0
94249,2025-08-10 20:33:29,1,2,0
94249,2025-08-10 20:28:29,1,2,0
94249,2025-08-10 20:23:29,1,2,0
94249,2025-08-10 20:18:29,1,2,0
94249,2025-08-10 20:13:30,0,2,0
94249,2025-08-10 20:08:29,0,2,0
94249,2025-08-10 20:03:29,0,2,0
94249,2025-08-10 19:58:29,0,2,0
94249,2025-08-10 19:53:29,0,2,0
94249,2025-08-10 19:48:29,0,2,0
94249,2025-08-10 19:43:29,0,2,0
94249,2025-08-10 19:38:29,0,2,0
94249,2025-08-10 19:33:29,0,2,0
94249,2025-08-10 19:28:29,0,2,0
94249,2025-08-10 19:23:29,0,2,0
94249,2025-08-10 19:18:29,0,2,0
94249,2025-08-10 19:13:29,0,2,0
94249,2025-08-10 19:08:29,0,2,0
94249,2025-08-10 19:03:29,0,2,0
94249,2025-08-10 18:58:29,0,2,0
94249,2025-08-10 18:53:30,0,2,0
94249,2025-08-10 18:48:29,0,2,0
94249,2025-08-10 18:43:29,1,2,0
94249,2025-08-10 18:38:29,1,2,0
94249,2025-08-10 18:33:29,1,2,0
94249,2025-08-10 18:28:29,1,2,0
94249,2025-08-10 18:23:29,1,2,0
94249,2025-08-10 18:18:29,1,2,0
94249,2025-08-10 18:13:29,1,2,0
94249,2025-08-10 18:08:29,1,2,0
94249,2025-08-10 18:03:29,1,2,0
94249,2025-08-10 17:58:29,1,2,0
94249,2025-08-10 17:53:32,1,2,0
94249,2025-08-10 17:48:29,1,2,0
94249,2025-08-10 17:43:29,1,2,0
94249,2025-08-10 17:38:29,1,2,0
94249,2025-08-10 17:33:29,1,2,0
94249,2025-08-10 17:28:29,1,2,0
94249,2025-08-10 17:23:30,1,2,0
94249,2025-08-10 17:18:29,2,2,0
94249,2025-08-10 17:13:29,1,2,0
94249,2025-08-10 17:08:29,1,2,0
94249,2025-08-10 17:03:29,1,2,0
94249,2025-08-10 16:58:29,1,2,0
94249,2025-08-10 16:53:29,1,2,0
94249,2025-08-10 16:48:29,1,2,0
94249,2025-08-10 16:43:29,1,2,0
94249,2025-08-10 16:38:29,1,2,0
94249,2025-08-10 16:33:29,1,2,0
94249,2025-08-10 16:28:29,0,2,0
94249,2025-08-10 16:23:29,0,2,0
94249,2025-08-10 16:18:29,0,2,0
94249,2025-08-10 16:13:29,0,2,0
94249,2025-08-10 16:08:29,0,2,0
94249,2025-08-10 16:03:29,0,2,0
94249,2025-08-10 15:58:29,0,2,0
94249,2025-08-10 15:53:29,0,2,0
94249,2025-08-10 15:48:29,0,2,0
94249,2025-08-10 15:43:29,0,2,0
94249,2025-08-10 15:38:29,0,2,0
94249,2025-08-10 15:33:29,0,2,0
94249,2025-08-10 15:28:29,0,2,0
94249,2025-08-10 15:23:29,0,2,0
94249,2025-08-10 15:18:29,0,2,0
94249,2025-08-10 15:13:29,0,2,0
94249,2025-08-10 15:08:29,0,2,0
94249,2025-08-10 15:03:29,0,2,0
94249,2025-08-10 14:58:29,0,2,0
94249,2025-08-10 14:53:29,0,2,0
94249,2025-08-10 14:48:29,0,2,0
94249,2025-08-10 14:43:29,0,2,0
94249,2025-08-10 14:38:30,0,2,0
94249,2025-08-10 14:33:29,0,2,0
94249,2025-08-10 14:28:29,0,2,0
94249,2025-08-10 14:23:29,0,2,0
94249,2025-08-10 14:18:29,0,2,0
94249,2025-08-10 14:13:29,0,2,0
94249,2025-08-10 14:08:29,0,2,0
94249,2025-08-10 14:03:30,0,2,0
94249,2025-08-10 13:58:29,1,2,0
94249,2025-08-10 13:53:29,1,2,0
94249,2025-08-10 13:48:29,1,2,0
94249,2025-08-10 13:43:29,1,2,0
94249,2025-08-10 13:38:29,1,2,0
94249,2025-08-10 13:33:29,1,2,0
94249,2025-08-10 13:28:29,1,2,0
94249,2025-08-10 13:23:29,1,2,0
94249,2025-08-10 13:18:29,1,2,0
94249,2025-08-10 13:13:29,1,2,0
94249,2025-08-10 13:08:29,1,2,0
94249,2025-08-10 13:03:29,1,2,0
94249,2025-08-10 12:58:29,1,2,0
94249,2025-08-10 12:53:29,1,2,0
94249,2025-08-10 12:48:29,1,2,0
94249,2025-08-10 12:43:29,1,2,0
94249,2025-08-10 12:38:29,1,2,0
94249,2025-08-10 12:33:29,1,2,0
94249,2025-08-10 12:28:29,1,2,0
94249,2025-08-10 12:23:29,1,2,0
94249,2025-08-10 12:18:29,0,2,0
94249,2025-08-10 12:13:29,0,2,0
94249,2025-08-10 12:08:29,0,2,0
94249,2025-08-10 12:03:29,0,2,0
94249,2025-08-10 11:58:29,0,2,0
94249,2025-08-10 11:53:29,0,2,0
94249,2025-08-10 11:48:29,0,2,0
94249,2025-08-10 11:43:30,0,2,0
94249,2025-08-10 11:38:29,0,2,0
94249,2025-08-10 11:33:29,0,2,0
94249,2025-08-10 11:28:29,0,2,0
94249,2025-08-10 11:23:29,1,2,0
94249,2025-08-10 11:18:29,1,2,0
94249,2025-08-10 11:13:29,1,2,0
94249,2025-08-10 11:08:29,1,2,0
94249,2025-08-10 11:03:29,1,2,0
94249,2025-08-10 10:58:29,1,2,0
94249,2025-08-10 10:53:29,1,2,0
94249,2025-08-10 10:48:29,1,2,0
94249,2025-08-10 10:43:29,1,2,0
94249,2025-08-10 10:38:29,1,2,0
94249,2025-08-10 10:33:29,1,2,0
94249,2025-08-10 10:28:29,1,2,0
94249,2025-08-10 10:23:29,1,2,0
94249,2025-08-10 10:18:29,1,2,0
94249,2025-08-10 10:13:29,1,2,0
94249,2025-08-10 10:08:29,1,2,0
94249,2025-08-10 10:03:29,1,2,0
94249,2025-08-10 09:58:29,1,2,0
94249,2025-08-10 09:53:29,1,2,0
94249,2025-08-10 09:48:29,1,2,0
94249,2025-08-10 09:43:29,1,2,0
94249,2025-08-10 09:38:29,1,2,0
94249,2025-08-10 09:33:29,1,2,0
94249,2025-08-10 09:28:29,1,2,0
94249,2025-08-10 09:23:29,1,2,0
94249,2025-08-10 09:18:29,1,2,0
94249,2025-08-10 09:13:29,1,2,0
94249,2025-08-10 09:08:29,1,2,0
94249,2025-08-10 09:03:29,1,2,0
94249,2025-08-10 08:58:29,1,2,0
94249,2025-08-10 08:53:29,1,2,0
94249,2025-08-10 08:48:29,1,2,0
94249,2025-08-10 08:43:29,1,2,0
94249,2025-08-10 08:38:30,1,2,0
94249,2025-08-10 08:33:29,1,2,0
94249,2025-08-10 08:28:29,1,2,0
94249,2025-08-10 08:23:29,1,2,0
94249,2025-08-10 08:18:29,1,2,0
94249,2025-08-10 08:13:29,1,2,0
94249,2025-08-10 08:08:29,1,2,0
94249,2025-08-10 08:03:29,1,2,0
94249,2025-08-10 07:58:29,1,2,0
94249,2025-08-10 07:53:29,1,2,0
94249,2025-08-10 07:48:29,1,2,0
94249,2025-08-10 07:43:29,1,2,0
94249,2025-08-10 07:38:29,1,2,0
94249,2025-08-10 07:33:29,1,2,0
94249,2025-08-10 07:28:29,1,2,0
94249,2025-08-10 07:23:29,1,2,0
94249,2025-08-10 07:18:29,1,2,0
94249,2025-08-10 07:13:29,1,2,0
94249,2025-08-10 07:08:29,1,2,0
94249,2025-08-10 07:03:29,1,2,0
94249,2025-08-10 06:58:29,1,2,0
94249,2025-08-10 06:53:29,0,2,0
94249,2025-08-10 06:48:29,0,2,0
94249,2025-08-10 06:43:29,0,2,0
94249,2025-08-10 06:38:29,0,2,0
94249,2025-08-10 06:33:29,0,2,0
94249,2025-08-10 06:28:29,0,2,0
94249,2025-08-10 06:23:29,0,2,0
94249,2025-08-10 06:18:29,0,2,0
94249,2025-08-10 06:13:29,0,2,0
94249,2025-08-10 06:08:29,0,2,0
94249,2025-08-10 06:03:29,0,2,0
94249,2025-08-10 05:58:29,0,2,0
94249,2025-08-10 05:53:29,0,2,0
94249,2025-08-10 05:48:29,0,2,0
94249,2025-08-10 05:43:29,0,2,0
94249,2025-08-10 05:38:29,0,2,0
94249,2025-08-10 05:33:29,0,2,0
94249,2025-08-10 05:28:29,0,2,0
94249,2025-08-10 05:23:29,0,2,0
94249,2025-08-10 05:18:29,0,2,0
94249,2025-08-10 05:13:29,0,2,0
94249,2025-08-10 05:08:29,0,2,0
94249,2025-08-10 05:03:29,0,2,0
94249,2025-08-10 04:58:29,0,2,0
94249,2025-08-10 04:53:29,0,2,0
94249,2025-08-10 04:48:29,0,2,0
94249,2025-08-10 04:43:29,0,2,0
94249,2025-08-10 04:38:29,0,2,0
94249,2025-08-10 04:33:29,0,2,0
94249,2025-08-10 04:28:29,0,2,0
94249,2025-08-10 04:23:29,0,2,0
94249,2025-08-10 04:18:29,0,2,0
94249,2025-08-10 04:13:29,0,2,0
94249,2025-08-10 04:08:29,0,2,0
94249,2025-08-10 04:03:29,0,2,0
94249,2025-08-10 03:58:29,0,2,0
94249,2025-08-10 03:53:29,0,2,0
94249,2025-08-10 03:48:29,0,2,0
94249,2025-08-10 03:43:30,0,2,0
94249,2025-08-10 03:38:29,0,2,0
94249,2025-08-10 03:33:29,0,2,0
94249,2025-08-10 03:28:29,0,2,0
94249,2025-08-10 03:23:29,0,2,0
94249,2025-08-10 03:18:29,0,2,0
94249,2025-08-10 03:13:29,0,2,0
94249,2025-08-10 03:08:29,0,2,0
94249,2025-08-10 03:03:29,0,2,0
94249,2025-08-10 02:58:29,0,2,0
94249,2025-08-10 02:53:29,0,2,0
94249,2025-08-10 02:48:29,0,2,0
94249,2025-08-10 02:43:29,0,2,0
94249,2025-08-10 02:38:29,0,2,0
94249,2025-08-10 02:33:29,0,2,0
94249,2025-08-10 02:28:29,0,2,0
94249,2025-08-10 02:23:29,0,2,0
94249,2025-08-10 02:18:29,0,2,0
94249,2025-08-10 02:13:29,0,2,0
94249,2025-08-10 02:08:29,0,2,0
94249,2025-08-10 02:03:29,0,2,0
94249,2025-08-10 01:58:29,0,2,0
94249,2025-08-10 01:53:29,0,2,0
94249,2025-08-10 01:48:29,0,2,0
94249,2025-08-10 01:43:29,0,2,0
94249,2025-08-10 01:38:29,0,2,0
94249,2025-08-10 01:33:29,0,2,0
94249,2025-08-10 01:28:29,0,2,0
94249,2025-08-10 01:23:29,0,2,0
94249,2025-08-10 01:18:29,0,2,0
94249,2025-08-10 01:13:37,0,2,0
94249,2025-08-10 01:08:29,0,2,0
94249,2025-08-10 01:03:29,0,2,0
94249,2025-08-10 00:58:29,0,2,0
94249,2025-08-10 00:53:29,0,2,0
94249,2025-08-10 00:48:29,0,2,0
94249,2025-08-10 00:43:29,0,2,0
94249,2025-08-10 00:38:29,0,2,0
94249,2025-08-10 00:33:29,1,2,0
94249,2025-08-10 00:28:29,1,2,0
94249,2025-08-10 00:23:29,1,2,0
94249,2025-08-10 00:18:29,1,2,0
94249,2025-08-10 00:13:29,1,2,0
94249,2025-08-10 00:08:29,1,2,0
94249,2025-08-10 00:03:29,1,2,0
94249,2025-08-09 23:58:29,1,2,0
94249,2025-08-09 23:53:29,1,2,0
94249,2025-08-09 23:48:29,1,2,0
94249,2025-08-09 23:43:29,1,2,0
94249,2025-08-09 23:38:29,1,2,0
94249,2025-08-09 23:33:29,1,2,0
94249,2025-08-09 23:28:29,1,2,0
94249,2025-08-09 23:23:29,1,2,0
94249,2025-08-09 23:18:29,1,2,0
94249,2025-08-09 23:13:29,0,2,0
94249,2025-08-09 23:08:29,0,2,0
94249,2025-08-09 23:03:29,0,2,0
94249,2025-08-09 22:58:29,0,2,0
94249,2025-08-09 22:53:29,0,2,0
94249,2025-08-09 22:48:29,0,2,0
94249,2025-08-09 22:43:29,0,2,0
94249,2025-08-09 22:38:29,0,2,0
94249,2025-08-09 22:33:29,0,2,0
94249,2025-08-09 22:28:29,0,2,0
94249,2025-08-09 22:23:29,0,2,0
94249,2025-08-09 22:18:30,0,2,0
94249,2025-08-09 22:13:29,0,2,0
94249,2025-08-09 22:08:29,0,2,0
94249,2025-08-09 22:03:29,0,2,0
94249,2025-08-09 21:58:29,0,2,0
94249,2025-08-09 21:53:29,0,2,0
94249,2025-08-09 21:48:29,1,2,0
94249,2025-08-09 21:43:29,1,2,0
94249,2025-08-09 21:38:29,1,2,0
94249,2025-08-09 21:33:29,1,2,0
94249,2025-08-09 21:28:30,1,2,0
94249,2025-08-09 21:23:29,1,2,0
94249,2025-08-09 21:18:29,1,2,0
94249,2025-08-09 21:13:29,1,2,0
94249,2025-08-09 21:08:29,1,2,0
94249,2025-08-09 21:03:29,1,2,0
94249,2025-08-09 20:58:29,1,2,0
94249,2025-08-09 20:53:29,1,2,0
94249,2025-08-09 20:48:29,1,2,0
94249,2025-08-09 20:43:29,1,2,0
94249,2025-08-09 20:38:29,1,2,0
94249,2025-08-09 20:33:29,1,2,0
94249,2025-08-09 20:28:29,1,2,0
94249,2025-08-09 20:23:29,1,2,0
94249,2025-08-09 20:18:29,1,2,0
94249,2025-08-09 20:13:29,1,2,0
94249,2025-08-09 20:08:29,1,2,0
94249,2025-08-09 20:03:29,1,2,0
94249,2025-08-09 19:58:29,1,2,0
94249,2025-08-09 19:53:29,1,2,0
94249,2025-08-09 19:48:29,1,2,0
94249,2025-08-09 19:43:29,1,2,0
94249,2025-08-09 19:38:29,1,2,0
94249,2025-08-09 19:33:29,0,2,0
94249,2025-08-09 19:28:29,0,2,0
94249,2025-08-09 19:23:29,0,2,0
94249,2025-08-09 19:18:29,1,2,0
94249,2025-08-09 19:13:29,1,2,0
94249,2025-08-09 19:08:29,1,2,0
94249,2025-08-09 19:03:29,1,2,0
94249,2025-08-09 18:58:29,1,2,0
94249,2025-08-09 18:53:29,1,2,0
94249,2025-08-09 18:48:29,1,2,0
94249,2025-08-09 18:43:29,1,2,0
94249,2025-08-09 18:38:29,1,2,0
94249,2025-08-09 18:33:29,1,2,0
94249,2025-08-09 18:28:29,1,2,0
94249,2025-08-09 18:23:30,1,2,0
94249,2025-08-09 18:18:29,1,2,0
94249,2025-08-09 18:13:30,1,2,0
94249,2025-08-09 18:08:30,1,2,0
94249,2025-08-09 18:03:29,1,2,0
94249,2025-08-09 17:58:29,0,2,0
94249,2025-08-09 17:53:29,0,2,0
94249,2025-08-09 17:48:29,0,2,0
94249,2025-08-09 17:43:30,0,2,0
94249,2025-08-09 17:38:29,0,2,0
94249,2025-08-09 17:33:29,0,2,0
94249,2025-08-09 17:28:29,0,2,0
94249,2025-08-09 17:23:29,0,2,0
94249,2025-08-09 17:18:29,0,2,0
94249,2025-08-09 17:13:30,0,2,0
94249,2025-08-09 17:08:29,0,2,0
94249,2025-08-09 17:03:29,0,2,0
94249,2025-08-09 16:58:29,0,2,0
94249,2025-08-09 16:53:29,0,2,0
94249,2025-08-09 16:48:29,0,2,0
94249,2025-08-09 16:43:29,0,2,0
94249,2025-08-09 16:38:29,0,2,0
94249,2025-08-09 16:33:29,0,2,0
94249,2025-08-09 16:28:29,0,2,0
94249,2025-08-09 16:23:29,0,2,0
94249,2025-08-09 16:18:29,0,2,0
94249,2025-08-09 16:13:29,0,2,0
94249,2025-08-09 16:08:29,0,2,0
94249,2025-08-09 16:03:29,0,2,0
94249,2025-08-09 15:58:29,0,2,0
94249,2025-08-09 15:53:29,0,2,0
94249,2025-08-09 15:48:29,0,2,0
94249,2025-08-09 15:43:29,0,2,0
94249,2025-08-09 15:38:29,0,2,0
94249,2025-08-09 15:33:29,0,2,0
94249,2025-08-09 15:28:29,0,2,0
94249,2025-08-09 15:23:29,0,2,0
94249,2025-08-09 15:18:29,0,2,0
94249,2025-08-09 15:13:29,0,2,0
94249,2025-08-09 15:08:29,0,2,0
94249,2025-08-09 15:03:29,0,2,0
94249,2025-08-09 14:58:29,0,2,0
94249,2025-08-09 14:53:29,0,2,0
94249,2025-08-09 14:48:29,0,2,0
94249,2025-08-09 14:43:30,0,2,0
94249,2025-08-09 14:38:29,0,2,0
94249,2025-08-09 14:33:29,0,2,0
94249,2025-08-09 14:28:30,0,2,0
94249,2025-08-09 14:23:29,0,2,0
94249,2025-08-09 14:18:29,0,2,0
94249,2025-08-09 14:13:29,0,2,0
94249,2025-08-09 14:08:29,0,2,0
94249,2025-08-09 14:03:29,0,2,0
94249,2025-08-09 13:58:29,0,2,0
94249,2025-08-09 13:53:29,0,2,0
94249,2025-08-09 13:48:29,0,2,0
94249,2025-08-09 13:43:29,0,2,0
94249,2025-08-09 13:38:29,0,2,0
94249,2025-08-09 13:33:29,0,2,0
94249,2025-08-09 13:28:29,0,2,0
94249,2025-08-09 13:23:29,0,2,0
94249,2025-08-09 13:18:29,0,2,0
94249,2025-08-09 13:13:29,0,2,0
94249,2025-08-09 13:08:29,0,2,0
94249,2025-08-09 13:03:29,0,2,0
94249,2025-08-09 12:58:29,0,2,0
94249,2025-08-09 12:53:29,0,2,0
94249,2025-08-09 12:48:29,0,2,0
94249,2025-08-09 12:43:29,0,2,0
94249,2025-08-09 12:38:29,0,2,0
94249,2025-08-09 12:33:29,0,2,0
94249,2025-08-09 12:28:29,0,2,0
94249,2025-08-09 12:23:29,0,2,0
94249,2025-08-09 12:18:30,0,2,0
94249,2025-08-09 12:13:29,0,2,0
94249,2025-08-09 12:08:29,0,2,0
94249,2025-08-09 12:03:30,0,2,0
94249,2025-08-09 11:58:29,0,2,0
94249,2025-08-09 11:53:29,0,2,0
94249,2025-08-09 11:48:29,0,2,0
94249,2025-08-09 11:43:29,0,2,0
94249,2025-08-09 11:38:29,0,2,0
94249,2025-08-09 11:33:29,0,2,0
94249,2025-08-09 11:28:29,0,2,0
94249,2025-08-09 11:23:29,0,2,0
94249,2025-08-09 11:18:29,0,2,0
94249,2025-08-09 11:13:29,0,2,0
94249,2025-08-09 11:08:29,0,2,0
94249,2025-08-09 11:03:29,0,2,0
94249,2025-08-09 10:58:29,0,2,0
94249,2025-08-09 10:53:29,0,2,0
94249,2025-08-09 10:48:29,0,2,0
94249,2025-08-09 10:43:29,0,2,0
94249,2025-08-09 10:38:29,0,2,0
94249,2025-08-09 10:33:29,0,2,0
94249,2025-08-09 10:28:29,0,2,0
94249,2025-08-09 10:23:29,0,2,0
94249,2025-08-09 10:18:29,0,2,0
94249,2025-08-09 10:13:29,1,2,0
94249,2025-08-09 10:08:29,1,2,0
94249,2025-08-09 10:03:29,1,2,0
94249,2025-08-09 09:58:29,1,2,0
94249,2025-08-09 09:53:29,1,2,0
94249,2025-08-09 09:48:29,0,2,0
94249,2025-08-09 09:43:29,0,2,0
94249,2025-08-09 09:38:29,0,2,0
94249,2025-08-09 09:33:29,0,2,0
94249,2025-08-09 09:28:29,0,2,0
94249,2025-08-09 09:23:29,0,2,0
94249,2025-08-09 09:18:29,0,2,0
94249,2025-08-09 09:13:29,0,2,0
94249,2025-08-09 09:08:29,0,2,0
94249,2025-08-09 09:03:29,0,2,0
94249,2025-08-09 08:58:29,0,2,0
94249,2025-08-09 08:53:29,0,2,0
94249,2025-08-09 08:48:29,0,2,0
94249,2025-08-09 08:43:29,0,2,0
94249,2025-08-09 08:38:29,0,2,0
94249,2025-08-09 08:33:29,0,2,0
94249,2025-08-09 08:28:29,0,2,0
94249,2025-08-09 08:23:29,0,2,0
94249,2025-08-09 08:18:29,0,2,0
94249,2025-08-09 08:13:29,0,2,0
94249,2025-08-09 08:08:29,0,2,0
94249,2025-08-09 08:03:29,0,2,0
94249,2025-08-09 07:58:29,0,2,0
94249,2025-08-09 07:53:29,0,2,0
94249,2025-08-09 07:48:29,0,2,0
94249,2025-08-09 07:43:29,0,2,0
94249,2025-08-09 07:38:29,0,2,0
94249,2025-08-09 07:33:30,0,2,0
94249,2025-08-09 07:28:29,0,2,0
94249,2025-08-09 07:23:29,0,2,0
94249,2025-08-09 07:18:29,0,2,0
94249,2025-08-09 07:13:29,0,2,0
94249,2025-08-09 07:08:29,0,2,0
94249,2025-08-09 07:03:29,0,2,0
94249,2025-08-09 06:58:29,0,2,0
94249,2025-08-09 06:53:29,0,2,0
94249,2025-08-09 06:48:29,0,2,0
94249,2025-08-09 06:43:29,0,2,0
94249,2025-08-09 06:38:29,0,2,0
94249,2025-08-09 06:33:29,0,2,0
94249,2025-08-09 06:28:29,0,2,0
94249,2025-08-09 06:23:29,0,2,0
94249,2025-08-09 06:18:29,0,2,0
94249,2025-08-09 06:13:29,0,2,0
94249,2025-08-09 06:08:29,0,2,0
94249,2025-08-09 06:03:29,0,2,0
94249,2025-08-09 05:58:29,0,2,0
94249,2025-08-09 05:53:29,0,2,0
94249,2025-08-09 05:48:29,0,2,0
94249,2025-08-09 05:43:29,0,2,0
94249,2025-08-09 05:38:29,0,2,0
94249,2025-08-09 05:33:29,0,2,0
94249,2025-08-09 05:28:29,1,2,0
94249,2025-08-09 05:23:29,1,2,0
94249,2025-08-09 05:18:29,1,2,0
94249,2025-08-09 05:13:29,1,2,0
94249,2025-08-09 05:08:29,1,2,0
94249,2025-08-09 05:03:29,1,2,0
94249,2025-08-09 04:58:29,1,2,0
94249,2025-08-09 04:53:29,1,2,0
94249,2025-08-09 04:48:29,1,2,0
94249,2025-08-09 04:43:29,1,2,0
94249,2025-08-09 04:38:29,2,2,0
94249,2025-08-09 04:33:29,2,2,0
94249,2025-08-09 04:28:29,2,2,0
94249,2025-08-09 04:23:29,2,2,0
94249,2025-08-09 04:18:29,2,2,0
94249,2025-08-09 04:13:29,2,2,0
94249,2025-08-09 04:08:29,2,2,0
94249,2025-08-09 04:03:29,2,2,0
94249,2025-08-09 03:58:29,2,2,0
94249,2025-08-09 03:53:29,2,2,0
94249,2025-08-09 03:48:29,2,2,0
94249,2025-08-09 03:43:29,2,2,0
94249,2025-08-09 03:38:29,2,2,0
94249,2025-08-09 03:33:29,2,2,0
94249,2025-08-09 03:28:29,2,2,0
94249,2025-08-09 03:23:29,1,2,0
94249,2025-08-09 03:18:29,1,2,0
94249,2025-08-09 03:13:29,1,2,0
94249,2025-08-09 03:08:29,1,2,0
94249,2025-08-09 03:03:29,1,2,0
94249,2025-08-09 02:58:29,1,2,0
94249,2025-08-09 02:53:29,1,2,0
94249,2025-08-09 02:48:29,1,2,0
94249,2025-08-09 02:43:30,0,2,0
94249,2025-08-09 02:38:29,0,2,0
94249,2025-08-09 02:33:29,0,2,0
94249,2025-08-09 02:28:29,0,2,0
94249,2025-08-09 02:23:29,0,2,0
94249,2025-08-09 02:18:29,0,2,0
94249,2025-08-09 02:13:29,0,2,0
94249,2025-08-09 02:08:29,0,2,0
94249,2025-08-09 02:03:29,0,2,0
94249,2025-08-09 01:58:29,0,2,0
94249,2025-08-09 01:53:29,0,2,0
94249,2025-08-09 01:48:29,0,2,0
94249,2025-08-09 01:43:29,0,2,0
94249,2025-08-09 01:38:29,0,2,0
94249,2025-08-09 01:33:29,0,2,0
94249,2025-08-09 01:28:29,0,2,0
94249,2025-08-09 01:23:29,0,2,0
94249,2025-08-09 01:18:29,0,2,0
94249,2025-08-09 01:13:29,0,2,0
94249,2025-08-09 01:08:29,0,2,0
94249,2025-08-09 01:03:29,0,2,0
94249,2025-08-09 00:58:29,0,2,0
94249,2025-08-09 00:53:29,0,2,0
94249,2025-08-09 00:48:29,0,2,0
94249,2025-08-09 00:43:29,0,2,0
94249,2025-08-09 00:38:29,0,2,0
94249,2025-08-09 00:33:29,0,2,0
94249,2025-08-09 00:28:29,0,2,0
94249,2025-08-09 00:23:29,0,2,0
94249,2025-08-09 00:18:29,0,2,0
94249,2025-08-09 00:13:29,0,2,0
94249,2025-08-09 00:08:29,0,2,0
94249,2025-08-09 00:03:29,0,2,0
94249,2025-08-08 23:58:31,0,2,0
94249,2025-08-08 23:53:29,0,2,0
94249,2025-08-08 23:48:29,0,2,0
94249,2025-08-08 23:43:29,0,2,0
94249,2025-08-08 23:38:29,0,2,0
94249,2025-08-08 23:33:29,0,2,0
94249,2025-08-08 23:28:29,0,2,0
94249,2025-08-08 23:23:29,0,2,0
94249,2025-08-08 23:18:29,0,2,0
94249,2025-08-08 23:13:29,0,2,0
94249,2025-08-08 23:08:29,0,2,0
94249,2025-08-08 23:03:29,0,2,0
94249,2025-08-08 22:58:29,0,2,0
94249,2025-08-08 22:53:29,0,2,0
94249,2025-08-08 22:48:29,0,2,0
94249,2025-08-08 22:43:29,1,2,0
94249,2025-08-08 22:38:29,1,2,0
94249,2025-08-08 22:33:29,1,2,0
94249,2025-08-08 22:28:29,1,2,0
94249,2025-08-08 22:23:29,1,2,0
94249,2025-08-08 22:18:29,1,2,0
94249,2025-08-08 22:13:29,1,2,0
94249,2025-08-08 22:08:29,1,2,0
94249,2025-08-08 22:03:29,1,2,0
94249,2025-08-08 21:58:29,1,2,0
94249,2025-08-08 21:53:29,1,2,0
94249,2025-08-08 21:48:29,1,2,0
94249,2025-08-08 21:43:29,1,2,0
94249,2025-08-08 21:38:29,1,2,0
94249,2025-08-08 21:33:29,1,2,0
94249,2025-08-08 21:28:29,1,2,0
94249,2025-08-08 21:23:29,1,2,0
94249,2025-08-08 21:18:29,1,2,0
94249,2025-08-08 21:13:29,1,2,0
94249,2025-08-08 21:08:29,1,2,0
94249,2025-08-08 21:03:29,1,2,0
94249,2025-08-08 20:58:29,1,2,0
94249,2025-08-08 20:53:29,1,2,0
94249,2025-08-08 20:48:29,1,2,0
94249,2025-08-08 20:43:29,1,2,0
94249,2025-08-08 20:38:29,1,2,0
94249,2025-08-08 20:33:29,1,2,0
94249,2025-08-08 20:28:29,1,2,0
94249,2025-08-08 20:23:29,2,2,0
94249,2025-08-08 20:18:29,2,2,0
94249,2025-08-08 20:13:29,2,2,0
94249,2025-08-08 20:08:29,2,2,0
94249,2025-08-08 20:03:29,2,2,0
94249,2025-08-08 19:58:29,2,2,0
94249,2025-08-08 19:53:29,2,2,0
94249,2025-08-08 19:48:29,2,2,0
94249,2025-08-08 19:43:29,2,2,0
94249,2025-08-08 19:38:29,1,2,0
94249,2025-08-08 19:33:29,1,2,0
94249,2025-08-08 19:28:29,1,2,0
94249,2025-08-08 19:23:29,1,2,0
94249,2025-08-08 19:18:29,1,2,0
94249,2025-08-08 19:13:29,1,2,0
94249,2025-08-08 19:08:29,1,2,0
94249,2025-08-08 19:03:29,1,2,0
94249,2025-08-08 18:58:29,1,2,0
94249,2025-08-08 18:53:29,1,2,0
94249,2025-08-08 18:48:29,1,2,0
94249,2025-08-08 18:43:29,1,2,0
94249,2025-08-08 18:38:29,1,2,0
94249,2025-08-08 18:33:29,1,2,0
94249,2025-08-08 18:28:29,0,2,0
94249,2025-08-08 18:23:29,0,2,0
94249,2025-08-08 18:18:29,0,2,0
94249,2025-08-08 18:13:29,0,2,0
94249,2025-08-08 18:08:29,0,2,0
94249,2025-08-08 18:03:29,0,2,0
94249,2025-08-08 17:58:29,0,2,0
94249,2025-08-08 17:53:29,0,2,0
94249,2025-08-08 17:48:29,0,2,0
94249,2025-08-08 17:43:29,0,2,0
94249,2025-08-08 17:38:29,0,2,0
94249,2025-08-08 17:33:29,0,2,0
94249,2025-08-08 17:28:29,0,2,0
94249,2025-08-08 17:23:29,0,2,0
94249,2025-08-08 17:18:29,0,2,0
94249,2025-08-08 17:13:29,0,2,0
94249,2025-08-08 17:08:29,0,2,0
94249,2025-08-08 17:03:29,0,2,0
94249,2025-08-08 16:58:29,2,2,0
94249,2025-08-08 16:53:29,2,2,0
94249,2025-08-08 16:48:29,2,2,0
94249,2025-08-08 16:43:29,2,2,0
94249,2025-08-08 16:38:29,2,2,0
94249,2025-08-08 16:33:29,2,2,0
94249,2025-08-08 16:28:29,2,2,0
94249,2025-08-08 16:23:29,2,2,0
94249,2025-08-08 16:18:29,2,2,0
94249,2025-08-08 16:13:29,2,2,0
94249,2025-08-08 16:08:29,2,2,0
94249,2025-08-08 16:03:29,2,2,0
94249,2025-08-08 15:58:29,2,2,0
94249,2025-08-08 15:53:29,2,2,0
94249,2025-08-08 15:48:29,2,2,0
94249,2025-08-08 15:43:29,2,2,0
94249,2025-08-08 15:38:29,2,2,0
94249,2025-08-08 15:33:29,2,2,0
94249,2025-08-08 15:28:29,2,2,0
94249,2025-08-08 15:23:29,2,2,0
94249,2025-08-08 15:18:29,2,2,0
94249,2025-08-08 15:13:29,2,2,0
94249,2025-08-08 15:08:29,2,2,0
94249,2025-08-08 15:03:29,2,2,0
94249,2025-08-08 14:58:29,2,2,0
94249,2025-08-08 14:53:29,2,2,0
94249,2025-08-08 14:48:29,2,2,0
94249,2025-08-08 14:43:29,2,2,0
94249,2025-08-08 14:38:29,2,2,0
94249,2025-08-08 14:33:29,2,2,0
94249,2025-08-08 14:28:29,2,2,0
94249,2025-08-08 14:23:29,2,2,0
94249,2025-08-08 14:18:29,1,2,0
94249,2025-08-08 14:13:30,1,2,0
94249,2025-08-08 14:08:29,1,2,0
94249,2025-08-08 14:03:29,1,2,0
94249,2025-08-08 13:58:29,1,2,0
94249,2025-08-08 13:53:29,1,2,0
94249,2025-08-08 13:48:29,1,2,0
94249,2025-08-08 13:43:29,1,2,0
94249,2025-08-08 13:38:29,1,2,0
94249,2025-08-08 13:33:29,1,2,0
94249,2025-08-08 13:28:29,1,2,0
94249,2025-08-08 13:23:30,1,2,0
94249,2025-08-08 13:18:29,1,2,0
94249,2025-08-08 13:13:29,1,2,0
94249,2025-08-08 13:08:30,1,2,0
94249,2025-08-08 13:03:30,1,2,0
94249,2025-08-08 12:58:30,1,2,0
94249,2025-08-08 12:53:30,1,2,0
94249,2025-08-08 12:48:29,1,2,0
94249,2025-08-08 12:43:29,1,2,0
94249,2025-08-08 12:38:29,1,2,0
94249,2025-08-08 12:33:29,1,2,0
94249,2025-08-08 12:28:29,1,2,0
94249,2025-08-08 12:23:29,1,2,0
94249,2025-08-08 12:18:29,1,2,0
94249,2025-08-08 12:13:29,1,2,0
94249,2025-08-08 12:08:29,1,2,0
94249,2025-08-08 12:03:29,1,2,0
94249,2025-08-08 11:58:29,1,2,0
94249,2025-08-08 11:53:29,1,2,0
94249,2025-08-08 11:48:29,1,2,0
94249,2025-08-08 11:43:29,1,2,0
94249,2025-08-08 11:38:29,1,2,0
94249,2025-08-08 11:33:29,1,2,0
94249,2025-08-08 11:28:29,1,2,0
94249,2025-08-08 11:23:29,1,2,0
94249,2025-08-08 11:18:30,1,2,0
94249,2025-08-08 11:13:30,1,2,0
94249,2025-08-08 11:08:29,1,2,0
94249,2025-08-08 11:03:29,1,2,0
94249,2025-08-08 10:58:29,1,2,0
94249,2025-08-08 10:53:29,1,2,0
94249,2025-08-08 10:48:29,1,2,0
94249,2025-08-08 10:43:29,1,2,0
94249,2025-08-08 10:38:29,1,2,0
94249,2025-08-08 10:33:29,1,2,0
94249,2025-08-08 10:28:29,1,2,0
94249,2025-08-08 10:23:29,1,2,0
94249,2025-08-08 10:18:29,1,2,0
94249,2025-08-08 10:13:29,1,2,0
94249,2025-08-08 10:08:29,1,2,0
94249,2025-08-08 10:03:29,1,2,0
94249,2025-08-08 09:58:29,1,2,0
94249,2025-08-08 09:53:29,1,2,0
94249,2025-08-08 09:48:29,1,2,0
94249,2025-08-08 09:43:29,1,2,0
94249,2025-08-08 09:38:29,1,2,0
94249,2025-08-08 09:33:29,2,2,0
94249,2025-08-08 09:28:29,2,2,0
94249,2025-08-08 09:23:29,1,2,0
94249,2025-08-08 09:18:29,1,2,0
94249,2025-08-08 09:13:29,1,2,0
94249,2025-08-08 09:08:29,1,2,0
94249,2025-08-08 09:03:29,1,2,0
94249,2025-08-08 08:58:29,1,2,0
94249,2025-08-08 08:53:29,1,2,0
94249,2025-08-08 08:48:29,1,2,0
94249,2025-08-08 08:43:29,1,2,0
94249,2025-08-08 08:38:29,1,2,0
94249,2025-08-08 08:33:29,1,2,0
94249,2025-08-08 08:28:29,1,2,0
94249,2025-08-08 08:23:29,1,2,0
94249,2025-08-08 08:18:29,1,2,0
94249,2025-08-08 08:13:29,1,2,0
94249,2025-08-08 08:08:29,1,2,0
94249,2025-08-08 08:03:29,1,2,0
94249,2025-08-08 07:58:29,1,2,0
94249,2025-08-08 07:53:29,1,2,0
94249,2025-08-08 07:48:29,1,2,0
94249,2025-08-08 07:43:29,1,2,0
94249,2025-08-08 07:38:29,1,2,0
94249,2025-08-08 07:33:29,1,2,0
94249,2025-08-08 07:28:29,1,2,0
94249,2025-08-08 07:23:29,1,2,0
94249,2025-08-08 07:18:29,1,2,0
94249,2025-08-08 07:13:29,1,2,0
94249,2025-08-08 07:08:29,1,2,0
94249,2025-08-08 07:03:29,1,2,0
94249,2025-08-08 06:58:29,1,2,0
94249,2025-08-08 06:53:29,1,2,0
94249,2025-08-08 06:48:29,1,2,0
94249,2025-08-08 06:43:29,1,2,0
94249,2025-08-08 06:38:29,1,2,0
94249,2025-08-08 06:33:29,1,2,0
94249,2025-08-08 06:28:30,1,2,0
94249,2025-08-08 06:23:29,1,2,0
94249,2025-08-08 06:18:29,1,2,0
94249,2025-08-08 06:13:29,1,2,0
94249,2025-08-08 06:08:29,1,2,0
94249,2025-08-08 06:03:29,1,2,0
94249,2025-08-08 05:58:29,1,2,0
94249,2025-08-08 05:53:29,1,2,0
94249,2025-08-08 05:48:29,1,2,0
94249,2025-08-08 05:43:29,1,2,0
94249,2025-08-08 05:38:29,1,2,0
94249,2025-08-08 05:33:29,1,2,0
94249,2025-08-08 05:28:29,1,2,0
94249,2025-08-08 05:23:29,1,2,0
94249,2025-08-08 05:18:29,1,2,0
94249,2025-08-08 05:13:29,1,2,0
94249,2025-08-08 05:08:29,1,2,0
94249,2025-08-08 05:03:29,1,2,0
94249,2025-08-08 04:58:29,1,2,0
94249,2025-08-08 04:53:29,1,2,0
94249,2025-08-08 04:48:29,1,2,0
94249,2025-08-08 04:43:29,1,2,0
94249,2025-08-08 04:38:29,1,2,0
94249,2025-08-08 04:33:29,1,2,0
94249,2025-08-08 04:28:29,1,2,0
94249,2025-08-08 04:23:29,1,2,0
94249,2025-08-08 04:18:30,1,2,0
94249,2025-08-08 04:13:29,1,2,0
94249,2025-08-08 04:08:29,1,2,0
94249,2025-08-08 04:03:29,1,2,0
94249,2025-08-08 03:58:29,1,2,0
94249,2025-08-08 03:53:29,1,2,0
94249,2025-08-08 03:48:29,1,2,0
94249,2025-08-08 03:43:29,1,2,0
94249,2025-08-08 03:38:29,1,2,0
94249,2025-08-08 03:33:29,1,2,0
94249,2025-08-08 03:28:29,1,2,0
94249,2025-08-08 03:23:29,1,2,0
94249,2025-08-08 03:18:29,1,2,0
94249,2025-08-08 03:13:29,0,2,0
94249,2025-08-08 03:08:29,0,2,0
94249,2025-08-08 03:03:29,0,2,0
94249,2025-08-08 02:58:29,0,2,0
94249,2025-08-08 02:53:29,0,2,0
94249,2025-08-08 02:48:29,0,2,0
94249,2025-08-08 02:43:29,0,2,0
94249,2025-08-08 02:38:29,0,2,0
94249,2025-08-08 02:33:29,0,2,0
94249,2025-08-08 02:28:29,0,2,0
94249,2025-08-08 02:23:29,0,2,0
94249,2025-08-08 02:18:29,0,2,0
94249,2025-08-08 02:13:29,0,2,0
94249,2025-08-08 02:08:29,0,2,0
94249,2025-08-08 02:03:29,0,2,0
94249,2025-08-08 01:58:29,0,2,0
94249,2025-08-08 01:53:29,0,2,0
94249,2025-08-08 01:48:29,0,2,0
94249,2025-08-08 01:43:29,0,2,0
94249,2025-08-08 01:38:29,1,2,0
94249,2025-08-08 01:33:32,1,2,0
94249,2025-08-08 01:28:29,1,2,0
94249,2025-08-08 01:23:29,1,2,0
94249,2025-08-08 01:18:29,1,2,0
94249,2025-08-08 01:13:29,1,2,0
94249,2025-08-08 01:08:30,1,2,0
94249,2025-08-08 01:03:29,1,2,0
94249,2025-08-08 00:58:29,1,2,0
94249,2025-08-08 00:53:29,1,2,0
94249,2025-08-08 00:48:29,1,2,0
94249,2025-08-08 00:43:29,1,2,0
94249,2025-08-08 00:38:29,1,2,0
94249,2025-08-08 00:33:29,1,2,0
94249,2025-08-08 00:28:29,1,2,0
94249,2025-08-08 00:23:29,1,2,0
94249,2025-08-08 00:18:29,1,2,0
94249,2025-08-08 00:13:29,1,2,0
94249,2025-08-08 00:08:29,1,2,0
94249,2025-08-08 00:03:29,1,2,0
94249,2025-08-07 23:58:29,1,2,0
94249,2025-08-07 23:53:29,1,2,0
94249,2025-08-07 23:48:29,1,2,0
94249,2025-08-07 23:43:29,1,2,0
94249,2025-08-07 23:38:29,2,2,0
94249,2025-08-07 23:33:29,2,2,0
94249,2025-08-07 23:28:29,2,2,0
94249,2025-08-07 23:23:29,2,2,0
94249,2025-08-07 23:18:29,2,2,0
94249,2025-08-07 23:13:29,2,2,0
94249,2025-08-07 23:08:29,2,2,0
94249,2025-08-07 23:03:29,2,2,0
94249,2025-08-07 22:58:29,2,2,0
94249,2025-08-07 22:53:29,2,2,0
94249,2025-08-07 22:48:29,2,2,0
94249,2025-08-07 22:43:29,2,2,0
94249,2025-08-07 22:38:29,2,2,0
94249,2025-08-07 22:33:29,2,2,0
94249,2025-08-07 22:28:29,2,2,0
94249,2025-08-07 22:23:29,2,2,0
94249,2025-08-07 22:18:29,2,2,0
94249,2025-08-07 22:13:29,2,2,0
94249,2025-08-07 22:08:29,2,2,0
94249,2025-08-07 22:03:29,2,2,0
94249,2025-08-07 21:58:29,2,2,0
94249,2025-08-07 21:53:29,2,2,0
94249,2025-08-07 21:48:29,2,2,0
94249,2025-08-07 21:43:29,2,2,0
94249,2025-08-07 21:38:29,2,2,0
94249,2025-08-07 21:33:30,2,2,0
94249,2025-08-07 21:28:29,2,2,0
94249,2025-08-07 21:23:29,2,2,0
94249,2025-08-07 21:18:29,2,2,0
94249,2025-08-07 21:13:29,2,2,0
94249,2025-08-07 21:08:29,2,2,0
94249,2025-08-07 21:03:29,2,2,0
94249,2025-08-07 20:58:29,2,2,0
94249,2025-08-07 20:53:29,2,2,0
94249,2025-08-07 20:48:29,2,2,0
94249,2025-08-07 20:43:29,2,2,0
94249,2025-08-07 20:38:29,2,2,0
94249,2025-08-07 20:33:29,2,2,0
94249,2025-08-07 20:28:29,2,2,0
94249,2025-08-07 20:23:29,2,2,0
94249,2025-08-07 20:18:29,2,2,0
94249,2025-08-07 20:13:29,2,2,0
94249,2025-08-07 20:08:29,2,2,0
94249,2025-08-07 20:03:29,2,2,0
94249,2025-08-07 19:58:29,2,2,0
94249,2025-08-07 19:53:29,2,2,0
94249,2025-08-07 19:48:29,2,2,0
94249,2025-08-07 19:43:29,2,2,0
94249,2025-08-07 19:38:29,2,2,0
94249,2025-08-07 19:33:29,2,2,0
94249,2025-08-07 19:28:29,2,2,0
94249,2025-08-07 19:23:30,2,2,0
94249,2025-08-07 19:18:29,2,2,0
94249,2025-08-07 19:13:29,1,2,0
94249,2025-08-07 19:08:29,1,2,0
94249,2025-08-07 19:03:29,1,2,0
94249,2025-08-07 18:58:29,1,2,0
94249,2025-08-07 18:53:29,1,2,0
94249,2025-08-07 18:48:29,1,2,0
94249,2025-08-07 18:43:29,1,2,0
94249,2025-08-07 18:38:29,1,2,0
94249,2025-08-07 18:33:29,1,2,0
94249,2025-08-07 18:28:29,1,2,0
94249,2025-08-07 18:23:29,1,2,0
94249,2025-08-07 18:18:29,1,2,0
94249,2025-08-07 18:13:29,1,2,0
94249,2025-08-07 18:08:29,1,2,0
94249,2025-08-07 18:03:29,1,2,0
94249,2025-08-07 17:58:29,1,2,0
94249,2025-08-07 17:53:29,1,2,0
94249,2025-08-07 17:48:29,1,2,0
94249,2025-08-07 17:43:29,1,2,0
94249,2025-08-07 17:38:29,1,2,0
94249,2025-08-07 17:33:30,1,2,0
94249,2025-08-07 17:28:29,0,2,0
94249,2025-08-07 17:23:30,0,2,0
94249,2025-08-07 17:18:29,0,2,0
94249,2025-08-07 17:13:29,0,2,0
94249,2025-08-07 17:08:29,0,2,0
94249,2025-08-07 17:03:30,0,2,0
94249,2025-08-07 16:58:29,0,2,0
94249,2025-08-07 16:53:29,0,2,0
94249,2025-08-07 16:48:29,0,2,0
94249,2025-08-07 16:43:29,0,2,0
94249,2025-08-07 16:38:29,0,2,0
94249,2025-08-07 16:33:29,0,2,0
94249,2025-08-07 16:28:29,0,2,0
94249,2025-08-07 16:23:29,0,2,0
94249,2025-08-07 16:18:29,0,2,0
94249,2025-08-07 16:13:29,0,2,0
94249,2025-08-07 16:08:29,0,2,0
94249,2025-08-07 16:03:29,0,2,0
94249,2025-08-07 15:58:29,0,2,0
94249,2025-08-07 15:53:29,0,2,0
94249,2025-08-07 15:48:29,0,2,0
94249,2025-08-07 15:43:29,1,2,0
94249,2025-08-07 15:38:29,1,2,0
94249,2025-08-07 15:33:29,1,2,0
94249,2025-08-07 15:28:29,1,2,0
94249,2025-08-07 15:23:29,1,2,0
94249,2025-08-07 15:18:30,1,2,0
94249,2025-08-07 15:13:29,0,2,0
94249,2025-08-07 15:08:29,0,2,0
94249,2025-08-07 15:03:29,0,2,0
94249,2025-08-07 14:58:29,0,2,0
94249,2025-08-07 14:53:29,0,2,0
94249,2025-08-07 14:48:29,0,2,0
94249,2025-08-07 14:43:29,0,2,0
94249,2025-08-07 14:38:29,1,2,0
94249,2025-08-07 14:33:29,1,2,0
94249,2025-08-07 14:28:29,1,2,0
94249,2025-08-07 14:23:29,1,2,0
94249,2025-08-07 14:18:29,1,2,0
94249,2025-08-07 14:13:29,1,2,0
94249,2025-08-07 14:08:29,1,2,0
94249,2025-08-07 14:03:29,1,2,0
94249,2025-08-07 13:58:29,1,2,0
94249,2025-08-07 13:53:29,1,2,0
94249,2025-08-07 13:48:29,1,2,0
94249,2025-08-07 13:43:29,1,2,0
94249,2025-08-07 13:38:29,1,2,0
94249,2025-08-07 13:33:29,1,2,0
94249,2025-08-07 13:28:29,1,2,0
94249,2025-08-07 13:23:29,1,2,0
94249,2025-08-07 13:18:29,1,2,0
94249,2025-08-07 13:13:29,1,2,0
94249,2025-08-07 13:08:30,1,2,0
94249,2025-08-07 13:03:29,1,2,0
94249,2025-08-07 12:58:29,1,2,0
94249,2025-08-07 12:53:29,1,2,0
94249,2025-08-07 12:48:29,1,2,0
94249,2025-08-07 12:43:29,1,2,0
94249,2025-08-07 12:38:29,1,2,0
94249,2025-08-07 12:33:29,1,2,0
94249,2025-08-07 12:28:29,1,2,0
94249,2025-08-07 12:23:29,1,2,0
94249,2025-08-07 12:18:29,1,2,0
94249,2025-08-07 12:13:29,1,2,0
94249,2025-08-07 12:08:29,1,2,0
94249,2025-08-07 12:03:29,1,2,0
94249,2025-08-07 11:58:29,1,2,0
94249,2025-08-07 11:53:29,1,2,0
94249,2025-08-07 11:48:29,1,2,0
94249,2025-08-07 11:43:29,1,2,0
94249,2025-08-07 11:38:29,1,2,0
94249,2025-08-07 11:33:29,1,2,0
94249,2025-08-07 11:28:29,1,2,0
94249,2025-08-07 11:23:29,1,2,0
94249,2025-08-07 11:18:29,1,2,0
94249,2025-08-07 11:13:29,1,2,0
94249,2025-08-07 11:08:29,1,2,0
94249,2025-08-07 11:03:30,1,2,0
94249,2025-08-07 10:58:29,1,2,0
94249,2025-08-07 10:53:29,1,2,0
94249,2025-08-07 10:48:29,1,2,0
94249,2025-08-07 10:43:29,1,2,0
94249,2025-08-07 10:38:30,1,2,0
94249,2025-08-07 10:33:29,1,2,0
94249,2025-08-07 10:28:29,1,2,0
94249,2025-08-07 10:23:29,1,2,0
94249,2025-08-07 10:18:29,1,2,0
94249,2025-08-07 10:13:29,1,2,0
94249,2025-08-07 10:08:29,1,2,0
94249,2025-08-07 10:03:29,1,2,0
94249,2025-08-07 09:58:29,1,2,0
94249,2025-08-07 09:53:29,1,2,0
94249,2025-08-07 09:48:29,1,2,0
94249,2025-08-07 09:43:29,1,2,0
94249,2025-08-07 09:38:29,1,2,0
94249,2025-08-07 09:33:29,1,2,0
94249,2025-08-07 09:28:29,1,2,0
94249,2025-08-07 09:23:29,1,2,0
94249,2025-08-07 09:18:29,1,2,0
94249,2025-08-07 09:13:29,1,2,0
94249,2025-08-07 09:08:29,1,2,0
94249,2025-08-07 09:03:29,1,2,0
94249,2025-08-07 08:58:29,1,2,0
94249,2025-08-07 08:53:29,1,2,0
94249,2025-08-07 08:48:29,1,2,0
94249,2025-08-07 08:43:29,1,2,0
94249,2025-08-07 08:38:30,1,2,0
94249,2025-08-07 08:33:29,1,2,0
94249,2025-08-07 08:28:29,1,2,0
94249,2025-08-07 08:23:29,1,2,0
94249,2025-08-07 08:18:29,1,2,0
94249,2025-08-07 08:13:29,1,2,0
94249,2025-08-07 08:08:29,1,2,0
94249,2025-08-07 08:03:29,1,2,0
94249,2025-08-07 07:58:29,1,2,0
94249,2025-08-07 07:53:29,1,2,0
94249,2025-08-07 07:48:29,1,2,0
94249,2025-08-07 07:43:29,1,2,0
94249,2025-08-07 07:38:29,1,2,0
94249,2025-08-07 07:33:29,1,2,0
94249,2025-08-07 07:28:29,1,2,0
94249,2025-08-07 07:23:29,1,2,0
94249,2025-08-07 07:18:29,1,2,0
94249,2025-08-07 07:13:29,1,2,0
94249,2025-08-07 07:08:29,1,2,0
94249,2025-08-07 07:03:29,1,2,0
94249,2025-08-07 06:58:29,1,2,0
94249,2025-08-07 06:53:29,1,2,0
94249,2025-08-07 06:48:29,1,2,0
94249,2025-08-07 06:43:29,1,2,0
94249,2025-08-07 06:38:29,1,2,0
94249,2025-08-07 06:33:29,1,2,0
94249,2025-08-07 06:28:30,1,2,0
94249,2025-08-07 06:23:30,1,2,0
94249,2025-08-07 06:18:29,1,2,0
94249,2025-08-07 06:13:29,1,2,0
94249,2025-08-07 06:08:29,1,2,0
94249,2025-08-07 06:03:29,1,2,0
94249,2025-08-07 05:58:29,1,2,0
94249,2025-08-07 05:53:29,1,2,0
94249,2025-08-07 05:48:29,1,2,0
94249,2025-08-07 05:43:29,1,2,0
94249,2025-08-07 05:38:29,1,2,0
94249,2025-08-07 05:33:29,1,2,0
94249,2025-08-07 05:28:29,1,2,0
94249,2025-08-07 05:23:29,1,2,0
94249,2025-08-07 05:18:29,1,2,0
94249,2025-08-07 05:13:30,1,2,0
94249,2025-08-07 05:08:29,1,2,0
94249,2025-08-07 05:03:29,1,2,0
94249,2025-08-07 04:58:29,1,2,0
94249,2025-08-07 04:53:29,1,2,0
94249,2025-08-07 04:48:29,1,2,0
94249,2025-08-07 04:43:29,1,2,0
94249,2025-08-07 04:38:29,0,2,0
94249,2025-08-07 04:33:29,0,2,0
94249,2025-08-07 04:28:30,0,2,0
94249,2025-08-07 04:23:30,0,2,0
94249,2025-08-07 04:18:29,0,2,0
94249,2025-08-07 04:13:29,0,2,0
94249,2025-08-07 04:08:29,0,2,0
94249,2025-08-07 04:03:39,0,2,0
94249,2025-08-07 03:58:29,0,2,0
94249,2025-08-07 03:53:30,0,2,0
94249,2025-08-07 03:48:29,0,2,0
94249,2025-08-07 03:43:29,0,2,0
94249,2025-08-07 03:38:29,0,2,0
94249,2025-08-07 03:33:30,0,2,0
94249,2025-08-07 03:28:29,0,2,0
94249,2025-08-07 03:23:29,0,2,0
94249,2025-08-07 03:18:29,0,2,0
94249,2025-08-07 03:13:29,0,2,0
94249,2025-08-07 03:08:29,0,2,0
94249,2025-08-07 03:03:29,0,2,0
94249,2025-08-07 02:58:29,0,2,0
94249,2025-08-07 02:53:29,0,2,0
94249,2025-08-07 02:48:29,0,2,0
94249,2025-08-07 02:43:29,0,2,0
94249,2025-08-07 02:38:29,0,2,0
94249,2025-08-07 02:33:29,0,2,0
94249,2025-08-07 02:28:30,0,2,0
94249,2025-08-07 02:23:29,0,2,0
94249,2025-08-07 02:18:29,0,2,0
94249,2025-08-07 02:13:29,0,2,0
94249,2025-08-07 02:08:29,0,2,0
94249,2025-08-07 02:03:29,0,2,0
94249,2025-08-07 01:58:29,0,2,0
94249,2025-08-07 01:53:29,1,2,0
94249,2025-08-07 01:48:29,1,2,0
94249,2025-08-07 01:43:29,1,2,0
94249,2025-08-07 01:38:29,1,2,0
94249,2025-08-07 01:33:29,1,2,0
94249,2025-08-07 01:28:29,0,2,0
94249,2025-08-07 01:23:29,0,2,0
94249,2025-08-07 01:18:29,0,2,0
94249,2025-08-07 01:13:29,0,2,0
94249,2025-08-07 01:08:29,0,2,0
94249,2025-08-07 01:03:29,0,2,0
94249,2025-08-07 00:58:29,0,2,0
94249,2025-08-07 00:53:29,0,2,0
94249,2025-08-07 00:48:29,0,2,0
94249,2025-08-07 00:43:29,0,2,0
94249,2025-08-07 00:38:29,0,2,0
94249,2025-08-07 00:33:29,0,2,0
94249,2025-08-07 00:28:29,0,2,0
94249,2025-08-07 00:23:29,0,2,0
94249,2025-08-07 00:18:29,0,2,0
94249,2025-08-07 00:13:29,0,2,0
94249,2025-08-07 00:08:29,0,2,0
94249,2025-08-07 00:03:29,0,2,0
94249,2025-08-06 23:58:29,0,2,0
94249,2025-08-06 23:53:29,0,2,0
94249,2025-08-06 23:48:29,0,2,0
94249,2025-08-06 23:43:29,0,2,0
94249,2025-08-06 23:38:29,0,2,0
94249,2025-08-06 23:33:29,0,2,0
94249,2025-08-06 23:28:29,1,2,0
94249,2025-08-06 23:23:29,1,2,0
94249,2025-08-06 23:18:29,1,2,0
94249,2025-08-06 23:13:29,1,2,0
94249,2025-08-06 23:08:29,1,2,0
94249,2025-08-06 23:03:29,1,2,0
94249,2025-08-06 22:58:29,1,2,0
94249,2025-08-06 22:53:29,1,2,0
94249,2025-08-06 22:48:29,1,2,0
94249,2025-08-06 22:43:29,1,2,0
94249,2025-08-06 22:38:29,1,2,0
94249,2025-08-06 22:33:29,1,2,0
94249,2025-08-06 22:28:29,1,2,0
94249,2025-08-06 22:23:29,1,2,0
94249,2025-08-06 22:18:29,1,2,0
94249,2025-08-06 22:13:29,0,2,0
94249,2025-08-06 22:08:29,0,2,0
94249,2025-08-06 22:03:29,1,2,0
94249,2025-08-06 21:58:29,1,2,0
94249,2025-08-06 21:53:29,1,2,0
94249,2025-08-06 21:48:29,1,2,0
94249,2025-08-06 21:43:29,1,2,0
94249,2025-08-06 21:38:29,1,2,0
94249,2025-08-06 21:33:29,2,2,0
94249,2025-08-06 21:28:29,2,2,0
94249,2025-08-06 21:23:29,2,2,0
94249,2025-08-06 21:18:29,2,2,0
94249,2025-08-06 21:13:29,2,2,0
94249,2025-08-06 21:08:29,2,2,0
94249,2025-08-06 21:03:29,2,2,0
94249,2025-08-06 20:58:29,2,2,0
94249,2025-08-06 20:53:29,2,2,0
94249,2025-08-06 20:48:29,2,2,0
94249,2025-08-06 20:43:29,2,2,0
94249,2025-08-06 20:38:29,2,2,0
94249,2025-08-06 20:33:29,2,2,0
94249,2025-08-06 20:28:29,2,2,0
94249,2025-08-06 20:23:29,2,2,0
94249,2025-08-06 20:18:29,2,2,0
94249,2025-08-06 20:13:29,2,2,0
94249,2025-08-06 20:08:29,2,2,0
94249,2025-08-06 20:03:29,2,2,0
94249,2025-08-06 19:58:29,2,2,0
94249,2025-08-06 19:53:30,2,2,0
94249,2025-08-06 19:48:30,2,2,0
94249,2025-08-06 19:43:29,2,2,0
94249,2025-08-06 19:38:29,2,2,0
94249,2025-08-06 19:33:29,2,2,0
94249,2025-08-06 19:28:29,2,2,0
94249,2025-08-06 19:23:29,2,2,0
94249,2025-08-06 19:18:29,2,2,0
94249,2025-08-06 19:13:29,2,2,0
94249,2025-08-06 19:08:29,2,2,0
94249,2025-08-06 19:03:30,2,2,0
94249,2025-08-06 18:58:29,2,2,0
94249,2025-08-06 18:53:30,2,2,0
94249,2025-08-06 18:48:29,2,2,0
94249,2025-08-06 18:43:29,2,2,0
94249,2025-08-06 18:38:29,2,2,0
94249,2025-08-06 18:33:29,2,2,0
94249,2025-08-06 18:28:29,2,2,0
94249,2025-08-06 18:23:29,2,2,0
94249,2025-08-06 18:18:29,2,2,0
94249,2025-08-06 18:13:30,2,2,0
94249,2025-08-06 18:08:29,2,2,0
94249,2025-08-06 18:03:29,2,2,0
94249,2025-08-06 17:58:29,2,2,0
94249,2025-08-06 17:53:29,2,2,0
94249,2025-08-06 17:48:29,2,2,0
94249,2025-08-06 17:43:29,2,2,0
94249,2025-08-06 17:38:29,2,2,0
94249,2025-08-06 17:33:29,2,2,0
94249,2025-08-06 17:28:29,2,2,0
94249,2025-08-06 17:23:29,2,2,0
94249,2025-08-06 17:18:30,2,2,0
94249,2025-08-06 17:13:29,2,2,0
94249,2025-08-06 17:08:29,2,2,0
94249,2025-08-06 17:03:29,2,2,0
94249,2025-08-06 16:58:29,2,2,0
94249,2025-08-06 16:53:30,2,2,0
94249,2025-08-06 16:48:29,2,2,0
94249,2025-08-06 16:43:29,2,2,0
94249,2025-08-06 16:38:29,2,2,0
94249,2025-08-06 16:33:38,2,2,0
94249,2025-08-06 16:28:29,2,2,0
94249,2025-08-06 16:23:29,2,2,0
94249,2025-08-06 16:18:29,2,2,0
94249,2025-08-06 16:13:29,2,2,0
94249,2025-08-06 16:08:29,2,2,0
94249,2025-08-06 16:03:29,2,2,0
94249,2025-08-06 15:58:29,2,2,0
94249,2025-08-06 15:53:29,2,2,0
94249,2025-08-06 15:48:29,2,2,0
94249,2025-08-06 15:43:29,2,2,0
94249,2025-08-06 15:38:29,2,2,0
94249,2025-08-06 15:33:29,2,2,0
94249,2025-08-06 15:28:29,2,2,0
94249,2025-08-06 15:23:29,2,2,0
94249,2025-08-06 15:18:29,2,2,0
94249,2025-08-06 15:13:41,2,2,0
94249,2025-08-06 15:08:29,2,2,0
94249,2025-08-06 15:03:29,2,2,0
94249,2025-08-06 14:58:29,2,2,0
94249,2025-08-06 14:53:29,2,2,0
94249,2025-08-06 14:48:29,2,2,0
94249,2025-08-06 14:43:29,2,2,0
94249,2025-08-06 14:38:29,2,2,0
94249,2025-08-06 14:33:29,2,2,0
94249,2025-08-06 14:28:30,2,2,0
94249,2025-08-06 14:23:29,2,2,0
94249,2025-08-06 14:18:29,2,2,0
94249,2025-08-06 14:13:31,2,2,0
94249,2025-08-06 14:08:29,2,2,0
94249,2025-08-06 14:03:29,2,2,0
94249,2025-08-06 13:58:29,2,2,0
94249,2025-08-06 13:53:29,2,2,0
94249,2025-08-06 13:48:29,2,2,0
94249,2025-08-06 13:43:29,2,2,0
94249,2025-08-06 13:38:29,2,2,0
94249,2025-08-06 13:33:29,2,2,0
94249,2025-08-06 13:28:29,2,2,0
94249,2025-08-06 13:23:33,2,2,0
94249,2025-08-06 13:18:29,1,2,0
94249,2025-08-06 13:13:29,1,2,0
94249,2025-08-06 13:08:29,1,2,0
94249,2025-08-06 13:03:29,1,2,0
94249,2025-08-06 12:58:29,1,2,0
94249,2025-08-06 12:53:29,1,2,0
94249,2025-08-06 12:48:29,1,2,0
94249,2025-08-06 12:43:29,1,2,0
94249,2025-08-06 12:38:35,1,2,0
94249,2025-08-06 12:33:29,1,2,0
94249,2025-08-06 12:28:29,1,2,0
94249,2025-08-06 12:23:29,1,2,0
94249,2025-08-06 12:18:29,1,2,0
94249,2025-08-06 12:13:29,1,2,0
94249,2025-08-06 12:08:29,1,2,0
94249,2025-08-06 12:03:29,1,2,0
94249,2025-08-06 11:58:29,1,2,0
94249,2025-08-06 11:53:29,1,2,0
94249,2025-08-06 11:48:29,1,2,0
94249,2025-08-06 11:43:29,1,2,0
94249,2025-08-06 11:38:29,1,2,0
94249,2025-08-06 11:33:29,0,2,0
94249,2025-08-06 11:28:29,0,2,0
94249,2025-08-06 11:23:29,0,2,0
94249,2025-08-06 11:18:29,0,2,0
94249,2025-08-06 11:13:29,0,2,0
94249,2025-08-06 11:08:29,0,2,0
94249,2025-08-06 11:03:29,0,2,0
94249,2025-08-06 10:58:29,0,2,0
94249,2025-08-06 10:53:29,0,2,0
94249,2025-08-06 10:48:29,0,2,0
94249,2025-08-06 10:43:29,0,2,0
94249,2025-08-06 10:38:29,0,2,0
94249,2025-08-06 10:33:29,0,2,0
94249,2025-08-06 10:28:29,0,2,0
94249,2025-08-06 10:23:29,0,2,0
94249,2025-08-06 10:18:29,0,2,0
94249,2025-08-06 10:13:29,0,2,0
94249,2025-08-06 10:08:29,0,2,0
94249,2025-08-06 10:03:29,0,2,0
94249,2025-08-06 09:58:29,0,2,0
94249,2025-08-06 09:53:29,0,2,0
94249,2025-08-06 09:48:29,0,2,0
94249,2025-08-06 09:43:29,0,2,0
94249,2025-08-06 09:38:29,0,2,0
94249,2025-08-06 09:33:29,0,2,0
94249,2025-08-06 09:28:30,0,2,0
94249,2025-08-06 09:23:29,0,2,0
94249,2025-08-06 09:18:29,0,2,0
94249,2025-08-06 09:13:29,0,2,0
94249,2025-08-06 09:08:29,0,2,0
94249,2025-08-06 09:03:29,0,2,0
94249,2025-08-06 08:58:29,0,2,0
94249,2025-08-06 08:53:29,0,2,0
94249,2025-08-06 08:48:29,0,2,0
94249,2025-08-06 08:43:29,0,2,0
94249,2025-08-06 08:38:29,0,2,0
94249,2025-08-06 08:33:29,0,2,0
94249,2025-08-06 08:28:29,0,2,0
94249,2025-08-06 08:23:29,0,2,0
94249,2025-08-06 08:18:29,0,2,0
94249,2025-08-06 08:13:29,0,2,0
94249,2025-08-06 08:08:29,0,2,0
94249,2025-08-06 08:03:29,0,2,0
94249,2025-08-06 07:58:29,0,2,0
94249,2025-08-06 07:53:29,0,2,0
94249,2025-08-06 07:48:29,0,2,0
94249,2025-08-06 07:43:29,0,2,0
94249,2025-08-06 07:38:29,0,2,0
94249,2025-08-06 07:33:29,0,2,0
94249,2025-08-06 07:28:29,0,2,0
94249,2025-08-06 07:23:29,0,2,0
94249,2025-08-06 07:18:29,0,2,0
94249,2025-08-06 07:13:29,0,2,0
94249,2025-08-06 07:08:29,0,2,0
94249,2025-08-06 07:03:29,0,2,0
94249,2025-08-06 06:58:29,0,2,0
94249,2025-08-06 06:53:29,0,2,0
94249,2025-08-06 06:48:29,0,2,0
94249,2025-08-06 06:43:29,0,2,0
94249,2025-08-06 06:38:29,0,2,0
94249,2025-08-06 06:33:29,0,2,0
94249,2025-08-06 06:28:29,0,2,0
94249,2025-08-06 06:23:29,0,2,0
94249,2025-08-06 06:18:29,0,2,0
94249,2025-08-06 06:13:29,0,2,0
94249,2025-08-06 06:08:29,0,2,0
94249,2025-08-06 06:03:29,0,2,0
94249,2025-08-06 05:58:29,0,2,0
94249,2025-08-06 05:53:29,0,2,0
94249,2025-08-06 05:48:30,0,2,0
94249,2025-08-06 05:43:29,0,2,0
94249,2025-08-06 05:38:29,0,2,0
94249,2025-08-06 05:33:29,0,2,0
94249,2025-08-06 05:28:29,0,2,0
94249,2025-08-06 05:23:29,0,2,0
94249,2025-08-06 05:18:29,0,2,0
94249,2025-08-06 05:13:29,0,2,0
94249,2025-08-06 05:08:29,0,2,0
94249,2025-08-06 05:03:29,0,2,0
94249,2025-08-06 04:58:30,0,2,0
94249,2025-08-06 04:53:30,0,2,0
94249,2025-08-06 04:48:29,0,2,0
94249,2025-08-06 04:43:29,0,2,0
94249,2025-08-06 04:38:29,0,2,0
94249,2025-08-06 04:33:29,0,2,0
94249,2025-08-06 04:28:29,0,2,0
94249,2025-08-06 04:23:29,0,2,0
94249,2025-08-06 04:18:29,0,2,0
94249,2025-08-06 04:13:29,0,2,0
94249,2025-08-06 04:08:29,0,2,0
94249,2025-08-06 04:03:29,0,2,0
94249,2025-08-06 03:58:29,0,2,0
94249,2025-08-06 03:53:29,0,2,0
94249,2025-08-06 03:48:29,0,2,0
94249,2025-08-06 03:43:29,0,2,0
94249,2025-08-06 03:38:29,0,2,0
94249,2025-08-06 03:33:30,0,2,0
94249,2025-08-06 03:28:29,0,2,0
94249,2025-08-06 03:23:29,0,2,0
94249,2025-08-06 03:18:29,0,2,0
94249,2025-08-06 03:13:29,0,2,0
94249,2025-08-06 03:08:29,0,2,0
94249,2025-08-06 03:03:29,0,2,0
94249,2025-08-06 02:58:29,0,2,0
94249,2025-08-06 02:53:29,0,2,0
94249,2025-08-06 02:48:29,0,2,0
94249,2025-08-06 02:43:29,0,2,0
94249,2025-08-06 02:38:29,0,2,0
94249,2025-08-06 02:33:30,0,2,0
94249,2025-08-06 02:28:29,0,2,0
94249,2025-08-06 02:23:29,0,2,0
94249,2025-08-06 02:18:29,0,2,0
94249,2025-08-06 02:13:29,0,2,0
94249,2025-08-06 02:08:29,0,2,0
94249,2025-08-06 02:03:29,0,2,0
94249,2025-08-06 01:58:29,0,2,0
94249,2025-08-06 01:53:29,0,2,0
94249,2025-08-06 01:48:29,0,2,0
94249,2025-08-06 01:43:29,0,2,0
94249,2025-08-06 01:38:29,0,2,0
94249,2025-08-06 01:33:29,1,2,0
94249,2025-08-06 01:28:29,1,2,0
94249,2025-08-06 01:23:29,1,2,0
94249,2025-08-06 01:18:29,1,2,0
94249,2025-08-06 01:13:29,1,2,0
94249,2025-08-06 01:08:29,0,2,0
94249,2025-08-06 01:03:30,0,2,0
94249,2025-08-06 00:58:29,0,2,0
94249,2025-08-06 00:53:29,0,2,0
94249,2025-08-06 00:48:29,0,2,0
94249,2025-08-06 00:43:29,0,2,0
94249,2025-08-06 00:38:29,0,2,0
94249,2025-08-06 00:33:29,0,2,0
94249,2025-08-06 00:28:29,0,2,0
94249,2025-08-06 00:23:29,1,2,0
94249,2025-08-06 00:18:29,2,2,0
94249,2025-08-06 00:13:29,2,2,0
94249,2025-08-06 00:08:29,2,2,0
94249,2025-08-06 00:03:29,2,2,0
94249,2025-08-05 23:58:29,2,2,0
94249,2025-08-05 23:53:29,2,2,0
94249,2025-08-05 23:48:29,2,2,0
94249,2025-08-05 23:43:56,2,2,0
94249,2025-08-05 23:38:29,2,2,0
94249,2025-08-05 23:33:29,2,2,0
94249,2025-08-05 23:28:29,2,2,0
94249,2025-08-05 23:23:29,2,2,0
94249,2025-08-05 23:18:29,2,2,0
94249,2025-08-05 23:13:29,2,2,0
94249,2025-08-05 23:08:29,2,2,0
94249,2025-08-05 23:03:29,2,2,0
94249,2025-08-05 22:58:30,2,2,0
94249,2025-08-05 22:53:29,2,2,0
94249,2025-08-05 22:48:29,2,2,0
94249,2025-08-05 22:43:29,2,2,0
94249,2025-08-05 22:38:29,2,2,0
94249,2025-08-05 22:33:29,2,2,0
94249,2025-08-05 22:28:29,2,2,0
94249,2025-08-05 22:23:29,2,2,0
94249,2025-08-05 22:18:29,2,2,0
94249,2025-08-05 22:13:29,2,2,0
94249,2025-08-05 22:08:29,2,2,0
94249,2025-08-05 22:03:29,2,2,0
94249,2025-08-05 21:58:29,2,2,0
94249,2025-08-05 21:53:29,2,2,0
94249,2025-08-05 21:48:29,2,2,0
94249,2025-08-05 21:43:29,2,2,0
94249,2025-08-05 21:38:29,2,2,0
94249,2025-08-05 21:33:29,2,2,0
94249,2025-08-05 21:28:29,2,2,0
94249,2025-08-05 21:23:30,2,2,0
94249,2025-08-05 21:18:29,2,2,0
94249,2025-08-05 21:13:29,2,2,0
94249,2025-08-05 21:08:29,2,2,0
94249,2025-08-05 21:03:29,2,2,0
94249,2025-08-05 20:58:29,2,2,0
94249,2025-08-05 20:53:29,2,2,0
94249,2025-08-05 20:48:29,2,2,0
94249,2025-08-05 20:43:29,2,2,0
94249,2025-08-05 20:38:30,2,2,0
94249,2025-08-05 20:33:29,2,2,0
94249,2025-08-05 20:28:29,2,2,0
94249,2025-08-05 20:23:29,2,2,0
94249,2025-08-05 20:18:29,2,2,0
94249,2025-08-05 20:13:29,2,2,0
94249,2025-08-05 20:08:29,2,2,0
94249,2025-08-05 20:03:29,1,2,0
94249,2025-08-05 19:58:29,1,2,0
94249,2025-08-05 19:53:32,1,2,0
94249,2025-08-05 19:48:29,1,2,0
94249,2025-08-05 19:43:29,1,2,0
94249,2025-08-05 19:38:31,1,2,0
94249,2025-08-05 19:33:29,1,2,0
94249,2025-08-05 19:28:29,1,2,0
94249,2025-08-05 19:23:29,1,2,0
94249,2025-08-05 19:18:29,1,2,0
94249,2025-08-05 19:13:30,1,2,0
94249,2025-08-05 19:08:29,0,2,0
94249,2025-08-05 19:03:29,0,2,0
94249,2025-08-05 18:58:29,0,2,0
94249,2025-08-05 18:53:30,0,2,0
94249,2025-08-05 18:48:29,0,2,0
94249,2025-08-05 18:43:29,0,2,0
94249,2025-08-05 18:38:29,0,2,0
94249,2025-08-05 18:33:30,0,2,0
94249,2025-08-05 18:28:29,0,2,0
94249,2025-08-05 18:23:29,0,2,0
94249,2025-08-05 18:18:29,0,2,0
94249,2025-08-05 18:13:29,0,2,0
94249,2025-08-05 18:08:29,0,2,0
94249,2025-08-05 18:03:44,0,2,0
94249,2025-08-05 17:58:29,0,2,0
94249,2025-08-05 17:53:30,0,2,0
94249,2025-08-05 17:48:29,0,2,0
94249,2025-08-05 17:43:29,0,2,0
94249,2025-08-05 17:38:29,0,2,0
94249,2025-08-05 17:33:29,0,2,0
94249,2025-08-05 17:28:29,0,2,0
94249,2025-08-05 17:23:29,0,2,0
94249,2025-08-05 17:18:29,0,2,0
94249,2025-08-05 17:13:29,1,2,0
94249,2025-08-05 17:08:29,1,2,0
94249,2025-08-05 17:03:29,0,2,0
94249,2025-08-05 16:58:29,0,2,0
94249,2025-08-05 16:53:29,1,2,0
94249,2025-08-05 16:48:29,1,2,0
94249,2025-08-05 16:43:29,1,2,0
94249,2025-08-05 16:38:29,1,2,0
94249,2025-08-05 16:33:29,1,2,0
94249,2025-08-05 16:28:30,1,2,0
94249,2025-08-05 16:23:29,1,2,0
94249,2025-08-05 16:18:29,1,2,0
94249,2025-08-05 16:13:29,1,2,0
94249,2025-08-05 16:08:29,1,2,0
94249,2025-08-05 16:03:29,1,2,0
94249,2025-08-05 15:58:29,1,2,0
94249,2025-08-05 15:53:29,1,2,0
94249,2025-08-05 15:48:29,1,2,0
94249,2025-08-05 15:43:29,1,2,0
94249,2025-08-05 15:38:29,1,2,0
94249,2025-08-05 15:33:29,1,2,0
94249,2025-08-05 15:28:29,1,2,0
94249,2025-08-05 15:23:29,1,2,0
94249,2025-08-05 15:18:29,1,2,0
94249,2025-08-05 15:13:29,1,2,0
94249,2025-08-05 15:08:29,1,2,0
94249,2025-08-05 15:03:29,1,2,0
94249,2025-08-05 14:58:29,1,2,0
94249,2025-08-05 14:53:29,1,2,0
94249,2025-08-05 14:48:29,1,2,0
94249,2025-08-05 14:43:29,1,2,0
94249,2025-08-05 14:38:29,1,2,0
94249,2025-08-05 14:33:29,1,2,0
94249,2025-08-05 14:28:29,1,2,0
94249,2025-08-05 14:23:29,1,2,0
94249,2025-08-05 14:18:29,1,2,0
94249,2025-08-05 14:13:29,1,2,0
94249,2025-08-05 14:08:29,1,2,0
94249,2025-08-05 14:03:29,1,2,0
94249,2025-08-05 13:58:30,1,2,0
94249,2025-08-05 13:53:29,1,2,0
94249,2025-08-05 13:48:29,1,2,0
94249,2025-08-05 13:43:29,1,2,0
94249,2025-08-05 13:38:30,1,2,0
94249,2025-08-05 13:33:29,1,2,0
94249,2025-08-05 13:28:29,1,2,0
94249,2025-08-05 13:23:29,1,2,0
94249,2025-08-05 13:18:29,1,2,0
94249,2025-08-05 13:13:29,1,2,0
94249,2025-08-05 13:08:29,1,2,0
94249,2025-08-05 13:03:29,1,2,0
94249,2025-08-05 12:58:29,1,2,0
94249,2025-08-05 12:53:29,1,2,0
94249,2025-08-05 12:48:29,1,2,0
94249,2025-08-05 12:43:29,1,2,0
94249,2025-08-05 12:38:29,1,2,0
94249,2025-08-05 12:33:29,1,2,0
94249,2025-08-05 12:28:29,1,2,0
94249,2025-08-05 12:23:29,1,2,0
94249,2025-08-05 12:18:29,1,2,0
94249,2025-08-05 12:13:29,1,2,0
94249,2025-08-05 12:08:29,1,2,0
94249,2025-08-05 12:03:29,1,2,0
94249,2025-08-05 11:58:29,1,2,0
94249,2025-08-05 11:53:29,1,2,0
94249,2025-08-05 11:48:29,1,2,0
94249,2025-08-05 11:43:29,1,2,0
94249,2025-08-05 11:38:29,1,2,0
94249,2025-08-05 11:33:29,1,2,0
94249,2025-08-05 11:28:30,1,2,0
94249,2025-08-05 11:23:29,1,2,0
94249,2025-08-05 11:18:29,1,2,0
94249,2025-08-05 11:13:29,2,2,0
94249,2025-08-05 11:08:29,2,2,0
94249,2025-08-05 11:03:29,2,2,0
94249,2025-08-05 10:58:29,2,2,0
94249,2025-08-05 10:53:29,2,2,0
94249,2025-08-05 10:48:29,2,2,0
94249,2025-08-05 10:43:29,2,2,0
94249,2025-08-05 10:38:29,2,2,0
94249,2025-08-05 10:33:29,2,2,0
94249,2025-08-05 10:28:29,2,2,0
94249,2025-08-05 10:23:29,2,2,0
94249,2025-08-05 10:18:29,2,2,0
94249,2025-08-05 10:13:29,2,2,0
94249,2025-08-05 10:08:29,2,2,0
94249,2025-08-05 10:03:29,2,2,0
94249,2025-08-05 09:58:29,2,2,0
94249,2025-08-05 09:53:29,2,2,0
94249,2025-08-05 09:48:29,2,2,0
94249,2025-08-05 09:43:29,2,2,0
94249,2025-08-05 09:38:29,2,2,0
94249,2025-08-05 09:33:29,2,2,0
94249,2025-08-05 09:28:29,2,2,0
94249,2025-08-05 09:23:29,2,2,0
94249,2025-08-05 09:18:29,2,2,0
94249,2025-08-05 09:13:29,2,2,0
94249,2025-08-05 09:08:29,2,2,0
94249,2025-08-05 09:03:29,2,2,0
94249,2025-08-05 08:58:29,2,2,0
94249,2025-08-05 08:53:29,2,2,0
94249,2025-08-05 08:48:29,2,2,0
94249,2025-08-05 08:43:29,2,2,0
94249,2025-08-05 08:38:29,2,2,0
94249,2025-08-05 08:33:29,2,2,0
94249,2025-08-05 08:28:29,2,2,0
94249,2025-08-05 08:23:29,2,2,0
94249,2025-08-05 08:18:29,2,2,0
94249,2025-08-05 08:13:29,2,2,0
94249,2025-08-05 08:08:29,2,2,0
94249,2025-08-05 08:03:29,2,2,0
94249,2025-08-05 07:58:29,2,2,0
94249,2025-08-05 07:53:29,2,2,0
94249,2025-08-05 07:48:29,2,2,0
94249,2025-08-05 07:43:29,2,2,0
94249,2025-08-05 07:38:29,2,2,0
94249,2025-08-05 07:33:29,2,2,0
94249,2025-08-05 07:28:29,2,2,0
94249,2025-08-05 07:23:29,2,2,0
94249,2025-08-05 07:18:29,2,2,0
94249,2025-08-05 07:13:29,2,2,0
94249,2025-08-05 07:08:29,2,2,0
94249,2025-08-05 07:03:29,2,2,0
94249,2025-08-05 06:58:29,2,2,0
94249,2025-08-05 06:53:29,2,2,0
94249,2025-08-05 06:48:29,2,2,0
94249,2025-08-05 06:43:29,2,2,0
94249,2025-08-05 06:38:29,2,2,0
94249,2025-08-05 06:33:29,2,2,0
94249,2025-08-05 06:28:29,2,2,0
94249,2025-08-05 06:23:29,2,2,0
94249,2025-08-05 06:18:29,2,2,0
94249,2025-08-05 06:13:29,2,2,0
94249,2025-08-05 06:08:30,2,2,0
94249,2025-08-05 06:03:29,2,2,0
94249,2025-08-05 05:58:29,2,2,0
94249,2025-08-05 05:53:29,2,2,0
94249,2025-08-05 05:48:29,2,2,0
94249,2025-08-05 05:43:29,2,2,0
94249,2025-08-05 05:38:29,2,2,0
94249,2025-08-05 05:33:29,2,2,0
94249,2025-08-05 05:28:29,2,2,0
94249,2025-08-05 05:23:29,2,2,0
94249,2025-08-05 05:18:29,2,2,0
94249,2025-08-05 05:13:29,2,2,0
94249,2025-08-05 05:08:29,2,2,0
94249,2025-08-05 05:03:29,2,2,0
94249,2025-08-05 04:58:31,2,2,0
94249,2025-08-05 04:53:29,2,2,0
94249,2025-08-05 04:48:29,2,2,0
94249,2025-08-05 04:43:29,2,2,0
94249,2025-08-05 04:38:29,2,2,0
94249,2025-08-05 04:33:29,2,2,0
94249,2025-08-05 04:28:29,2,2,0
94249,2025-08-05 04:23:29,2,2,0
94249,2025-08-05 04:18:29,2,2,0
94249,2025-08-05 04:13:29,2,2,0
94249,2025-08-05 04:08:29,2,2,0
94249,2025-08-05 04:03:29,2,2,0
94249,2025-08-05 03:58:29,2,2,0
94249,2025-08-05 03:53:29,2,2,0
94249,2025-08-05 03:48:29,2,2,0
94249,2025-08-05 03:43:29,2,2,0
94249,2025-08-05 03:38:29,2,2,0
94249,2025-08-05 03:33:29,2,2,0
94249,2025-08-05 03:28:29,2,2,0
94249,2025-08-05 03:23:29,2,2,0
94249,2025-08-05 03:18:29,1,2,0
94249,2025-08-05 03:13:29,1,2,0
94249,2025-08-05 03:08:29,1,2,0
94249,2025-08-05 03:03:29,1,2,0
94249,2025-08-05 02:58:29,1,2,0
94249,2025-08-05 02:53:29,1,2,0
94249,2025-08-05 02:48:29,1,2,0
94249,2025-08-05 02:43:29,1,2,0
94249,2025-08-05 02:38:29,1,2,0
94249,2025-08-05 02:33:29,1,2,0
94249,2025-08-05 02:28:29,1,2,0
94249,2025-08-05 02:23:29,0,2,0
94249,2025-08-05 02:18:29,0,2,0
94249,2025-08-05 02:13:29,0,2,0
94249,2025-08-05 02:08:29,0,2,0
94249,2025-08-05 02:03:29,0,2,0
94249,2025-08-05 01:58:29,0,2,0
94249,2025-08-05 01:53:29,0,2,0
94249,2025-08-05 01:48:29,0,2,0
94249,2025-08-05 01:43:29,0,2,0
94249,2025-08-05 01:38:29,0,2,0
94249,2025-08-05 01:33:29,0,2,0
94249,2025-08-05 01:28:29,0,2,0
94249,2025-08-05 01:23:29,0,2,0
94249,2025-08-05 01:18:29,1,2,0
94249,2025-08-05 01:13:29,1,2,0
94249,2025-08-05 01:08:29,1,2,0
94249,2025-08-05 01:03:29,1,2,0
94249,2025-08-05 00:58:29,0,2,0
94249,2025-08-05 00:53:29,0,2,0
94249,2025-08-05 00:48:29,0,2,0
94249,2025-08-05 00:43:29,0,2,0
94249,2025-08-05 00:38:29,0,2,0
94249,2025-08-05 00:33:29,0,2,0
94249,2025-08-05 00:28:29,0,2,0
94249,2025-08-05 00:23:29,0,2,0
94249,2025-08-05 00:18:29,0,2,0
94249,2025-08-05 00:13:29,0,2,0
94249,2025-08-05 00:08:29,0,2,0
94249,2025-08-05 00:03:29,0,2,0
94249,2025-08-04 23:58:29,0,2,0
94249,2025-08-04 23:53:29,0,2,0
94249,2025-08-04 23:48:29,0,2,0
94249,2025-08-04 23:43:29,0,2,0
94249,2025-08-04 23:38:29,0,2,0
94249,2025-08-04 23:33:29,0,2,0
94249,2025-08-04 23:28:29,0,2,0
94249,2025-08-04 23:23:29,1,2,0
94249,2025-08-04 23:18:29,1,2,0
94249,2025-08-04 23:13:29,1,2,0
94249,2025-08-04 23:08:29,1,2,0
94249,2025-08-04 23:03:29,1,2,0
94249,2025-08-04 22:58:29,1,2,0
94249,2025-08-04 22:53:29,1,2,0
94249,2025-08-04 22:48:29,1,2,0
94249,2025-08-04 22:43:29,1,2,0
94249,2025-08-04 22:38:29,0,2,0
94249,2025-08-04 22:33:29,0,2,0
94249,2025-08-04 22:28:29,0,2,0
94249,2025-08-04 22:23:29,0,2,0
94249,2025-08-04 22:18:29,0,2,0
94249,2025-08-04 22:13:29,0,2,0
94249,2025-08-04 22:08:29,0,2,0
94249,2025-08-04 22:03:29,0,2,0
94249,2025-08-04 21:58:30,0,2,0
94249,2025-08-04 21:53:30,0,2,0
94249,2025-08-04 21:48:29,0,2,0
94249,2025-08-04 21:43:29,1,2,0
94249,2025-08-04 21:38:29,1,2,0
94249,2025-08-04 21:33:29,1,2,0
94249,2025-08-04 21:28:30,1,2,0
94249,2025-08-04 21:23:29,1,2,0
94249,2025-08-04 21:18:29,1,2,0
94249,2025-08-04 21:13:29,1,2,0
94249,2025-08-04 21:08:29,1,2,0
94249,2025-08-04 21:03:29,1,2,0
94249,2025-08-04 20:58:29,1,2,0
94249,2025-08-04 20:53:29,2,2,0
94249,2025-08-04 20:48:29,2,2,0
94249,2025-08-04 20:43:29,2,2,0
94249,2025-08-04 20:38:29,2,2,0
94249,2025-08-04 20:33:29,2,2,0
94249,2025-08-04 20:28:29,2,2,0
94249,2025-08-04 20:23:29,2,2,0
94249,2025-08-04 20:18:29,2,2,0
94249,2025-08-04 20:13:30,2,2,0
94249,2025-08-04 20:08:29,2,2,0
94249,2025-08-04 20:03:29,2,2,0
94249,2025-08-04 19:58:29,2,2,0
94249,2025-08-04 19:53:30,2,2,0
94249,2025-08-04 19:48:29,2,2,0
94249,2025-08-04 19:43:29,2,2,0
94249,2025-08-04 19:38:29,2,2,0
94249,2025-08-04 19:33:29,2,2,0
94249,2025-08-04 19:28:30,2,2,0
94249,2025-08-04 19:23:29,2,2,0
94249,2025-08-04 19:18:29,2,2,0
94249,2025-08-04 19:13:29,2,2,0
94249,2025-08-04 19:08:29,2,2,0
94249,2025-08-04 19:03:29,2,2,0
94249,2025-08-04 18:58:29,2,2,0
94249,2025-08-04 18:53:29,2,2,0
94249,2025-08-04 18:48:29,2,2,0
94249,2025-08-04 18:43:29,2,2,0
94249,2025-08-04 18:38:29,2,2,0
94249,2025-08-04 18:33:29,2,2,0
94249,2025-08-04 18:28:29,2,2,0
94249,2025-08-04 18:23:29,2,2,0
94249,2025-08-04 18:18:29,2,2,0
94249,2025-08-04 18:13:29,2,2,0
94249,2025-08-04 18:08:29,2,2,0
94249,2025-08-04 18:03:29,2,2,0
94249,2025-08-04 17:58:29,2,2,0
94249,2025-08-04 17:53:30,2,2,0
94249,2025-08-04 17:48:29,2,2,0
94249,2025-08-04 17:43:29,2,2,0
94249,2025-08-04 17:38:29,2,2,0
94249,2025-08-04 17:33:29,2,2,0
94249,2025-08-04 17:28:29,2,2,0
94249,2025-08-04 17:23:29,2,2,0
94249,2025-08-04 17:18:30,2,2,0
94249,2025-08-04 17:13:29,2,2,0
94249,2025-08-04 17:08:29,2,2,0
94249,2025-08-04 17:03:29,2,2,0
94249,2025-08-04 16:58:29,2,2,0
94249,2025-08-04 16:53:29,2,2,0
94249,2025-08-04 16:48:29,2,2,0
94249,2025-08-04 16:43:29,1,2,0
94249,2025-08-04 16:38:29,1,2,0
94249,2025-08-04 16:33:29,1,2,0
94249,2025-08-04 16:28:29,1,2,0
94249,2025-08-04 16:23:29,1,2,0
94249,2025-08-04 16:18:29,1,2,0
94249,2025-08-04 16:13:29,1,2,0
94249,2025-08-04 16:08:29,1,2,0
94249,2025-08-04 16:03:29,1,2,0
94249,2025-08-04 15:58:29,1,2,0
94249,2025-08-04 15:53:29,1,2,0
94249,2025-08-04 15:48:29,1,2,0
94249,2025-08-04 15:43:29,1,2,0
94249,2025-08-04 15:38:29,1,2,0
94249,2025-08-04 15:33:29,1,2,0
94249,2025-08-04 15:28:29,1,2,0
94249,2025-08-04 15:23:29,1,2,0
94249,2025-08-04 15:18:29,1,2,0
94249,2025-08-04 15:13:29,1,2,0
94249,2025-08-04 15:08:29,1,2,0
94249,2025-08-04 15:03:29,1,2,0
94249,2025-08-04 14:58:29,1,2,0
94249,2025-08-04 14:53:29,1,2,0
94249,2025-08-04 14:48:29,1,2,0
94249,2025-08-04 14:43:29,1,2,0
94249,2025-08-04 14:38:29,1,2,0
94249,2025-08-04 14:33:29,1,2,0
94249,2025-08-04 14:28:29,1,2,0
94249,2025-08-04 14:23:29,1,2,0
94249,2025-08-04 14:18:29,1,2,0
94249,2025-08-04 14:13:29,1,2,0
94249,2025-08-04 14:08:29,1,2,0
94249,2025-08-04 14:03:29,1,2,0
94249,2025-08-04 13:58:29,1,2,0
94249,2025-08-04 13:53:31,1,2,0
94249,2025-08-04 13:48:30,1,2,0
94249,2025-08-04 13:43:30,1,2,0
94249,2025-08-04 13:38:29,1,2,0
94249,2025-08-04 13:33:30,1,2,0
94249,2025-08-04 13:28:29,1,2,0
94249,2025-08-04 13:25:06,1,2,0
94249,2025-08-04 13:18:29,1,2,0
94249,2025-08-04 13:13:29,1,2,0
94249,2025-08-04 13:08:29,1,2,0
94249,2025-08-04 13:03:29,1,2,0
94249,2025-08-04 12:58:29,1,2,0
94249,2025-08-04 12:53:30,1,2,0
94249,2025-08-04 12:48:30,1,2,0
94249,2025-08-04 12:43:29,1,2,0
94249,2025-08-04 12:38:29,1,2,0
94249,2025-08-04 12:33:29,1,2,0
94249,2025-08-04 12:28:29,1,2,0
94249,2025-08-04 12:23:29,1,2,0
94249,2025-08-04 12:18:29,1,2,0
94249,2025-08-04 12:13:29,1,2,0
94249,2025-08-04 12:08:29,0,2,0
94249,2025-08-04 12:03:29,0,2,0
94249,2025-08-04 11:58:29,0,2,0
94249,2025-08-04 11:53:31,0,2,0
94249,2025-08-04 11:48:29,0,2,0
94249,2025-08-04 11:43:29,1,2,0
94249,2025-08-04 11:38:29,1,2,0
94249,2025-08-04 11:33:29,1,2,0
94249,2025-08-04 11:28:29,1,2,0
94249,2025-08-04 11:23:29,1,2,0
94249,2025-08-04 11:18:29,1,2,0
94249,2025-08-04 11:13:29,1,2,0
94249,2025-08-04 11:08:29,1,2,0
94249,2025-08-04 11:03:29,1,2,0
94249,2025-08-04 10:58:29,1,2,0
94249,2025-08-04 10:53:29,1,2,0
94249,2025-08-04 10:48:29,1,2,0
94249,2025-08-04 10:43:29,1,2,0
94249,2025-08-04 10:38:29,1,2,0
94249,2025-08-04 10:33:30,1,2,0
94249,2025-08-04 10:28:29,1,2,0
94249,2025-08-04 10:23:29,1,2,0
94249,2025-08-04 10:18:29,1,2,0
94249,2025-08-04 10:13:29,1,2,0
94249,2025-08-04 10:08:29,1,2,0
94249,2025-08-04 10:03:29,1,2,0
94249,2025-08-04 09:58:29,1,2,0
94249,2025-08-04 09:53:29,1,2,0
94249,2025-08-04 09:48:29,1,2,0
94249,2025-08-04 09:43:29,1,2,0
94249,2025-08-04 09:38:29,1,2,0
94249,2025-08-04 09:33:29,1,2,0
94249,2025-08-04 09:28:29,1,2,0
94249,2025-08-04 09:23:29,1,2,0
94249,2025-08-04 09:18:29,1,2,0
94249,2025-08-04 09:13:29,1,2,0
94249,2025-08-04 09:08:29,1,2,0
94249,2025-08-04 09:03:29,2,2,0
94249,2025-08-04 08:58:29,2,2,0
94249,2025-08-04 08:53:29,2,2,0
94249,2025-08-04 08:48:29,2,2,0
94249,2025-08-04 08:43:29,2,2,0
94249,2025-08-04 08:38:29,2,2,0
94249,2025-08-04 08:33:29,2,2,0
94249,2025-08-04 08:28:29,2,2,0
94249,2025-08-04 08:23:29,2,2,0
94249,2025-08-04 08:18:29,2,2,0
94249,2025-08-04 08:13:29,2,2,0
94249,2025-08-04 08:08:29,2,2,0
94249,2025-08-04 08:03:29,2,2,0
94249,2025-08-04 07:58:29,2,2,0
94249,2025-08-04 07:53:29,2,2,0
94249,2025-08-04 07:48:29,2,2,0
94249,2025-08-04 07:43:29,2,2,0
94249,2025-08-04 07:38:29,2,2,0
94249,2025-08-04 07:33:29,2,2,0
94249,2025-08-04 07:28:29,2,2,0
94249,2025-08-04 07:23:29,2,2,0
94249,2025-08-04 07:18:29,2,2,0
94249,2025-08-04 07:13:29,2,2,0
94249,2025-08-04 07:08:30,2,2,0
94249,2025-08-04 07:03:29,2,2,0
94249,2025-08-04 06:58:29,2,2,0
94249,2025-08-04 06:53:29,2,2,0
94249,2025-08-04 06:48:29,2,2,0
94249,2025-08-04 06:43:29,2,2,0
94249,2025-08-04 06:38:29,2,2,0
94249,2025-08-04 06:33:29,2,2,0
94249,2025-08-04 06:28:29,2,2,0
94249,2025-08-04 06:23:29,2,2,0
94249,2025-08-04 06:18:29,2,2,0
94249,2025-08-04 06:13:29,2,2,0
94249,2025-08-04 06:08:29,2,2,0
94249,2025-08-04 06:03:29,2,2,0
94249,2025-08-04 05:58:29,2,2,0
94249,2025-08-04 05:53:29,2,2,0
94249,2025-08-04 05:48:29,2,2,0
94249,2025-08-04 05:43:29,2,2,0
94249,2025-08-04 05:38:29,2,2,0
94249,2025-08-04 05:33:29,2,2,0
94249,2025-08-04 05:28:29,2,2,0
94249,2025-08-04 05:23:29,2,2,0
94249,2025-08-04 05:18:29,2,2,0
94249,2025-08-04 05:13:29,1,2,0
94249,2025-08-04 05:08:30,1,2,0
94249,2025-08-04 05:03:29,1,2,0
94249,2025-08-04 04:58:29,1,2,0
94249,2025-08-04 04:53:29,1,2,0
94249,2025-08-04 04:48:29,1,2,0
94249,2025-08-04 04:43:29,1,2,0
94249,2025-08-04 04:38:29,2,2,0
94249,2025-08-04 04:33:29,2,2,0
94249,2025-08-04 04:28:29,2,2,0
94249,2025-08-04 04:23:29,2,2,0
94249,2025-08-04 04:18:29,2,2,0
94249,2025-08-04 04:13:29,2,2,0
94249,2025-08-04 04:08:29,2,2,0
94249,2025-08-04 04:03:29,2,2,0
94249,2025-08-04 03:58:29,2,2,0
94249,2025-08-04 03:53:29,2,2,0
94249,2025-08-04 03:48:29,1,2,0
94249,2025-08-04 03:43:29,1,2,0
94249,2025-08-04 03:38:29,1,2,0
94249,2025-08-04 03:33:29,1,2,0
94249,2025-08-04 03:28:29,1,2,0
94249,2025-08-04 03:23:29,1,2,0
94249,2025-08-04 03:18:29,1,2,0
94249,2025-08-04 03:13:29,1,2,0
94249,2025-08-04 03:08:29,1,2,0
94249,2025-08-04 03:03:29,1,2,0
94249,2025-08-04 02:58:29,1,2,0
94249,2025-08-04 02:53:29,1,2,0
94249,2025-08-04 02:48:29,1,2,0
94249,2025-08-04 02:43:29,1,2,0
94249,2025-08-04 02:38:29,1,2,0
94249,2025-08-04 02:33:29,1,2,0
94249,2025-08-04 02:28:29,1,2,0
94249,2025-08-04 02:23:29,1,2,0
94249,2025-08-04 02:18:29,2,2,0
94249,2025-08-04 02:13:29,2,2,0
94249,2025-08-04 02:08:29,2,2,0
94249,2025-08-04 02:03:29,2,2,0
94249,2025-08-04 01:58:29,2,2,0
94249,2025-08-04 01:53:29,1,2,0
94249,2025-08-04 01:48:29,1,2,0
94249,2025-08-04 01:43:29,1,2,0
94249,2025-08-04 01:38:29,1,2,0
94249,2025-08-04 01:33:30,1,2,0
94249,2025-08-04 01:28:29,1,2,0
94249,2025-08-04 01:23:29,1,2,0
94249,2025-08-04 01:18:29,1,2,0
94249,2025-08-04 01:13:29,1,2,0
94249,2025-08-04 01:08:29,1,2,0
94249,2025-08-04 01:03:29,1,2,0
94249,2025-08-04 00:58:29,1,2,0
94249,2025-08-04 00:53:29,1,2,0
94249,2025-08-04 00:48:29,1,2,0
94249,2025-08-04 00:43:29,1,2,0
94249,2025-08-04 00:38:29,1,2,0
94249,2025-08-04 00:33:29,1,2,0
94249,2025-08-04 00:28:29,1,2,0
94249,2025-08-04 00:23:29,1,2,0
94249,2025-08-04 00:18:29,1,2,0
94249,2025-08-04 00:13:29,1,2,0
94249,2025-08-04 00:08:29,1,2,0
94249,2025-08-04 00:03:29,1,2,0
94249,2025-08-03 23:58:29,1,2,0
94249,2025-08-03 23:53:29,1,2,0
94249,2025-08-03 23:48:29,1,2,0
94249,2025-08-03 23:43:29,1,2,0
94249,2025-08-03 23:38:29,1,2,0
94249,2025-08-03 23:33:29,1,2,0
94249,2025-08-03 23:28:29,1,2,0
94249,2025-08-03 23:23:29,1,2,0
94249,2025-08-03 23:18:29,1,2,0
94249,2025-08-03 23:13:31,1,2,0
94249,2025-08-03 23:08:29,1,2,0
94249,2025-08-03 23:03:29,1,2,0
94249,2025-08-03 22:58:29,1,2,0
94249,2025-08-03 22:53:29,1,2,0
94249,2025-08-03 22:48:29,1,2,0
94249,2025-08-03 22:43:29,1,2,0
94249,2025-08-03 22:38:29,1,2,0
94249,2025-08-03 22:33:29,1,2,0
94249,2025-08-03 22:28:29,1,2,0
94249,2025-08-03 22:23:29,1,2,0
94249,2025-08-03 22:18:29,1,2,0
94249,2025-08-03 22:13:29,1,2,0
94249,2025-08-03 22:08:29,1,2,0
94249,2025-08-03 22:03:29,1,2,0
94249,2025-08-03 21:58:30,1,2,0
94249,2025-08-03 21:53:29,1,2,0
94249,2025-08-03 21:48:29,1,2,0
94249,2025-08-03 21:43:29,1,2,0
94249,2025-08-03 21:38:29,1,2,0
94249,2025-08-03 21:33:29,2,2,0
94249,2025-08-03 21:28:29,2,2,0
94249,2025-08-03 21:23:29,2,2,0
94249,2025-08-03 21:18:29,2,2,0
94249,2025-08-03 21:13:29,2,2,0
94249,2025-08-03 21:08:29,2,2,0
94249,2025-08-03 21:03:29,2,2,0
94249,2025-08-03 20:58:29,2,2,0
94249,2025-08-03 20:53:29,2,2,0
94249,2025-08-03 20:48:29,2,2,0
94249,2025-08-03 20:43:29,2,2,0
94249,2025-08-03 20:38:29,2,2,0
94249,2025-08-03 20:33:29,2,2,0
94249,2025-08-03 20:28:29,2,2,0
94249,2025-08-03 20:23:29,2,2,0
94249,2025-08-03 20:18:29,2,2,0
94249,2025-08-03 20:13:29,2,2,0
94249,2025-08-03 20:08:29,2,2,0
94249,2025-08-03 20:03:29,2,2,0
94249,2025-08-03 19:58:29,2,2,0
94249,2025-08-03 19:53:29,2,2,0
94249,2025-08-03 19:48:29,2,2,0
94249,2025-08-03 19:43:29,2,2,0
94249,2025-08-03 19:38:29,2,2,0
94249,2025-08-03 19:33:29,2,2,0
94249,2025-08-03 19:28:29,2,2,0
94249,2025-08-03 19:23:29,2,2,0
94249,2025-08-03 19:18:29,2,2,0
94249,2025-08-03 19:13:29,2,2,0
94249,2025-08-03 19:08:29,2,2,0
94249,2025-08-03 19:03:29,2,2,0
94249,2025-08-03 18:58:29,2,2,0
94249,2025-08-03 18:53:29,2,2,0
94249,2025-08-03 18:48:29,2,2,0
94249,2025-08-03 18:43:29,2,2,0
94249,2025-08-03 18:38:29,2,2,0
94249,2025-08-03 18:33:29,2,2,0
94249,2025-08-03 18:28:29,2,2,0
94249,2025-08-03 18:23:29,2,2,0
94249,2025-08-03 18:18:30,2,2,0
94249,2025-08-03 18:13:29,2,2,0
94249,2025-08-03 18:08:29,2,2,0
94249,2025-08-03 18:03:29,2,2,0
94249,2025-08-03 17:58:29,2,2,0
94249,2025-08-03 17:53:29,2,2,0
94249,2025-08-03 17:48:30,2,2,0
94249,2025-08-03 17:43:29,2,2,0
94249,2025-08-03 17:38:29,2,2,0
94249,2025-08-03 17:33:29,2,2,0
94249,2025-08-03 17:28:29,2,2,0
94249,2025-08-03 17:23:29,2,2,0
94249,2025-08-03 17:18:31,2,2,0
94249,2025-08-03 17:13:29,2,2,0
94249,2025-08-03 17:08:29,2,2,0
94249,2025-08-03 17:03:29,2,2,0
94249,2025-08-03 16:58:29,2,2,0
94249,2025-08-03 16:53:29,2,2,0
94249,2025-08-03 16:48:29,2,2,0
94249,2025-08-03 16:43:29,2,2,0
94249,2025-08-03 16:38:29,2,2,0
94249,2025-08-03 16:33:29,2,2,0
94249,2025-08-03 16:28:29,2,2,0
94249,2025-08-03 16:23:29,2,2,0
94249,2025-08-03 16:18:29,2,2,0
94249,2025-08-03 16:13:29,2,2,0
94249,2025-08-03 16:08:29,2,2,0
94249,2025-08-03 16:03:29,2,2,0
94249,2025-08-03 15:58:29,2,2,0
94249,2025-08-03 15:53:29,2,2,0
94249,2025-08-03 15:48:29,2,2,0
94249,2025-08-03 15:43:29,2,2,0
94249,2025-08-03 15:38:29,2,2,0
94249,2025-08-03 15:33:29,2,2,0
94249,2025-08-03 15:28:29,2,2,0
94249,2025-08-03 15:23:29,2,2,0
94249,2025-08-03 15:18:29,2,2,0
94249,2025-08-03 15:13:29,2,2,0
94249,2025-08-03 15:08:29,2,2,0
94249,2025-08-03 15:03:29,2,2,0
94249,2025-08-03 14:58:29,2,2,0
94249,2025-08-03 14:53:29,2,2,0
94249,2025-08-03 14:48:29,2,2,0
94249,2025-08-03 14:43:29,2,2,0
94249,2025-08-03 14:38:29,2,2,0
94249,2025-08-03 14:33:29,2,2,0
94249,2025-08-03 14:28:29,2,2,0
94249,2025-08-03 14:23:29,2,2,0
94249,2025-08-03 14:18:29,2,2,0
94249,2025-08-03 14:13:29,2,2,0
94249,2025-08-03 14:08:29,2,2,0
94249,2025-08-03 14:03:29,2,2,0
94249,2025-08-03 13:58:29,2,2,0
94249,2025-08-03 13:53:29,2,2,0
94249,2025-08-03 13:48:29,2,2,0
94249,2025-08-03 13:43:29,2,2,0
94249,2025-08-03 13:38:29,2,2,0
94249,2025-08-03 13:33:29,2,2,0
94249,2025-08-03 13:28:29,2,2,0
94249,2025-08-03 13:23:29,2,2,0
94249,2025-08-03 13:18:29,2,2,0
94249,2025-08-03 13:13:29,2,2,0
94249,2025-08-03 13:08:29,2,2,0
94249,2025-08-03 13:03:29,2,2,0
94249,2025-08-03 12:58:29,2,2,0
94249,2025-08-03 12:53:29,2,2,0
94249,2025-08-03 12:48:29,2,2,0
94249,2025-08-03 12:43:29,2,2,0
94249,2025-08-03 12:38:29,2,2,0
94249,2025-08-03 12:33:29,2,2,0
94249,2025-08-03 12:28:29,2,2,0
94249,2025-08-03 12:23:29,2,2,0
94249,2025-08-03 12:18:29,2,2,0
94249,2025-08-03 12:13:30,2,2,0
94249,2025-08-03 12:08:29,2,2,0
94249,2025-08-03 12:03:29,2,2,0
94249,2025-08-03 11:58:29,2,2,0
94249,2025-08-03 11:53:29,2,2,0
94249,2025-08-03 11:48:29,2,2,0
94249,2025-08-03 11:43:29,2,2,0
94249,2025-08-03 11:38:29,1,2,0
94249,2025-08-03 11:33:29,1,2,0
94249,2025-08-03 11:28:29,1,2,0
94249,2025-08-03 11:23:29,1,2,0
94249,2025-08-03 11:18:29,1,2,0
94249,2025-08-03 11:13:29,1,2,0
94249,2025-08-03 11:08:29,1,2,0
94249,2025-08-03 11:03:29,1,2,0
94249,2025-08-03 10:58:29,1,2,0
94249,2025-08-03 10:53:29,1,2,0
94249,2025-08-03 10:48:29,1,2,0
94249,2025-08-03 10:43:29,1,2,0
94249,2025-08-03 10:38:29,1,2,0
94249,2025-08-03 10:33:29,1,2,0
94249,2025-08-03 10:28:29,1,2,0
94249,2025-08-03 10:23:29,1,2,0
94249,2025-08-03 10:18:29,1,2,0
94249,2025-08-03 10:13:29,1,2,0
94249,2025-08-03 10:08:29,1,2,0
94249,2025-08-03 10:03:29,1,2,0
94249,2025-08-03 09:58:29,1,2,0
94249,2025-08-03 09:53:29,1,2,0
94249,2025-08-03 09:48:29,1,2,0
94249,2025-08-03 09:43:29,1,2,0
94249,2025-08-03 09:38:29,1,2,0
94249,2025-08-03 09:33:29,1,2,0
94249,2025-08-03 09:28:29,1,2,0
94249,2025-08-03 09:23:29,1,2,0
94249,2025-08-03 09:18:29,1,2,0
94249,2025-08-03 09:13:29,1,2,0
94249,2025-08-03 09:08:29,1,2,0
94249,2025-08-03 09:03:29,1,2,0
94249,2025-08-03 08:58:29,1,2,0
94249,2025-08-03 08:53:29,1,2,0
94249,2025-08-03 08:48:29,1,2,0
94249,2025-08-03 08:43:29,1,2,0
94249,2025-08-03 08:38:29,1,2,0
94249,2025-08-03 08:33:29,1,2,0
94249,2025-08-03 08:28:29,1,2,0
94249,2025-08-03 08:23:29,1,2,0
94249,2025-08-03 08:18:29,1,2,0
94249,2025-08-03 08:13:29,1,2,0
94249,2025-08-03 08:08:29,1,2,0
94249,2025-08-03 08:03:29,1,2,0
94249,2025-08-03 07:58:29,1,2,0
94249,2025-08-03 07:53:32,1,2,0
94249,2025-08-03 07:48:29,1,2,0
94249,2025-08-03 07:43:29,1,2,0
94249,2025-08-03 07:38:29,1,2,0
94249,2025-08-03 07:33:29,1,2,0
94249,2025-08-03 07:28:29,1,2,0
94249,2025-08-03 07:23:29,1,2,0
94249,2025-08-03 07:18:29,1,2,0
94249,2025-08-03 07:13:29,1,2,0
94249,2025-08-03 07:08:29,1,2,0
94249,2025-08-03 07:03:29,1,2,0
94249,2025-08-03 06:58:29,1,2,0
94249,2025-08-03 06:53:29,1,2,0
94249,2025-08-03 06:48:29,1,2,0
94249,2025-08-03 06:43:29,1,2,0
94249,2025-08-03 06:38:29,1,2,0
94249,2025-08-03 06:33:29,1,2,0
94249,2025-08-03 06:28:29,1,2,0
94249,2025-08-03 06:23:29,1,2,0
94249,2025-08-03 06:18:29,1,2,0
94249,2025-08-03 06:13:29,1,2,0
94249,2025-08-03 06:08:29,1,2,0
94249,2025-08-03 06:03:29,1,2,0
94249,2025-08-03 05:58:29,1,2,0
94249,2025-08-03 05:53:29,1,2,0
94249,2025-08-03 05:48:29,0,2,0
94249,2025-08-03 05:43:29,0,2,0
94249,2025-08-03 05:38:29,0,2,0
94249,2025-08-03 05:33:29,0,2,0
94249,2025-08-03 05:28:29,0,2,0
94249,2025-08-03 05:23:29,0,2,0
94249,2025-08-03 05:18:29,0,2,0
94249,2025-08-03 05:13:29,0,2,0
94249,2025-08-03 05:08:29,0,2,0
94249,2025-08-03 05:03:29,0,2,0
94249,2025-08-03 04:58:29,0,2,0
94249,2025-08-03 04:53:29,0,2,0
94249,2025-08-03 04:48:29,0,2,0
94249,2025-08-03 04:43:29,1,2,0
94249,2025-08-03 04:38:29,1,2,0
94249,2025-08-03 04:33:29,1,2,0
94249,2025-08-03 04:28:29,1,2,0
94249,2025-08-03 04:23:29,1,2,0
94249,2025-08-03 04:18:29,1,2,0
94249,2025-08-03 04:13:29,0,2,0
94249,2025-08-03 04:08:29,0,2,0
94249,2025-08-03 04:03:29,0,2,0
94249,2025-08-03 03:58:29,0,2,0
94249,2025-08-03 03:53:29,0,2,0
94249,2025-08-03 03:48:29,0,2,0
94249,2025-08-03 03:43:29,0,2,0
94249,2025-08-03 03:38:29,0,2,0
94249,2025-08-03 03:33:29,0,2,0
94249,2025-08-03 03:28:29,0,2,0
94249,2025-08-03 03:23:29,0,2,0
94249,2025-08-03 03:18:29,1,2,0
94249,2025-08-03 03:13:29,1,2,0
94249,2025-08-03 03:08:29,1,2,0
94249,2025-08-03 03:03:29,1,2,0
94249,2025-08-03 02:58:29,1,2,0
94249,2025-08-03 02:53:29,1,2,0
94249,2025-08-03 02:48:29,1,2,0
94249,2025-08-03 02:43:29,1,2,0
94249,2025-08-03 02:38:29,1,2,0
94249,2025-08-03 02:33:29,1,2,0
94249,2025-08-03 02:28:29,1,2,0
94249,2025-08-03 02:23:29,1,2,0
94249,2025-08-03 02:18:29,1,2,0
94249,2025-08-03 02:13:29,1,2,0
94249,2025-08-03 02:08:32,1,2,0
94249,2025-08-03 02:03:29,1,2,0
94249,2025-08-03 01:58:29,1,2,0
94249,2025-08-03 01:53:29,1,2,0
94249,2025-08-03 01:48:29,1,2,0
94249,2025-08-03 01:43:29,1,2,0
94249,2025-08-03 01:38:29,1,2,0
94249,2025-08-03 01:33:29,1,2,0
94249,2025-08-03 01:28:29,1,2,0
94249,2025-08-03 01:23:29,1,2,0
94249,2025-08-03 01:18:29,1,2,0
94249,2025-08-03 01:13:29,1,2,0
94249,2025-08-03 01:08:29,1,2,0
94249,2025-08-03 01:03:29,1,2,0
94249,2025-08-03 00:58:29,1,2,0
94249,2025-08-03 00:53:29,1,2,0
94249,2025-08-03 00:48:29,1,2,0
94249,2025-08-03 00:43:29,1,2,0
94249,2025-08-03 00:38:30,1,2,0
94249,2025-08-03 00:33:31,1,2,0
94249,2025-08-03 00:28:29,1,2,0
94249,2025-08-03 00:23:29,2,2,0
94249,2025-08-03 00:18:29,1,2,0
94249,2025-08-03 00:13:29,1,2,0
94249,2025-08-03 00:08:29,1,2,0
94249,2025-08-03 00:03:29,1,2,0
94249,2025-08-02 23:58:29,1,2,0
94249,2025-08-02 23:53:29,1,2,0
94249,2025-08-02 23:48:29,1,2,0
94249,2025-08-02 23:43:29,1,2,0
94249,2025-08-02 23:38:29,1,2,0
94249,2025-08-02 23:33:29,1,2,0
94249,2025-08-02 23:28:29,1,2,0
94249,2025-08-02 23:23:29,1,2,0
94249,2025-08-02 23:18:29,0,2,0
94249,2025-08-02 23:13:29,0,2,0
94249,2025-08-02 23:08:29,0,2,0
94249,2025-08-02 23:03:29,0,2,0
94249,2025-08-02 22:58:29,0,2,0
94249,2025-08-02 22:53:29,0,2,0
94249,2025-08-02 22:48:30,0,2,0
94249,2025-08-02 22:43:29,0,2,0
94249,2025-08-02 22:38:29,0,2,0
94249,2025-08-02 22:33:29,0,2,0
94249,2025-08-02 22:28:29,0,2,0
94249,2025-08-02 22:23:29,0,2,0
94249,2025-08-02 22:18:29,0,2,0
94249,2025-08-02 22:13:29,0,2,0
94249,2025-08-02 22:08:29,0,2,0
94249,2025-08-02 22:03:29,0,2,0
94249,2025-08-02 21:58:29,0,2,0
94249,2025-08-02 21:53:29,0,2,0
94249,2025-08-02 21:48:29,0,2,0
94249,2025-08-02 21:43:29,0,2,0
94249,2025-08-02 21:38:29,0,2,0
94249,2025-08-02 21:33:29,0,2,0
94249,2025-08-02 21:28:29,0,2,0
94249,2025-08-02 21:23:29,0,2,0
94249,2025-08-02 21:18:29,0,2,0
94249,2025-08-02 21:13:29,0,2,0
94249,2025-08-02 21:08:29,0,2,0
94249,2025-08-02 21:03:29,0,2,0
94249,2025-08-02 20:58:29,0,2,0
94249,2025-08-02 20:53:29,0,2,0
94249,2025-08-02 20:48:29,0,2,0
94249,2025-08-02 20:43:29,0,2,0
94249,2025-08-02 20:38:29,1,2,0
94249,2025-08-02 20:33:29,1,2,0
94249,2025-08-02 20:28:29,1,2,0
94249,2025-08-02 20:23:29,1,2,0
94249,2025-08-02 20:18:29,1,2,0
94249,2025-08-02 20:13:29,1,2,0
94249,2025-08-02 20:08:29,1,2,0
94249,2025-08-02 20:03:29,1,2,0
94249,2025-08-02 19:58:29,1,2,0
94249,2025-08-02 19:53:29,1,2,0
94249,2025-08-02 19:48:29,1,2,0
94249,2025-08-02 19:43:29,1,2,0
94249,2025-08-02 19:38:30,1,2,0
94249,2025-08-02 19:33:29,1,2,0
94249,2025-08-02 19:28:30,2,2,0
94249,2025-08-02 19:23:29,2,2,0
94249,2025-08-02 19:18:29,2,2,0
94249,2025-08-02 19:13:29,2,2,0
94249,2025-08-02 19:08:29,2,2,0
94249,2025-08-02 19:03:29,2,2,0
94249,2025-08-02 18:58:29,2,2,0
94249,2025-08-02 18:53:29,2,2,0
94249,2025-08-02 18:48:29,2,2,0
94249,2025-08-02 18:43:29,2,2,0
94249,2025-08-02 18:38:29,2,2,0
94249,2025-08-02 18:33:29,2,2,0
94249,2025-08-02 18:28:29,2,2,0
94249,2025-08-02 18:23:29,2,2,0
94249,2025-08-02 18:18:29,2,2,0
94249,2025-08-02 18:13:29,2,2,0
94249,2025-08-02 18:08:29,2,2,0
94249,2025-08-02 18:03:29,2,2,0
94249,2025-08-02 17:58:29,2,2,0
94249,2025-08-02 17:53:29,2,2,0
94249,2025-08-02 17:48:29,2,2,0
94249,2025-08-02 17:43:29,2,2,0
94249,2025-08-02 17:38:29,2,2,0
94249,2025-08-02 17:33:29,2,2,0
94249,2025-08-02 17:28:29,2,2,0
94249,2025-08-02 17:23:29,2,2,0
94249,2025-08-02 17:18:29,1,2,0
94249,2025-08-02 17:13:29,1,2,0
94249,2025-08-02 17:08:29,1,2,0
94249,2025-08-02 17:03:29,1,2,0
94249,2025-08-02 16:58:29,1,2,0
94249,2025-08-02 16:53:29,1,2,0
94249,2025-08-02 16:48:29,0,2,0
94249,2025-08-02 16:43:30,0,2,0
94249,2025-08-02 16:38:29,0,2,0
94249,2025-08-02 16:33:29,0,2,0
94249,2025-08-02 16:28:29,0,2,0
94249,2025-08-02 16:23:29,0,2,0
94249,2025-08-02 16:18:29,0,2,0
94249,2025-08-02 16:13:29,0,2,0
94249,2025-08-02 16:08:29,0,2,0
94249,2025-08-02 16:03:29,0,2,0
94249,2025-08-02 15:58:29,0,2,0
94249,2025-08-02 15:53:29,0,2,0
94249,2025-08-02 15:48:29,0,2,0
94249,2025-08-02 15:43:29,0,2,0
94249,2025-08-02 15:38:29,0,2,0
94249,2025-08-02 15:33:29,0,2,0
94249,2025-08-02 15:28:29,0,2,0
94249,2025-08-02 15:23:29,0,2,0
94249,2025-08-02 15:18:29,0,2,0
94249,2025-08-02 15:13:29,0,2,0
94249,2025-08-02 15:08:29,0,2,0
94249,2025-08-02 15:03:29,0,2,0
94249,2025-08-02 14:58:29,0,2,0
94249,2025-08-02 14:53:29,0,2,0
94249,2025-08-02 14:48:29,0,2,0
94249,2025-08-02 14:43:29,0,2,0
94249,2025-08-02 14:38:30,0,2,0
94249,2025-08-02 14:33:29,1,2,0
94249,2025-08-02 14:28:31,1,2,0
94249,2025-08-02 14:23:29,1,2,0
94249,2025-08-02 14:18:29,1,2,0
94249,2025-08-02 14:13:29,1,2,0
94249,2025-08-02 14:08:29,1,2,0
94249,2025-08-02 14:03:29,1,2,0
94249,2025-08-02 13:58:30,1,2,0
94249,2025-08-02 13:53:31,1,2,0
94249,2025-08-02 13:48:31,1,2,0
94249,2025-08-02 13:43:30,1,2,0
94249,2025-08-02 13:38:29,1,2,0
94249,2025-08-02 13:33:29,1,2,0
94249,2025-08-02 13:28:29,1,2,0
94249,2025-08-02 13:23:30,1,2,0
94249,2025-08-02 13:18:29,1,2,0
94249,2025-08-02 13:13:29,1,2,0
94249,2025-08-02 13:08:29,1,2,0
94249,2025-08-02 13:03:29,1,2,0
94249,2025-08-02 12:58:30,1,2,0
94249,2025-08-02 12:53:29,1,2,0
94249,2025-08-02 12:48:29,1,2,0
94249,2025-08-02 12:43:29,1,2,0
94249,2025-08-02 12:38:29,1,2,0
94249,2025-08-02 12:33:29,1,2,0
94249,2025-08-02 12:28:29,1,2,0
94249,2025-08-02 12:23:29,1,2,0
94249,2025-08-02 12:18:29,1,2,0
94249,2025-08-02 12:13:29,1,2,0
94249,2025-08-02 12:08:29,1,2,0
94249,2025-08-02 12:03:29,1,2,0
94249,2025-08-02 11:58:29,1,2,0
94249,2025-08-02 11:53:29,1,2,0
94249,2025-08-02 11:48:29,1,2,0
94249,2025-08-02 11:43:29,1,2,0
94249,2025-08-02 11:38:29,1,2,0
94249,2025-08-02 11:33:29,1,2,0
94249,2025-08-02 11:28:29,1,2,0
94249,2025-08-02 11:23:29,1,2,0
94249,2025-08-02 11:18:29,1,2,0
94249,2025-08-02 11:13:29,1,2,0
94249,2025-08-02 11:08:29,1,2,0
94249,2025-08-02 11:03:29,1,2,0
94249,2025-08-02 10:58:29,1,2,0
94249,2025-08-02 10:53:29,1,2,0
94249,2025-08-02 10:48:29,1,2,0
94249,2025-08-02 10:43:29,1,2,0
94249,2025-08-02 10:38:29,1,2,0
94249,2025-08-02 10:33:29,1,2,0
94249,2025-08-02 10:28:29,1,2,0
94249,2025-08-02 10:23:29,2,2,0
94249,2025-08-02 10:18:29,2,2,0
94249,2025-08-02 10:13:29,2,2,0
94249,2025-08-02 10:08:29,2,2,0
94249,2025-08-02 10:03:29,2,2,0
94249,2025-08-02 09:58:29,2,2,0
94249,2025-08-02 09:53:29,2,2,0
94249,2025-08-02 09:48:29,2,2,0
94249,2025-08-02 09:43:29,2,2,0
94249,2025-08-02 09:38:29,2,2,0
94249,2025-08-02 09:33:29,2,2,0
94249,2025-08-02 09:28:29,2,2,0
94249,2025-08-02 09:23:29,2,2,0
94249,2025-08-02 09:18:29,2,2,0
94249,2025-08-02 09:13:29,2,2,0
94249,2025-08-02 09:08:29,2,2,0
94249,2025-08-02 09:03:29,2,2,0
94249,2025-08-02 08:58:29,2,2,0
94249,2025-08-02 08:53:29,2,2,0
94249,2025-08-02 08:48:29,2,2,0
94249,2025-08-02 08:43:29,2,2,0
94249,2025-08-02 08:38:29,2,2,0
94249,2025-08-02 08:33:29,2,2,0
94249,2025-08-02 08:28:29,2,2,0
94249,2025-08-02 08:23:29,2,2,0
94249,2025-08-02 08:18:29,2,2,0
94249,2025-08-02 08:13:29,2,2,0
94249,2025-08-02 08:08:29,2,2,0
94249,2025-08-02 08:03:29,2,2,0
94249,2025-08-02 07:58:29,2,2,0
94249,2025-08-02 07:53:29,2,2,0
94249,2025-08-02 07:48:29,2,2,0
94249,2025-08-02 07:43:29,2,2,0
94249,2025-08-02 07:38:29,2,2,0
94249,2025-08-02 07:33:29,2,2,0
94249,2025-08-02 07:28:29,2,2,0
94249,2025-08-02 07:23:29,2,2,0
94249,2025-08-02 07:18:29,2,2,0
94249,2025-08-02 07:13:29,2,2,0
94249,2025-08-02 07:08:29,2,2,0
94249,2025-08-02 07:03:29,2,2,0
94249,2025-08-02 06:58:29,2,2,0
94249,2025-08-02 06:53:29,2,2,0
94249,2025-08-02 06:48:29,2,2,0
94249,2025-08-02 06:43:29,2,2,0
94249,2025-08-02 06:38:29,2,2,0
94249,2025-08-02 06:33:29,2,2,0
94249,2025-08-02 06:28:29,2,2,0
94249,2025-08-02 06:23:29,2,2,0
94249,2025-08-02 06:18:29,2,2,0
94249,2025-08-02 06:13:29,2,2,0
94249,2025-08-02 06:08:29,2,2,0
94249,2025-08-02 06:03:29,2,2,0
94249,2025-08-02 05:58:29,2,2,0
94249,2025-08-02 05:53:29,2,2,0
94249,2025-08-02 05:48:29,2,2,0
94249,2025-08-02 05:43:29,2,2,0
94249,2025-08-02 05:38:29,1,2,0
94249,2025-08-02 05:33:29,1,2,0
94249,2025-08-02 05:28:29,1,2,0
94249,2025-08-02 05:23:29,1,2,0
94249,2025-08-02 05:18:29,1,2,0
94249,2025-08-02 05:13:29,1,2,0
94249,2025-08-02 05:08:29,1,2,0
94249,2025-08-02 05:03:29,1,2,0
94249,2025-08-02 04:58:29,1,2,0
94249,2025-08-02 04:53:29,1,2,0
94249,2025-08-02 04:48:29,1,2,0
94249,2025-08-02 04:43:29,1,2,0
94249,2025-08-02 04:38:29,1,2,0
94249,2025-08-02 04:33:29,1,2,0
94249,2025-08-02 04:29:53,0,2,0
94249,2025-08-02 04:23:29,0,2,0
94249,2025-08-02 04:18:29,0,2,0
94249,2025-08-02 04:13:29,0,2,0
94249,2025-08-02 04:08:29,0,2,0
94249,2025-08-02 04:03:29,0,2,0
94249,2025-08-02 03:58:29,0,2,0
94249,2025-08-02 03:53:29,0,2,0
94249,2025-08-02 03:48:29,0,2,0
94249,2025-08-02 03:43:29,0,2,0
94249,2025-08-02 03:38:29,0,2,0
94249,2025-08-02 03:33:29,0,2,0
94249,2025-08-02 03:28:29,1,2,0
94249,2025-08-02 03:23:29,1,2,0
94249,2025-08-02 03:18:29,1,2,0
94249,2025-08-02 03:13:30,1,2,0
94249,2025-08-02 03:08:29,1,2,0
94249,2025-08-02 03:03:29,1,2,0
94249,2025-08-02 02:58:29,1,2,0
94249,2025-08-02 02:53:30,1,2,0
94249,2025-08-02 02:48:29,1,2,0
94249,2025-08-02 02:43:29,1,2,0
94249,2025-08-02 02:38:29,1,2,0
94249,2025-08-02 02:33:29,1,2,0
94249,2025-08-02 02:28:29,1,2,0
94249,2025-08-02 02:23:29,1,2,0
94249,2025-08-02 02:18:29,1,2,0
94249,2025-08-02 02:13:29,1,2,0
94249,2025-08-02 02:08:29,1,2,0
94249,2025-08-02 02:03:29,1,2,0
94249,2025-08-02 01:58:29,1,2,0
94249,2025-08-02 01:53:29,2,2,0
94249,2025-08-02 01:48:29,2,2,0
94249,2025-08-02 01:43:29,2,2,0
94249,2025-08-02 01:38:29,2,2,0
94249,2025-08-02 01:33:29,2,2,0
94249,2025-08-02 01:28:29,2,2,0
94249,2025-08-02 01:23:30,2,2,0
94249,2025-08-02 01:18:29,2,2,0
94249,2025-08-02 01:13:29,2,2,0
94249,2025-08-02 01:08:29,2,2,0
94249,2025-08-02 01:03:29,2,2,0
94249,2025-08-02 00:58:29,2,2,0
94249,2025-08-02 00:53:29,2,2,0
94249,2025-08-02 00:48:29,2,2,0
94249,2025-08-02 00:43:29,2,2,0
94249,2025-08-02 00:38:29,2,2,0
94249,2025-08-02 00:33:29,2,2,0
94249,2025-08-02 00:28:29,1,2,0
94249,2025-08-02 00:23:29,1,2,0
94249,2025-08-02 00:18:29,1,2,0
94249,2025-08-02 00:13:29,1,2,0
94249,2025-08-02 00:08:29,1,2,0
94249,2025-08-02 00:03:29,1,2,0
94249,2025-08-01 23:58:29,1,2,0
94249,2025-08-01 23:53:30,1,2,0
94249,2025-08-01 23:48:29,1,2,0
94249,2025-08-01 23:43:29,1,2,0
94249,2025-08-01 23:38:29,1,2,0
94249,2025-08-01 23:33:29,1,2,0
94249,2025-08-01 23:28:29,1,2,0
94249,2025-08-01 23:23:29,1,2,0
94249,2025-08-01 23:18:29,1,2,0
94249,2025-08-01 23:13:29,1,2,0
94249,2025-08-01 23:08:29,1,2,0
94249,2025-08-01 23:03:29,1,2,0
94249,2025-08-01 22:58:29,1,2,0
94249,2025-08-01 22:53:29,1,2,0
94249,2025-08-01 22:48:29,1,2,0
94249,2025-08-01 22:43:29,1,2,0
94249,2025-08-01 22:38:29,1,2,0
94249,2025-08-01 22:33:29,1,2,0
94249,2025-08-01 22:28:29,1,2,0
94249,2025-08-01 22:23:29,1,2,0
94249,2025-08-01 22:18:29,1,2,0
94249,2025-08-01 22:13:29,1,2,0
94249,2025-08-01 22:08:29,1,2,0
94249,2025-08-01 22:03:29,1,2,0
94249,2025-08-01 21:58:29,0,2,0
94249,2025-08-01 21:53:30,2,2,0
94249,2025-08-01 21:48:29,2,2,0
94249,2025-08-01 21:43:29,2,2,0
94249,2025-08-01 21:38:29,2,2,0
94249,2025-08-01 21:33:29,2,2,0
94249,2025-08-01 21:28:29,2,2,0
94249,2025-08-01 21:23:29,2,2,0
94249,2025-08-01 21:18:29,2,2,0
94249,2025-08-01 21:13:29,2,2,0
94249,2025-08-01 21:08:29,2,2,0
94249,2025-08-01 21:03:29,2,2,0
94249,2025-08-01 20:58:29,2,2,0
94249,2025-08-01 20:53:29,2,2,0
94249,2025-08-01 20:48:29,2,2,0
94249,2025-08-01 20:43:30,2,2,0
94249,2025-08-01 20:38:29,2,2,0
94249,2025-08-01 20:33:29,2,2,0
94249,2025-08-01 20:28:29,2,2,0
94249,2025-08-01 20:23:29,1,2,0
94249,2025-08-01 20:18:29,1,2,0
94249,2025-08-01 20:13:29,1,2,0
94249,2025-08-01 20:08:29,1,2,0
94249,2025-08-01 20:03:29,1,2,0
94249,2025-08-01 19:58:29,1,2,0
94249,2025-08-01 19:53:30,1,2,0
94249,2025-08-01 19:48:29,1,2,0
94249,2025-08-01 19:43:29,1,2,0
94249,2025-08-01 19:38:29,1,2,0
94249,2025-08-01 19:33:30,1,2,0
94249,2025-08-01 19:28:29,1,2,0
94249,2025-08-01 19:23:29,1,2,0
94249,2025-08-01 19:18:29,1,2,0
94249,2025-08-01 19:13:29,1,2,0
94249,2025-08-01 19:08:29,1,2,0
94249,2025-08-01 19:03:30,1,2,0
94249,2025-08-01 18:58:29,1,2,0
94249,2025-08-01 18:53:29,1,2,0
94249,2025-08-01 18:48:29,1,2,0
94249,2025-08-01 18:43:29,1,2,0
94249,2025-08-01 18:38:29,1,2,0
94249,2025-08-01 18:33:29,1,2,0
94249,2025-08-01 18:28:29,1,2,0
94249,2025-08-01 18:23:29,1,2,0
94249,2025-08-01 18:18:29,1,2,0
94249,2025-08-01 18:13:29,1,2,0
94249,2025-08-01 18:08:29,1,2,0
94249,2025-08-01 18:03:29,1,2,0
94249,2025-08-01 17:58:29,1,2,0
94249,2025-08-01 17:53:29,1,2,0
94249,2025-08-01 17:48:29,1,2,0
94249,2025-08-01 17:43:29,1,2,0
94249,2025-08-01 17:38:29,1,2,0
94249,2025-08-01 17:33:29,1,2,0
94249,2025-08-01 17:28:29,1,2,0
94249,2025-08-01 17:23:29,1,2,0
94249,2025-08-01 17:18:29,1,2,0
94249,2025-08-01 17:13:29,1,2,0
94249,2025-08-01 17:08:29,1,2,0
94249,2025-08-01 17:03:29,1,2,0
94249,2025-08-01 16:58:29,1,2,0
94249,2025-08-01 16:53:29,1,2,0
94249,2025-08-01 16:48:29,1,2,0
94249,2025-08-01 16:43:30,1,2,0
94249,2025-08-01 16:38:29,1,2,0
94249,2025-08-01 16:33:29,1,2,0
94249,2025-08-01 16:28:29,1,2,0
94249,2025-08-01 16:23:29,1,2,0
94249,2025-08-01 16:18:29,1,2,0
94249,2025-08-01 16:13:29,1,2,0
94249,2025-08-01 16:08:29,1,2,0
94249,2025-08-01 16:03:29,1,2,0
94249,2025-08-01 15:58:29,1,2,0
94249,2025-08-01 15:53:29,1,2,0
94249,2025-08-01 15:48:30,1,2,0
94249,2025-08-01 15:43:30,1,2,0
94249,2025-08-01 15:38:29,1,2,0
94249,2025-08-01 15:33:29,1,2,0
94249,2025-08-01 15:28:29,1,2,0
94249,2025-08-01 15:23:29,1,2,0
94249,2025-08-01 15:18:29,1,2,0
94249,2025-08-01 15:13:29,1,2,0
94249,2025-08-01 15:08:29,1,2,0
94249,2025-08-01 15:03:29,1,2,0
94249,2025-08-01 14:58:29,1,2,0
94249,2025-08-01 14:53:29,1,2,0
94249,2025-08-01 14:48:29,1,2,0
94249,2025-08-01 14:43:29,1,2,0
94249,2025-08-01 14:38:29,1,2,0
94249,2025-08-01 14:33:29,1,2,0
94249,2025-08-01 14:28:29,2,2,0
94249,2025-08-01 14:23:29,2,2,0
94249,2025-08-01 14:18:29,2,2,0
94249,2025-08-01 14:13:29,2,2,0
94249,2025-08-01 14:08:29,2,2,0
94249,2025-08-01 14:03:29,2,2,0
94249,2025-08-01 13:58:29,2,2,0
94249,2025-08-01 13:53:29,2,2,0
94249,2025-08-01 13:48:29,2,2,0
94249,2025-08-01 13:43:29,2,2,0
94249,2025-08-01 13:38:29,2,2,0
94249,2025-08-01 13:33:29,2,2,0
94249,2025-08-01 13:28:29,2,2,0
94249,2025-08-01 13:23:29,2,2,0
94249,2025-08-01 13:18:29,2,2,0
94249,2025-08-01 13:13:29,2,2,0
94249,2025-08-01 13:08:29,2,2,0
94249,2025-08-01 13:03:29,2,2,0
94249,2025-08-01 12:58:29,2,2,0
94249,2025-08-01 12:53:29,2,2,0
94249,2025-08-01 12:48:29,2,2,0
94249,2025-08-01 12:43:29,1,2,0
94249,2025-08-01 12:38:29,1,2,0
94249,2025-08-01 12:33:29,1,2,0
94249,2025-08-01 12:28:29,1,2,0
94249,2025-08-01 12:23:29,1,2,0
94249,2025-08-01 12:18:29,1,2,0
94249,2025-08-01 12:13:29,1,2,0
94249,2025-08-01 12:08:29,1,2,0
94249,2025-08-01 12:03:29,1,2,0
94249,2025-08-01 11:58:29,1,2,0
94249,2025-08-01 11:53:29,1,2,0
94249,2025-08-01 11:48:29,1,2,0
94249,2025-08-01 11:43:29,1,2,0
94249,2025-08-01 11:38:29,1,2,0
94249,2025-08-01 11:33:29,1,2,0
94249,2025-08-01 11:28:29,1,2,0
94249,2025-08-01 11:23:29,1,2,0
94249,2025-08-01 11:18:29,1,2,0
94249,2025-08-01 11:13:29,1,2,0
94249,2025-08-01 11:08:29,1,2,0
94249,2025-08-01 11:03:29,1,2,0
94249,2025-08-01 10:58:29,1,2,0
94249,2025-08-01 10:53:29,1,2,0
94249,2025-08-01 10:48:29,1,2,0
94249,2025-08-01 10:43:29,1,2,0
94249,2025-08-01 10:38:29,1,2,0
94249,2025-08-01 10:33:29,1,2,0
94249,2025-08-01 10:28:29,1,2,0
94249,2025-08-01 10:23:29,1,2,0
94249,2025-08-01 10:18:29,1,2,0
94249,2025-08-01 10:13:29,1,2,0
94249,2025-08-01 10:08:29,1,2,0
94249,2025-08-01 10:03:29,1,2,0
94249,2025-08-01 09:58:29,1,2,0
94249,2025-08-01 09:53:29,1,2,0
94249,2025-08-01 09:48:29,1,2,0
94249,2025-08-01 09:43:29,1,2,0
94249,2025-08-01 09:38:29,1,2,0
94249,2025-08-01 09:33:29,1,2,0
94249,2025-08-01 09:28:29,1,2,0
94249,2025-08-01 09:23:29,1,2,0
94249,2025-08-01 09:18:29,1,2,0
94249,2025-08-01 09:13:29,1,2,0
94249,2025-08-01 09:08:29,1,2,0
94249,2025-08-01 09:03:29,1,2,0
94249,2025-08-01 08:58:29,1,2,0
94249,2025-08-01 08:53:29,1,2,0
94249,2025-08-01 08:48:29,1,2,0
94249,2025-08-01 08:43:29,1,2,0
94249,2025-08-01 08:38:29,1,2,0
94249,2025-08-01 08:33:29,1,2,0
94249,2025-08-01 08:28:29,1,2,0
94249,2025-08-01 08:23:29,1,2,0
94249,2025-08-01 08:18:29,1,2,0
94249,2025-08-01 08:13:29,1,2,0
94249,2025-08-01 08:08:29,1,2,0
94249,2025-08-01 08:03:29,1,2,0
94249,2025-08-01 07:58:29,0,2,0
94249,2025-08-01 07:53:29,0,2,0
94249,2025-08-01 07:48:29,0,2,0
94249,2025-08-01 07:43:29,0,2,0
94249,2025-08-01 07:38:30,0,2,0
94249,2025-08-01 07:33:29,0,2,0
94249,2025-08-01 07:28:29,0,2,0
94249,2025-08-01 07:23:29,0,2,0
94249,2025-08-01 07:18:29,0,2,0
94249,2025-08-01 07:13:29,0,2,0
94249,2025-08-01 07:08:29,0,2,0
94249,2025-08-01 07:03:29,0,2,0
94249,2025-08-01 06:58:29,0,2,0
94249,2025-08-01 06:53:29,0,2,0
94249,2025-08-01 06:48:29,0,2,0
94249,2025-08-01 06:43:29,0,2,0
94249,2025-08-01 06:38:29,0,2,0
94249,2025-08-01 06:33:29,0,2,0
94249,2025-08-01 06:28:29,0,2,0
94249,2025-08-01 06:23:29,0,2,0
94249,2025-08-01 06:18:29,0,2,0
94249,2025-08-01 06:13:29,0,2,0
94249,2025-08-01 06:08:29,0,2,0
94249,2025-08-01 06:03:30,0,2,0
94249,2025-08-01 05:58:29,0,2,0
94249,2025-08-01 05:53:29,0,2,0
94249,2025-08-01 05:48:29,0,2,0
94249,2025-08-01 05:43:29,0,2,0
94249,2025-08-01 05:38:29,0,2,0
94249,2025-08-01 05:33:29,0,2,0
94249,2025-08-01 05:28:29,0,2,0
94249,2025-08-01 05:23:29,0,2,0
94249,2025-08-01 05:18:29,0,2,0
94249,2025-08-01 05:13:29,0,2,0
94249,2025-08-01 05:08:30,0,2,0
94249,2025-08-01 05:03:29,0,2,0
94249,2025-08-01 04:58:29,0,2,0
94249,2025-08-01 04:53:29,0,2,0
94249,2025-08-01 04:48:29,0,2,0
94249,2025-08-01 04:43:29,0,2,0
94249,2025-08-01 04:38:29,0,2,0
94249,2025-08-01 04:33:29,0,2,0
94249,2025-08-01 04:28:29,0,2,0
94249,2025-08-01 04:23:29,0,2,0
94249,2025-08-01 04:18:29,0,2,0
94249,2025-08-01 04:13:29,0,2,0
94249,2025-08-01 04:08:29,0,2,0
94249,2025-08-01 04:03:29,0,2,0
94249,2025-08-01 03:58:29,0,2,0
94249,2025-08-01 03:53:29,0,2,0
94249,2025-08-01 03:48:29,0,2,0
94249,2025-08-01 03:43:29,0,2,0
94249,2025-08-01 03:38:29,0,2,0
94249,2025-08-01 03:33:29,0,2,0
94249,2025-08-01 03:28:30,0,2,0
94249,2025-08-01 03:23:29,0,2,0
94249,2025-08-01 03:18:29,0,2,0
94249,2025-08-01 03:13:29,0,2,0
94249,2025-08-01 03:08:29,0,2,0
94249,2025-08-01 03:03:29,0,2,0
94249,2025-08-01 02:58:30,0,2,0
94249,2025-08-01 02:53:29,1,2,0
94249,2025-08-01 02:48:29,1,2,0
94249,2025-08-01 02:43:29,1,2,0
94249,2025-08-01 02:38:29,1,2,0
94249,2025-08-01 02:33:29,1,2,0
94249,2025-08-01 02:28:30,1,2,0
94249,2025-08-01 02:23:29,1,2,0
94249,2025-08-01 02:18:29,1,2,0
94249,2025-08-01 02:13:29,1,2,0
94249,2025-08-01 02:08:29,1,2,0
94249,2025-08-01 02:03:29,1,2,0
94249,2025-08-01 01:58:29,1,2,0
94249,2025-08-01 01:53:29,1,2,0
94249,2025-08-01 01:48:29,1,2,0
94249,2025-08-01 01:43:29,1,2,0
94249,2025-08-01 01:38:29,1,2,0
94249,2025-08-01 01:33:29,1,2,0
94249,2025-08-01 01:28:31,1,2,0
94249,2025-08-01 01:23:29,1,2,0
94249,2025-08-01 01:18:29,1,2,0
94249,2025-08-01 01:13:29,1,2,0
94249,2025-08-01 01:08:29,1,2,0
94249,2025-08-01 01:03:29,1,2,0
94249,2025-08-01 00:58:29,1,2,0
94249,2025-08-01 00:53:29,1,2,0
94249,2025-08-01 00:48:29,1,2,0
94249,2025-08-01 00:43:29,1,2,0
94249,2025-08-01 00:38:29,1,2,0
94249,2025-08-01 00:33:29,1,2,0
94249,2025-08-01 00:28:29,1,2,0
94249,2025-08-01 00:23:29,2,2,0
94249,2025-08-01 00:18:29,2,2,0
94249,2025-08-01 00:13:29,2,2,0
94249,2025-08-01 00:08:29,2,2,0
94249,2025-08-01 00:03:29,2,2,0
94249,2025-07-31 23:58:29,2,2,0
94249,2025-07-31 23:53:29,2,2,0
94249,2025-07-31 23:48:29,2,2,0
94249,2025-07-31 23:43:29,2,2,0
94249,2025-07-31 23:38:29,2,2,0
94249,2025-07-31 23:33:29,2,2,0
94249,2025-07-31 23:28:29,2,2,0
94249,2025-07-31 23:23:29,2,2,0
94249,2025-07-31 23:18:29,2,2,0
94249,2025-07-31 23:13:29,2,2,0
94249,2025-07-31 23:08:29,2,2,0
94249,2025-07-31 23:03:29,2,2,0
94249,2025-07-31 22:58:29,2,2,0
94249,2025-07-31 22:53:29,2,2,0
94249,2025-07-31 22:48:29,2,2,0
94249,2025-07-31 22:43:29,2,2,0
94249,2025-07-31 22:38:29,2,2,0
94249,2025-07-31 22:33:30,2,2,0
94249,2025-07-31 22:28:29,2,2,0
94249,2025-07-31 22:23:29,2,2,0
94249,2025-07-31 22:18:29,2,2,0
94249,2025-07-31 22:13:29,2,2,0
94249,2025-07-31 22:08:29,2,2,0
94249,2025-07-31 22:03:29,2,2,0
94249,2025-07-31 21:58:29,2,2,0
94249,2025-07-31 21:53:29,2,2,0
94249,2025-07-31 21:48:29,2,2,0
94249,2025-07-31 21:43:29,2,2,0
94249,2025-07-31 21:38:29,2,2,0
94249,2025-07-31 21:33:30,1,2,0
94249,2025-07-31 21:28:29,1,2,0
94249,2025-07-31 21:23:30,1,2,0
94249,2025-07-31 21:18:29,1,2,0
94249,2025-07-31 21:13:29,1,2,0
94249,2025-07-31 21:08:29,1,2,0
94249,2025-07-31 21:03:29,1,2,0
94249,2025-07-31 20:58:29,1,2,0
94249,2025-07-31 20:53:29,1,2,0
94249,2025-07-31 20:48:29,1,2,0
94249,2025-07-31 20:43:29,1,2,0
94249,2025-07-31 20:38:29,1,2,0
94249,2025-07-31 20:33:29,1,2,0
94249,2025-07-31 20:28:29,1,2,0
94249,2025-07-31 20:23:30,1,2,0
94249,2025-07-31 20:18:29,1,2,0
94249,2025-07-31 20:13:29,1,2,0
94249,2025-07-31 20:08:29,1,2,0
94249,2025-07-31 20:03:29,1,2,0
94249,2025-07-31 19:58:29,1,2,0
94249,2025-07-31 19:53:29,1,2,0
94249,2025-07-31 19:48:29,1,2,0
94249,2025-07-31 19:43:29,1,2,0
94249,2025-07-31 19:38:29,1,2,0
94249,2025-07-31 19:33:29,1,2,0
94249,2025-07-31 19:28:29,1,2,0
94249,2025-07-31 19:23:29,1,2,0
94249,2025-07-31 19:18:29,1,2,0
94249,2025-07-31 19:13:29,1,2,0
94249,2025-07-31 19:08:29,1,2,0
94249,2025-07-31 19:03:29,1,2,0
94249,2025-07-31 18:58:29,1,2,0
94249,2025-07-31 18:53:29,1,2,0
94249,2025-07-31 18:48:29,1,2,0
94249,2025-07-31 18:43:29,1,2,0
94249,2025-07-31 18:38:29,1,2,0
94249,2025-07-31 18:33:29,1,2,0
94249,2025-07-31 18:28:29,1,2,0
94249,2025-07-31 18:23:29,1,2,0
94249,2025-07-31 18:18:29,1,2,0
94249,2025-07-31 18:13:29,1,2,0
94249,2025-07-31 18:08:29,1,2,0
94249,2025-07-31 18:03:29,1,2,0
94249,2025-07-31 17:58:30,1,2,0
94249,2025-07-31 17:53:29,1,2,0
94249,2025-07-31 17:48:29,1,2,0
94249,2025-07-31 17:43:29,1,2,0
94249,2025-07-31 17:38:29,1,2,0
94249,2025-07-31 17:33:29,1,2,0
94249,2025-07-31 17:28:29,1,2,0
94249,2025-07-31 17:23:29,1,2,0
94249,2025-07-31 17:18:29,1,2,0
94249,2025-07-31 17:13:29,1,2,0
94249,2025-07-31 17:08:29,1,2,0
94249,2025-07-31 17:03:29,1,2,0
94249,2025-07-31 16:58:29,1,2,0
94249,2025-07-31 16:53:29,1,2,0
94249,2025-07-31 16:48:29,1,2,0
94249,2025-07-31 16:43:29,1,2,0
94249,2025-07-31 16:38:29,1,2,0
94249,2025-07-31 16:33:29,1,2,0
94249,2025-07-31 16:28:29,1,2,0
94249,2025-07-31 16:24:53,1,2,0
94249,2025-07-31 16:18:29,1,2,0
94249,2025-07-31 16:13:29,1,2,0
94249,2025-07-31 16:08:29,1,2,0
94249,2025-07-31 16:03:29,1,2,0
94249,2025-07-31 15:58:29,1,2,0
94249,2025-07-31 15:53:29,1,2,0
94249,2025-07-31 15:48:29,1,2,0
94249,2025-07-31 15:43:29,1,2,0
94249,2025-07-31 15:38:30,1,2,0
94249,2025-07-31 15:33:29,1,2,0
94249,2025-07-31 15:28:29,1,2,0
94249,2025-07-31 15:23:29,1,2,0
94249,2025-07-31 15:18:30,1,2,0
94249,2025-07-31 15:13:29,1,2,0
94249,2025-07-31 15:08:29,1,2,0
94249,2025-07-31 15:03:29,1,2,0
94249,2025-07-31 14:58:29,1,2,0
94249,2025-07-31 14:53:29,1,2,0
94249,2025-07-31 14:48:29,1,2,0
94249,2025-07-31 14:43:30,1,2,0
94249,2025-07-31 14:38:29,1,2,0
94249,2025-07-31 14:33:29,1,2,0
94249,2025-07-31 14:28:29,1,2,0
94249,2025-07-31 14:23:29,2,2,0
94249,2025-07-31 14:18:29,2,2,0
94249,2025-07-31 14:13:29,2,2,0
94249,2025-07-31 14:08:29,2,2,0
94249,2025-07-31 14:03:29,2,2,0
94249,2025-07-31 13:58:30,2,2,0
94249,2025-07-31 13:53:30,2,2,0
94249,2025-07-31 13:48:31,2,2,0
94249,2025-07-31 13:43:30,2,2,0
94249,2025-07-31 13:38:29,2,2,0
94249,2025-07-31 13:33:30,2,2,0
94249,2025-07-31 13:28:30,2,2,0
94249,2025-07-31 13:23:29,2,2,0
94249,2025-07-31 13:18:30,2,2,0
94249,2025-07-31 13:13:30,2,2,0
94249,2025-07-31 13:08:29,2,2,0
94249,2025-07-31 13:03:29,2,2,0
94249,2025-07-31 12:58:29,2,2,0
94249,2025-07-31 12:53:29,2,2,0
94249,2025-07-31 12:48:29,2,2,0
94249,2025-07-31 12:43:29,2,2,0
94249,2025-07-31 12:38:29,2,2,0
94249,2025-07-31 12:33:29,2,2,0
94249,2025-07-31 12:28:29,2,2,0
94249,2025-07-31 12:23:31,2,2,0
94249,2025-07-31 12:18:29,2,2,0
94249,2025-07-31 12:13:30,2,2,0
94249,2025-07-31 12:08:29,2,2,0
94249,2025-07-31 12:03:29,2,2,0
94249,2025-07-31 11:58:29,2,2,0
94249,2025-07-31 11:53:29,2,2,0
94249,2025-07-31 11:48:29,2,2,0
94249,2025-07-31 11:43:29,2,2,0
94249,2025-07-31 11:38:29,2,2,0
94249,2025-07-31 11:33:29,2,2,0
94249,2025-07-31 11:28:29,1,2,0
94249,2025-07-31 11:23:29,1,2,0
94249,2025-07-31 11:18:29,1,2,0
94249,2025-07-31 11:13:29,1,2,0
94249,2025-07-31 11:08:30,1,2,0
94249,2025-07-31 11:03:29,1,2,0
94249,2025-07-31 10:58:29,1,2,0
94249,2025-07-31 10:53:29,1,2,0
94249,2025-07-31 10:48:29,1,2,0
94249,2025-07-31 10:43:29,1,2,0
94249,2025-07-31 10:38:29,1,2,0
94249,2025-07-31 10:33:29,1,2,0
94249,2025-07-31 10:28:29,1,2,0
94249,2025-07-31 10:23:29,1,2,0
94249,2025-07-31 10:18:29,1,2,0
94249,2025-07-31 10:13:29,1,2,0
94249,2025-07-31 10:08:29,1,2,0
94249,2025-07-31 10:03:29,1,2,0
94249,2025-07-31 09:58:29,1,2,0
94249,2025-07-31 09:53:29,1,2,0
94249,2025-07-31 09:48:29,1,2,0
94249,2025-07-31 09:43:29,1,2,0
94249,2025-07-31 09:38:29,1,2,0
94249,2025-07-31 09:33:29,1,2,0
94249,2025-07-31 09:28:29,1,2,0
94249,2025-07-31 09:23:29,1,2,0
94249,2025-07-31 09:18:29,1,2,0
94249,2025-07-31 09:13:29,1,2,0
94249,2025-07-31 09:08:29,1,2,0
94249,2025-07-31 09:03:29,1,2,0
94249,2025-07-31 08:58:29,1,2,0
94249,2025-07-31 08:53:29,1,2,0
94249,2025-07-31 08:48:29,1,2,0
94249,2025-07-31 08:43:29,1,2,0
94249,2025-07-31 08:38:29,1,2,0
94249,2025-07-31 08:33:29,1,2,0
94249,2025-07-31 08:28:29,1,2,0
94249,2025-07-31 08:23:29,1,2,0
94249,2025-07-31 08:18:29,1,2,0
94249,2025-07-31 08:13:29,1,2,0
94249,2025-07-31 08:08:29,1,2,0
94249,2025-07-31 08:03:29,1,2,0
94249,2025-07-31 07:58:30,1,2,0
94249,2025-07-31 07:53:29,1,2,0
94249,2025-07-31 07:48:29,1,2,0
94249,2025-07-31 07:43:29,1,2,0
94249,2025-07-31 07:38:29,1,2,0
94249,2025-07-31 07:33:29,1,2,0
94249,2025-07-31 07:28:29,1,2,0
94249,2025-07-31 07:23:29,1,2,0
94249,2025-07-31 07:18:29,1,2,0
94249,2025-07-31 07:13:29,1,2,0
94249,2025-07-31 07:08:29,1,2,0
94249,2025-07-31 07:03:29,1,2,0
94249,2025-07-31 06:58:29,1,2,0
94249,2025-07-31 06:53:29,1,2,0
94249,2025-07-31 06:48:29,1,2,0
94249,2025-07-31 06:43:29,1,2,0
94249,2025-07-31 06:38:29,1,2,0
94249,2025-07-31 06:33:29,0,2,0
94249,2025-07-31 06:28:29,0,2,0
94249,2025-07-31 06:23:29,0,2,0
94249,2025-07-31 06:18:29,0,2,0
94249,2025-07-31 06:13:29,0,2,0
94249,2025-07-31 06:08:29,0,2,0
94249,2025-07-31 06:03:29,0,2,0
94249,2025-07-31 05:58:29,0,2,0
94249,2025-07-31 05:53:29,0,2,0
94249,2025-07-31 05:48:29,0,2,0
94249,2025-07-31 05:43:29,0,2,0
94249,2025-07-31 05:38:29,0,2,0
94249,2025-07-31 05:33:29,0,2,0
94249,2025-07-31 05:28:29,0,2,0
94249,2025-07-31 05:23:29,0,2,0
94249,2025-07-31 05:18:29,0,2,0
94249,2025-07-31 05:13:29,0,2,0
94249,2025-07-31 05:08:29,0,2,0
94249,2025-07-31 05:03:29,0,2,0
94249,2025-07-31 04:58:29,0,2,0
94249,2025-07-31 04:53:29,0,2,0
94249,2025-07-31 04:48:29,0,2,0
94249,2025-07-31 04:43:29,0,2,0
94249,2025-07-31 04:38:29,0,2,0
94249,2025-07-31 04:33:29,0,2,0
94249,2025-07-31 04:28:30,0,2,0
94249,2025-07-31 04:23:30,0,2,0
94249,2025-07-31 04:18:29,0,2,0
94249,2025-07-31 04:13:29,0,2,0
94249,2025-07-31 04:08:29,0,2,0
94249,2025-07-31 04:03:29,0,2,0
94249,2025-07-31 03:58:29,0,2,0
94249,2025-07-31 03:53:29,0,2,0
94249,2025-07-31 03:48:29,0,2,0
94249,2025-07-31 03:43:29,0,2,0
94249,2025-07-31 03:38:29,0,2,0
94249,2025-07-31 03:33:29,0,2,0
94249,2025-07-31 03:28:29,0,2,0
94249,2025-07-31 03:23:30,0,2,0
94249,2025-07-31 03:18:29,0,2,0
94249,2025-07-31 03:13:29,0,2,0
94249,2025-07-31 03:08:30,0,2,0
94249,2025-07-31 03:03:29,0,2,0
94249,2025-07-31 02:58:29,0,2,0
94249,2025-07-31 02:53:29,0,2,0
94249,2025-07-31 02:48:29,0,2,0
94249,2025-07-31 02:43:29,0,2,0
94249,2025-07-31 02:38:29,0,2,0
94249,2025-07-31 02:33:29,0,2,0
94249,2025-07-31 02:28:29,0,2,0
94249,2025-07-31 02:23:29,0,2,0
94249,2025-07-31 02:18:29,0,2,0
94249,2025-07-31 02:13:30,0,2,0
94249,2025-07-31 02:08:29,0,2,0
94249,2025-07-31 02:03:29,0,2,0
94249,2025-07-31 01:58:29,0,2,0
94249,2025-07-31 01:53:29,0,2,0
94249,2025-07-31 01:48:29,0,2,0
94249,2025-07-31 01:43:29,1,2,0
94249,2025-07-31 01:38:29,1,2,0
94249,2025-07-31 01:33:29,1,2,0
94249,2025-07-31 01:28:29,1,2,0
94249,2025-07-31 01:23:29,1,2,0
94249,2025-07-31 01:18:29,1,2,0
94249,2025-07-31 01:13:29,1,2,0
94249,2025-07-31 01:08:29,1,2,0
94249,2025-07-31 01:03:30,2,2,0
94249,2025-07-31 00:58:29,2,2,0
94249,2025-07-31 00:53:29,2,2,0
94249,2025-07-31 00:48:30,2,2,0
94249,2025-07-31 00:43:32,2,2,0
94249,2025-07-31 00:38:29,2,2,0
94249,2025-07-31 00:33:29,2,2,0
94249,2025-07-31 00:28:30,2,2,0
94249,2025-07-31 00:23:30,2,2,0
94249,2025-07-31 00:18:29,2,2,0
94249,2025-07-31 00:13:30,2,2,0
94249,2025-07-31 00:08:30,2,2,0
94249,2025-07-31 00:03:29,2,2,0
94249,2025-07-30 23:58:29,2,2,0
94249,2025-07-30 23:53:29,2,2,0
94249,2025-07-30 23:48:29,2,2,0
94249,2025-07-30 23:43:29,2,2,0
94249,2025-07-30 23:38:34,2,2,0
94249,2025-07-30 23:33:30,1,2,0
94249,2025-07-30 23:28:30,1,2,0
94249,2025-07-30 23:23:29,0,2,0
94249,2025-07-30 23:18:29,0,2,0
94249,2025-07-30 23:13:29,0,2,0
94249,2025-07-30 23:08:29,0,2,0
94249,2025-07-30 23:03:30,0,2,0
94249,2025-07-30 22:58:29,0,2,0
94249,2025-07-30 22:53:30,0,2,0
94249,2025-07-30 22:48:33,0,2,0
94249,2025-07-30 22:43:29,0,2,0
94249,2025-07-30 22:38:29,0,2,0
94249,2025-07-30 22:33:29,0,2,0
94249,2025-07-30 22:28:31,0,2,0
94249,2025-07-30 22:23:29,0,2,0
94249,2025-07-30 22:18:29,0,2,0
94249,2025-07-30 22:13:30,0,2,0
94249,2025-07-30 22:08:30,0,2,0
94249,2025-07-30 22:03:30,0,2,0
94249,2025-07-30 21:58:29,0,2,0
94249,2025-07-30 21:53:30,0,2,0
94249,2025-07-30 21:48:29,0,2,0
94249,2025-07-30 21:43:30,0,2,0
94249,2025-07-30 21:38:29,0,2,0
94249,2025-07-30 21:33:30,0,2,0
94249,2025-07-30 21:28:30,0,2,0
94249,2025-07-30 21:23:29,1,2,0
94249,2025-07-30 21:18:29,1,2,0
94249,2025-07-30 21:13:30,1,2,0
94249,2025-07-30 21:08:30,1,2,0
94249,2025-07-30 21:03:31,1,2,0
94249,2025-07-30 20:58:30,1,2,0
94249,2025-07-30 20:53:30,1,2,0
94249,2025-07-30 20:48:30,1,2,0
94249,2025-07-30 20:43:29,1,2,0
94249,2025-07-30 20:38:30,1,2,0
94249,2025-07-30 20:33:29,1,2,0
94249,2025-07-30 20:28:30,1,2,0
94249,2025-07-30 20:23:29,1,2,0
94249,2025-07-30 20:18:30,1,2,0
94249,2025-07-30 20:13:29,1,2,0
94249,2025-07-30 20:08:35,1,2,0
94249,2025-07-30 20:03:29,1,2,0
94249,2025-07-30 19:58:29,1,2,0
94249,2025-07-30 19:53:29,1,2,0
94249,2025-07-30 19:48:29,1,2,0
94249,2025-07-30 19:43:29,1,2,0
94249,2025-07-30 19:38:29,1,2,0
94249,2025-07-30 19:33:29,1,2,0
94249,2025-07-30 19:28:29,1,2,0
94249,2025-07-30 19:23:31,1,2,0
94249,2025-07-30 19:18:30,1,2,0
94249,2025-07-30 19:13:34,1,2,0
94249,2025-07-30 19:08:29,1,2,0
94249,2025-07-30 19:03:29,1,2,0
94249,2025-07-30 18:58:29,1,2,0
94249,2025-07-30 18:53:29,1,2,0
94249,2025-07-30 18:48:30,1,2,0
94249,2025-07-30 18:43:29,1,2,0
94249,2025-07-30 18:38:30,1,2,0
94249,2025-07-30 18:33:29,1,2,0
94249,2025-07-30 18:28:30,1,2,0
94249,2025-07-30 18:23:29,1,2,0
94249,2025-07-30 18:18:30,1,2,0
94249,2025-07-30 18:13:29,1,2,0
94249,2025-07-30 18:08:30,1,2,0
94249,2025-07-30 18:03:30,1,2,0
94249,2025-07-30 17:58:30,1,2,0
94249,2025-07-30 17:53:30,1,2,0
94249,2025-07-30 17:48:29,1,2,0
94249,2025-07-30 17:43:30,1,2,0
94249,2025-07-30 17:38:30,1,2,0
94249,2025-07-30 17:33:41,1,2,0
94249,2025-07-30 17:28:30,1,2,0
94249,2025-07-30 17:23:30,1,2,0
94249,2025-07-30 17:18:29,1,2,0
94249,2025-07-30 17:13:30,1,2,0
94249,2025-07-30 17:08:29,1,2,0
94249,2025-07-30 17:03:29,1,2,0
94249,2025-07-30 16:58:29,1,2,0
94249,2025-07-30 16:53:30,1,2,0
94249,2025-07-30 16:48:29,1,2,0
94249,2025-07-30 16:43:30,1,2,0
94249,2025-07-30 16:38:29,1,2,0
94249,2025-07-30 16:33:29,1,2,0
94249,2025-07-30 16:28:29,1,2,0
94249,2025-07-30 16:23:29,1,2,0
94249,2025-07-30 16:18:29,1,2,0
94249,2025-07-30 16:13:29,1,2,0
94249,2025-07-30 16:08:30,1,2,0
94249,2025-07-30 16:03:29,1,2,0
94249,2025-07-30 15:58:30,1,2,0
94249,2025-07-30 15:53:30,1,2,0
94249,2025-07-30 15:48:29,1,2,0
94249,2025-07-30 15:43:29,1,2,0
94249,2025-07-30 15:38:29,1,2,0
94249,2025-07-30 15:33:29,1,2,0
94249,2025-07-30 15:28:29,1,2,0
94249,2025-07-30 15:23:29,1,2,0
94249,2025-07-30 15:18:30,1,2,0
94249,2025-07-30 15:13:29,1,2,0
94249,2025-07-30 15:08:29,1,2,0
94249,2025-07-30 15:03:30,1,2,0
94249,2025-07-30 14:58:29,1,2,0
94249,2025-07-30 14:53:36,1,2,0
94249,2025-07-30 14:48:29,0,2,0
94249,2025-07-30 14:43:29,0,2,0
94249,2025-07-30 14:38:29,0,2,0
94249,2025-07-30 14:33:29,0,2,0
94249,2025-07-30 14:28:29,0,2,0
94249,2025-07-30 14:23:29,0,2,0
94249,2025-07-30 14:18:29,0,2,0
94249,2025-07-30 14:13:30,0,2,0
94249,2025-07-30 14:08:29,0,2,0
94249,2025-07-30 14:03:29,0,2,0
94249,2025-07-30 13:58:29,0,2,0
94249,2025-07-30 13:53:30,0,2,0
94249,2025-07-30 13:48:30,0,2,0
94249,2025-07-30 13:43:29,0,2,0
94249,2025-07-30 13:38:29,1,2,0
94249,2025-07-30 13:33:29,1,2,0
94249,2025-07-30 13:28:29,1,2,0
94249,2025-07-30 13:23:30,1,2,0
94249,2025-07-30 13:18:29,1,2,0
94249,2025-07-30 13:13:29,1,2,0
94249,2025-07-30 13:08:29,2,2,0
94249,2025-07-30 13:03:30,2,2,0
94249,2025-07-30 12:58:30,2,2,0
94249,2025-07-30 12:53:29,2,2,0
94249,2025-07-30 12:48:29,2,2,0
94249,2025-07-30 12:43:29,2,2,0
94249,2025-07-30 12:38:29,2,2,0
94249,2025-07-30 12:33:29,2,2,0
94249,2025-07-30 12:28:29,2,2,0
94249,2025-07-30 12:23:29,2,2,0
94249,2025-07-30 12:18:29,2,2,0
94249,2025-07-30 12:13:29,2,2,0
94249,2025-07-30 12:08:29,2,2,0
94249,2025-07-30 12:03:29,2,2,0
94249,2025-07-30 11:58:29,2,2,0
94249,2025-07-30 11:53:30,2,2,0
94249,2025-07-30 11:48:30,2,2,0
94249,2025-07-30 11:43:29,2,2,0
94249,2025-07-30 11:38:37,2,2,0
94249,2025-07-30 11:33:29,2,2,0
94249,2025-07-30 11:28:29,2,2,0
94249,2025-07-30 11:23:29,2,2,0
94249,2025-07-30 11:18:29,2,2,0
94249,2025-07-30 11:13:29,2,2,0
94249,2025-07-30 11:08:29,2,2,0
94249,2025-07-30 11:03:29,2,2,0
94249,2025-07-30 10:58:29,2,2,0
94249,2025-07-30 10:53:29,2,2,0
94249,2025-07-30 10:48:29,2,2,0
94249,2025-07-30 10:43:29,2,2,0
94249,2025-07-30 10:38:30,2,2,0
94249,2025-07-30 10:33:29,2,2,0
94249,2025-07-30 10:28:29,2,2,0
94249,2025-07-30 10:23:29,2,2,0
94249,2025-07-30 10:18:29,2,2,0
94249,2025-07-30 10:13:29,2,2,0
94249,2025-07-30 10:08:29,2,2,0
94249,2025-07-30 10:03:29,2,2,0
94249,2025-07-30 09:58:29,2,2,0
94249,2025-07-30 09:53:29,2,2,0
94249,2025-07-30 09:48:29,2,2,0
94249,2025-07-30 09:43:29,2,2,0
94249,2025-07-30 09:38:29,2,2,0
94249,2025-07-30 09:33:29,2,2,0
94249,2025-07-30 09:28:29,2,2,0
94249,2025-07-30 09:23:29,2,2,0
94249,2025-07-30 09:18:29,2,2,0
94249,2025-07-30 09:13:29,2,2,0
94249,2025-07-30 09:08:29,2,2,0
94249,2025-07-30 09:03:29,2,2,0
94249,2025-07-30 08:58:29,2,2,0
94249,2025-07-30 08:53:29,2,2,0
94249,2025-07-30 08:48:29,2,2,0
94249,2025-07-30 08:43:29,2,2,0
94249,2025-07-30 08:38:30,2,2,0
94249,2025-07-30 08:33:29,2,2,0
94249,2025-07-30 08:28:30,2,2,0
94249,2025-07-30 08:23:30,2,2,0
94249,2025-07-30 08:18:31,2,2,0
94249,2025-07-30 08:13:30,2,2,0
94249,2025-07-30 08:08:34,2,2,0
94249,2025-07-30 08:03:30,2,2,0
94249,2025-07-30 07:58:30,2,2,0
94249,2025-07-30 07:53:30,2,2,0
94249,2025-07-30 07:48:30,2,2,0
94249,2025-07-30 07:43:30,2,2,0
94249,2025-07-30 07:38:30,2,2,0
94249,2025-07-30 07:33:30,2,2,0
94249,2025-07-30 07:28:30,2,2,0
94249,2025-07-30 07:23:30,2,2,0
94249,2025-07-30 07:18:30,2,2,0
94249,2025-07-30 07:13:30,2,2,0
94249,2025-07-30 07:08:30,2,2,0
94249,2025-07-30 07:03:30,2,2,0
94249,2025-07-30 06:58:30,2,2,0
94249,2025-07-30 06:53:30,2,2,0
94249,2025-07-30 06:48:30,2,2,0
94249,2025-07-30 06:43:29,2,2,0
94249,2025-07-30 06:38:30,2,2,0
94249,2025-07-30 06:33:30,2,2,0
94249,2025-07-30 06:28:30,2,2,0
94249,2025-07-30 06:23:30,2,2,0
94249,2025-07-30 06:18:30,2,2,0
94249,2025-07-30 06:13:29,2,2,0
94249,2025-07-30 06:08:30,2,2,0
94249,2025-07-30 06:03:30,2,2,0
94249,2025-07-30 05:58:29,2,2,0
94249,2025-07-30 05:53:29,2,2,0
94249,2025-07-30 05:48:29,2,2,0
94249,2025-07-30 05:43:29,2,2,0
94249,2025-07-30 05:38:30,2,2,0
94249,2025-07-30 05:33:29,2,2,0
94249,2025-07-30 05:28:30,2,2,0
94249,2025-07-30 05:23:29,2,2,0
94249,2025-07-30 05:18:29,2,2,0
94249,2025-07-30 05:13:29,2,2,0
94249,2025-07-30 05:08:30,2,2,0
94249,2025-07-30 05:03:29,2,2,0
94249,2025-07-30 04:58:29,2,2,0
94249,2025-07-30 04:53:29,1,2,0
94249,2025-07-30 04:48:30,1,2,0
94249,2025-07-30 04:43:29,1,2,0
94249,2025-07-30 04:38:29,1,2,0
94249,2025-07-30 04:33:29,1,2,0
94249,2025-07-30 04:28:29,1,2,0
94249,2025-07-30 04:23:30,1,2,0
94249,2025-07-30 04:18:29,1,2,0
94249,2025-07-30 04:13:29,1,2,0
94249,2025-07-30 04:08:30,1,2,0
94249,2025-07-30 04:03:29,1,2,0
94249,2025-07-30 03:58:30,1,2,0
94249,2025-07-30 03:53:29,1,2,0
94249,2025-07-30 03:48:29,1,2,0
94249,2025-07-30 03:43:29,1,2,0
94249,2025-07-30 03:38:30,1,2,0
94249,2025-07-30 03:33:29,1,2,0
94249,2025-07-30 03:28:29,1,2,0
94249,2025-07-30 03:23:29,1,2,0
94249,2025-07-30 03:18:29,1,2,0
94249,2025-07-30 03:13:29,1,2,0
94249,2025-07-30 03:08:30,1,2,0
94249,2025-07-30 03:03:30,1,2,0
94249,2025-07-30 02:58:30,1,2,0
94249,2025-07-30 02:53:29,1,2,0
94249,2025-07-30 02:48:29,1,2,0
94249,2025-07-30 02:43:29,1,2,0
94249,2025-07-30 02:38:30,1,2,0
94249,2025-07-30 02:33:29,1,2,0
94249,2025-07-30 02:28:29,1,2,0
94249,2025-07-30 02:23:29,0,2,0
94249,2025-07-30 02:18:29,0,2,0
94249,2025-07-30 02:13:29,0,2,0
94249,2025-07-30 02:08:29,0,2,0
94249,2025-07-30 02:03:29,0,2,0
94249,2025-07-30 01:58:29,0,2,0
94249,2025-07-30 01:53:29,0,2,0
94249,2025-07-30 01:48:30,0,2,0
94249,2025-07-30 01:43:29,0,2,0
94249,2025-07-30 01:38:30,0,2,0
94249,2025-07-30 01:33:29,0,2,0
94249,2025-07-30 01:28:30,0,2,0
94249,2025-07-30 01:23:30,0,2,0
94249,2025-07-30 01:18:29,0,2,0
94249,2025-07-30 01:13:29,0,2,0
94249,2025-07-30 01:08:29,0,2,0
94249,2025-07-30 01:03:30,0,2,0
94249,2025-07-30 00:58:30,0,2,0
94249,2025-07-30 00:53:29,0,2,0
94249,2025-07-30 00:48:29,0,2,0
94249,2025-07-30 00:43:29,0,2,0
94249,2025-07-30 00:38:29,0,2,0
94249,2025-07-30 00:33:29,0,2,0
94249,2025-07-30 00:28:30,0,2,0
94249,2025-07-30 00:23:29,0,2,0
94249,2025-07-30 00:18:30,0,2,0
94249,2025-07-30 00:13:29,0,2,0
94249,2025-07-30 00:08:29,0,2,0
94249,2025-07-30 00:03:29,0,2,0
94249,2025-07-29 23:58:29,0,2,0
94249,2025-07-29 23:53:29,0,2,0
94249,2025-07-29 23:48:30,0,2,0
94249,2025-07-29 23:43:29,0,2,0
94249,2025-07-29 23:38:30,0,2,0
94249,2025-07-29 23:33:30,1,2,0
94249,2025-07-29 23:28:29,1,2,0
94249,2025-07-29 23:23:29,1,2,0
94249,2025-07-29 23:18:30,1,2,0
94249,2025-07-29 23:13:29,0,2,0
94249,2025-07-29 23:09:54,0,2,0
94249,2025-07-29 23:03:48,0,2,0
94249,2025-07-29 22:58:29,0,2,0
94249,2025-07-29 22:53:31,0,2,0
94249,2025-07-29 22:48:29,0,2,0
94249,2025-07-29 22:43:29,0,2,0
94249,2025-07-29 22:38:29,0,2,0
94249,2025-07-29 22:33:29,0,2,0
94249,2025-07-29 22:28:29,0,2,0
94249,2025-07-29 22:23:29,0,2,0
94249,2025-07-29 22:18:29,0,2,0
94249,2025-07-29 22:13:29,0,2,0
94249,2025-07-29 22:08:30,0,2,0
94249,2025-07-29 22:03:29,0,2,0
94249,2025-07-29 21:58:29,0,2,0
94249,2025-07-29 21:53:29,0,2,0
94249,2025-07-29 21:48:30,0,2,0
94249,2025-07-29 21:43:30,1,2,0
94249,2025-07-29 21:38:29,1,2,0
94249,2025-07-29 21:33:29,1,2,0
94249,2025-07-29 21:28:30,1,2,0
94249,2025-07-29 21:23:30,1,2,0
94249,2025-07-29 21:18:29,1,2,0
94249,2025-07-29 21:13:30,1,2,0
94249,2025-07-29 21:08:29,1,2,0
94249,2025-07-29 21:03:30,1,2,0
94249,2025-07-29 20:58:30,1,2,0
94249,2025-07-29 20:53:29,1,2,0
94249,2025-07-29 20:48:29,1,2,0
94249,2025-07-29 20:43:29,1,2,0
94249,2025-07-29 20:38:30,1,2,0
94249,2025-07-29 20:33:29,1,2,0
94249,2025-07-29 20:28:30,1,2,0
94249,2025-07-29 20:23:29,1,2,0
94249,2025-07-29 20:18:29,1,2,0
94249,2025-07-29 20:13:29,1,2,0
94249,2025-07-29 20:08:29,1,2,0
94249,2025-07-29 20:03:29,1,2,0
94249,2025-07-29 19:58:30,1,2,0
94249,2025-07-29 19:53:29,1,2,0
94249,2025-07-29 19:48:29,1,2,0
94249,2025-07-29 19:43:29,1,2,0
94249,2025-07-29 19:38:29,1,2,0
94249,2025-07-29 19:33:30,1,2,0
94249,2025-07-29 19:28:29,1,2,0
94249,2025-07-29 19:23:30,1,2,0
94249,2025-07-29 19:18:30,1,2,0
94249,2025-07-29 19:13:29,1,2,0
94249,2025-07-29 19:08:29,1,2,0
94249,2025-07-29 19:03:30,1,2,0
94249,2025-07-29 18:58:30,1,2,0
94249,2025-07-29 18:53:30,1,2,0
94249,2025-07-29 18:48:29,1,2,0
94249,2025-07-29 18:43:29,1,2,0
94249,2025-07-29 18:38:29,1,2,0
94249,2025-07-29 18:33:30,1,2,0
94249,2025-07-29 18:28:29,1,2,0
94249,2025-07-29 18:23:30,1,2,0
94249,2025-07-29 18:18:29,1,2,0
94249,2025-07-29 18:13:29,1,2,0
94249,2025-07-29 18:08:30,1,2,0
94249,2025-07-29 18:03:29,1,2,0
94249,2025-07-29 17:58:29,1,2,0
94249,2025-07-29 17:53:29,1,2,0
94249,2025-07-29 17:48:29,1,2,0
94249,2025-07-29 17:43:30,1,2,0
94249,2025-07-29 17:38:29,1,2,0
94249,2025-07-29 17:33:29,1,2,0
94249,2025-07-29 17:28:29,1,2,0
94249,2025-07-29 17:23:30,1,2,0
94249,2025-07-29 17:18:29,1,2,0
94249,2025-07-29 17:13:29,1,2,0
94249,2025-07-29 17:08:29,1,2,0
94249,2025-07-29 17:03:30,1,2,0
94249,2025-07-29 16:58:30,1,2,0
94249,2025-07-29 16:53:29,2,2,0
94249,2025-07-29 16:48:30,2,2,0
94249,2025-07-29 16:43:30,2,2,0
94249,2025-07-29 16:38:29,2,2,0
94249,2025-07-29 16:33:30,2,2,0
94249,2025-07-29 16:28:30,2,2,0
94249,2025-07-29 16:23:29,2,2,0
94249,2025-07-29 16:18:29,2,2,0
94249,2025-07-29 16:13:29,2,2,0
94249,2025-07-29 16:08:29,2,2,0
94249,2025-07-29 16:03:30,2,2,0
94249,2025-07-29 15:58:30,2,2,0
94249,2025-07-29 15:53:29,2,2,0
94249,2025-07-29 15:48:29,2,2,0
94249,2025-07-29 15:43:30,2,2,0
94249,2025-07-29 15:38:29,2,2,0
94249,2025-07-29 15:33:30,2,2,0
94249,2025-07-29 15:28:29,2,2,0
94249,2025-07-29 15:23:29,2,2,0
94249,2025-07-29 15:18:30,2,2,0
94249,2025-07-29 15:13:29,2,2,0
94249,2025-07-29 15:08:30,2,2,0
94249,2025-07-29 15:03:30,2,2,0
94249,2025-07-29 14:58:30,2,2,0
94249,2025-07-29 14:53:29,2,2,0
94249,2025-07-29 14:48:30,2,2,0
94249,2025-07-29 14:43:29,2,2,0
94249,2025-07-29 14:38:30,2,2,0
94249,2025-07-29 14:33:30,2,2,0
94249,2025-07-29 14:28:30,2,2,0
94249,2025-07-29 14:23:29,2,2,0
94249,2025-07-29 14:18:31,2,2,0
94249,2025-07-29 14:13:31,2,2,0
94249,2025-07-29 14:08:30,2,2,0
94249,2025-07-29 14:03:31,2,2,0
94249,2025-07-29 13:58:30,2,2,0
94249,2025-07-29 13:53:30,2,2,0
94249,2025-07-29 13:48:30,2,2,0
94249,2025-07-29 13:43:30,2,2,0
94249,2025-07-29 13:38:29,2,2,0
94249,2025-07-29 13:33:29,2,2,0
94249,2025-07-29 13:28:29,2,2,0
94249,2025-07-29 13:23:29,2,2,0
94249,2025-07-29 13:18:29,2,2,0
94249,2025-07-29 13:13:29,2,2,0
94249,2025-07-29 13:08:29,2,2,0
94249,2025-07-29 13:03:29,2,2,0
94249,2025-07-29 12:58:29,2,2,0
94249,2025-07-29 12:53:29,2,2,0
94249,2025-07-29 12:48:29,2,2,0
94249,2025-07-29 12:43:29,2,2,0
94249,2025-07-29 12:38:29,2,2,0
94249,2025-07-29 12:33:29,2,2,0
94249,2025-07-29 12:28:29,2,2,0
94249,2025-07-29 12:23:30,1,2,0
94249,2025-07-29 12:18:30,1,2,0
94249,2025-07-29 12:13:29,1,2,0
94249,2025-07-29 12:08:29,1,2,0
94249,2025-07-29 12:03:30,1,2,0
94249,2025-07-29 11:58:29,1,2,0
94249,2025-07-29 11:53:30,1,2,0
94249,2025-07-29 11:48:29,1,2,0
94249,2025-07-29 11:43:29,1,2,0
94249,2025-07-29 11:38:30,1,2,0
94249,2025-07-29 11:33:29,1,2,0
94249,2025-07-29 11:28:29,1,2,0
94249,2025-07-29 11:23:29,1,2,0
94249,2025-07-29 11:18:29,1,2,0
94249,2025-07-29 11:13:29,1,2,0
94249,2025-07-29 11:08:29,1,2,0
94249,2025-07-29 11:03:30,1,2,0
94249,2025-07-29 10:58:29,1,2,0
94249,2025-07-29 10:53:29,1,2,0
94249,2025-07-29 10:48:29,1,2,0
94249,2025-07-29 10:43:29,1,2,0
94249,2025-07-29 10:38:29,1,2,0
94249,2025-07-29 10:33:29,1,2,0
94249,2025-07-29 10:28:30,1,2,0
94249,2025-07-29 10:23:29,1,2,0
94249,2025-07-29 10:18:29,1,2,0
94249,2025-07-29 10:13:29,1,2,0
94249,2025-07-29 10:08:29,1,2,0
94249,2025-07-29 10:03:29,1,2,0
94249,2025-07-29 09:58:29,1,2,0
94249,2025-07-29 09:53:30,1,2,0
94249,2025-07-29 09:48:29,1,2,0
94249,2025-07-29 09:43:29,1,2,0
94249,2025-07-29 09:38:29,1,2,0
94249,2025-07-29 09:33:29,1,2,0
94249,2025-07-29 09:28:30,1,2,0
94249,2025-07-29 09:23:29,1,2,0
94249,2025-07-29 09:18:29,1,2,0
94249,2025-07-29 09:13:29,1,2,0
94249,2025-07-29 09:08:29,1,2,0
94249,2025-07-29 09:03:29,1,2,0
94249,2025-07-29 08:58:29,1,2,0
94249,2025-07-29 08:53:29,0,2,0
94249,2025-07-29 08:48:29,1,2,0
94249,2025-07-29 08:43:29,1,2,0
94249,2025-07-29 08:38:29,1,2,0
94249,2025-07-29 08:33:29,1,2,0
94249,2025-07-29 08:28:30,1,2,0
94249,2025-07-29 08:23:29,1,2,0
94249,2025-07-29 08:18:29,1,2,0
94249,2025-07-29 08:13:29,1,2,0
94249,2025-07-29 08:08:29,1,2,0
94249,2025-07-29 08:03:29,1,2,0
94249,2025-07-29 07:58:29,0,2,0
94249,2025-07-29 07:53:29,0,2,0
94249,2025-07-29 07:48:30,0,2,0
94249,2025-07-29 07:43:29,0,2,0
94249,2025-07-29 07:38:29,0,2,0
94249,2025-07-29 07:33:29,0,2,0
94249,2025-07-29 07:28:30,0,2,0
94249,2025-07-29 07:23:29,0,2,0
94249,2025-07-29 07:18:29,0,2,0
94249,2025-07-29 07:13:30,0,2,0
94249,2025-07-29 07:08:29,0,2,0
94249,2025-07-29 07:03:29,0,2,0
94249,2025-07-29 06:58:29,0,2,0
94249,2025-07-29 06:53:29,0,2,0
94249,2025-07-29 06:48:29,0,2,0
94249,2025-07-29 06:43:29,0,2,0
94249,2025-07-29 06:38:29,0,2,0
94249,2025-07-29 06:33:29,0,2,0
94249,2025-07-29 06:28:29,0,2,0
94249,2025-07-29 06:23:29,0,2,0
94249,2025-07-29 06:18:29,0,2,0
94249,2025-07-29 06:13:29,0,2,0
94249,2025-07-29 06:08:30,0,2,0
94249,2025-07-29 06:03:29,0,2,0
94249,2025-07-29 05:58:29,0,2,0
94249,2025-07-29 05:53:29,0,2,0
94249,2025-07-29 05:48:29,0,2,0
94249,2025-07-29 05:43:29,0,2,0
94249,2025-07-29 05:38:29,0,2,0
94249,2025-07-29 05:33:29,0,2,0
94249,2025-07-29 05:28:30,0,2,0
94249,2025-07-29 05:23:29,0,2,0
94249,2025-07-29 05:18:30,0,2,0
94249,2025-07-29 05:13:29,0,2,0
94249,2025-07-29 05:08:29,0,2,0
94249,2025-07-29 05:03:29,1,2,0
94249,2025-07-29 04:58:29,1,2,0
94249,2025-07-29 04:53:29,1,2,0
94249,2025-07-29 04:48:29,1,2,0
94249,2025-07-29 04:43:29,1,2,0
94249,2025-07-29 04:38:29,1,2,0
94249,2025-07-29 04:33:29,1,2,0
94249,2025-07-29 04:28:29,1,2,0
94249,2025-07-29 04:23:29,1,2,0
94249,2025-07-29 04:18:30,1,2,0
94249,2025-07-29 04:13:29,1,2,0
94249,2025-07-29 04:08:29,0,2,0
94249,2025-07-29 04:03:30,1,2,0
94249,2025-07-29 03:58:29,1,2,0
94249,2025-07-29 03:53:30,1,2,0
94249,2025-07-29 03:48:29,1,2,0
94249,2025-07-29 03:43:29,1,2,0
94249,2025-07-29 03:38:29,1,2,0
94249,2025-07-29 03:33:29,1,2,0
94249,2025-07-29 03:28:29,1,2,0
94249,2025-07-29 03:23:29,1,2,0
94249,2025-07-29 03:18:29,1,2,0
94249,2025-07-29 03:13:29,1,2,0
94249,2025-07-29 03:08:30,1,2,0
94249,2025-07-29 03:03:29,1,2,0
94249,2025-07-29 02:58:30,1,2,0
94249,2025-07-29 02:53:29,1,2,0
94249,2025-07-29 02:48:29,1,2,0
94249,2025-07-29 02:43:29,1,2,0
94249,2025-07-29 02:38:29,1,2,0
94249,2025-07-29 02:33:29,1,2,0
94249,2025-07-29 02:28:30,1,2,0
94249,2025-07-29 02:23:29,1,2,0
94249,2025-07-29 02:18:30,0,2,0
94249,2025-07-29 02:13:29,0,2,0
94249,2025-07-29 02:08:29,0,2,0
94249,2025-07-29 02:03:29,0,2,0
94249,2025-07-29 01:58:29,0,2,0
94249,2025-07-29 01:53:29,0,2,0
94249,2025-07-29 01:48:29,0,2,0
94249,2025-07-29 01:43:29,0,2,0
94249,2025-07-29 01:38:30,0,2,0
94249,2025-07-29 01:33:29,0,2,0
94249,2025-07-29 01:28:29,0,2,0
94249,2025-07-29 01:23:31,0,2,0
94249,2025-07-29 01:18:29,0,2,0
94249,2025-07-29 01:13:30,1,2,0
94249,2025-07-29 01:08:29,1,2,0
94249,2025-07-29 01:03:30,1,2,0
94249,2025-07-29 00:58:29,1,2,0
94249,2025-07-29 00:53:29,1,2,0
94249,2025-07-29 00:48:29,1,2,0
94249,2025-07-29 00:43:30,1,2,0
94249,2025-07-29 00:38:30,1,2,0
94249,2025-07-29 00:33:29,1,2,0
94249,2025-07-29 00:28:30,1,2,0
94249,2025-07-29 00:23:29,1,2,0
94249,2025-07-29 00:18:29,1,2,0
94249,2025-07-29 00:13:29,1,2,0
94249,2025-07-29 00:08:29,1,2,0
94249,2025-07-29 00:03:31,1,2,0
94249,2025-07-28 23:58:37,1,2,0
94249,2025-07-28 23:53:29,1,2,0
94249,2025-07-28 23:48:30,1,2,0
94249,2025-07-28 23:43:29,1,2,0
94249,2025-07-28 23:38:29,1,2,0
94249,2025-07-28 23:33:29,1,2,0
94249,2025-07-28 23:28:29,1,2,0
94249,2025-07-28 23:23:29,1,2,0
94249,2025-07-28 23:18:29,1,2,0
94249,2025-07-28 23:13:30,1,2,0
94249,2025-07-28 23:08:29,1,2,0
94249,2025-07-28 23:03:30,1,2,0
94249,2025-07-28 22:58:29,1,2,0
94249,2025-07-28 22:53:29,1,2,0
94249,2025-07-28 22:48:29,1,2,0
94249,2025-07-28 22:43:29,1,2,0
94249,2025-07-28 22:38:31,1,2,0
94249,2025-07-28 22:33:30,1,2,0
94249,2025-07-28 22:28:29,1,2,0
94249,2025-07-28 22:23:29,1,2,0
94249,2025-07-28 22:18:30,1,2,0
94249,2025-07-28 22:13:29,1,2,0
94249,2025-07-28 22:08:29,1,2,0
94249,2025-07-28 22:03:29,1,2,0
94249,2025-07-28 21:58:40,1,2,0
94249,2025-07-28 21:53:29,2,2,0
94249,2025-07-28 21:48:30,2,2,0
94249,2025-07-28 21:43:29,2,2,0
94249,2025-07-28 21:38:30,2,2,0
94249,2025-07-28 21:33:30,2,2,0
94249,2025-07-28 21:28:30,2,2,0
94249,2025-07-28 21:23:31,2,2,0
94249,2025-07-28 21:18:29,2,2,0
94249,2025-07-28 21:13:29,2,2,0
94249,2025-07-28 21:08:30,2,2,0
94249,2025-07-28 21:03:29,2,2,0
94249,2025-07-28 20:58:30,2,2,0
94249,2025-07-28 20:53:29,2,2,0
94249,2025-07-28 20:48:29,2,2,0
94249,2025-07-28 20:43:29,2,2,0
94249,2025-07-28 20:38:29,2,2,0
94249,2025-07-28 20:33:29,2,2,0
94249,2025-07-28 20:28:29,2,2,0
94249,2025-07-28 20:23:30,2,2,0
94249,2025-07-28 20:18:30,2,2,0
94249,2025-07-28 20:13:29,2,2,0
94249,2025-07-28 20:08:29,2,2,0
94249,2025-07-28 20:03:29,2,2,0
94249,2025-07-28 19:58:29,2,2,0
94249,2025-07-28 19:53:30,2,2,0
94249,2025-07-28 19:48:29,2,2,0
94249,2025-07-28 19:43:30,2,2,0
94249,2025-07-28 19:38:30,2,2,0
94249,2025-07-28 19:33:30,2,2,0
94249,2025-07-28 19:28:30,2,2,0
94249,2025-07-28 19:23:30,2,2,0
94249,2025-07-28 19:18:30,2,2,0
94249,2025-07-28 19:13:29,2,2,0
94249,2025-07-28 19:08:29,2,2,0
94249,2025-07-28 19:03:31,2,2,0
94249,2025-07-28 18:58:30,2,2,0
94249,2025-07-28 18:53:29,2,2,0
94249,2025-07-28 18:48:30,2,2,0
94249,2025-07-28 18:43:29,2,2,0
94249,2025-07-28 18:38:30,2,2,0
94249,2025-07-28 18:33:30,2,2,0
94249,2025-07-28 18:28:29,2,2,0
94249,2025-07-28 18:23:29,2,2,0
94249,2025-07-28 18:18:29,2,2,0
94249,2025-07-28 18:13:29,2,2,0
94249,2025-07-28 18:08:30,1,2,0
94249,2025-07-28 18:03:29,1,2,0
94249,2025-07-28 17:58:30,1,2,0
94249,2025-07-28 17:53:30,1,2,0
94249,2025-07-28 17:48:29,1,2,0
94249,2025-07-28 17:43:30,1,2,0
94249,2025-07-28 17:38:30,1,2,0
94249,2025-07-28 17:33:30,1,2,0
94249,2025-07-28 17:28:30,1,2,0
94249,2025-07-28 17:23:30,1,2,0
94249,2025-07-28 17:18:30,1,2,0
94249,2025-07-28 17:13:29,1,2,0
94249,2025-07-28 17:08:30,1,2,0
94249,2025-07-28 17:03:29,1,2,0
94249,2025-07-28 16:58:30,1,2,0
94249,2025-07-28 16:53:29,1,2,0
94249,2025-07-28 16:48:30,1,2,0
94249,2025-07-28 16:43:29,1,2,0
94249,2025-07-28 16:38:29,1,2,0
94249,2025-07-28 16:33:30,1,2,0
94249,2025-07-28 16:28:29,1,2,0
94249,2025-07-28 16:23:29,1,2,0
94249,2025-07-28 16:18:29,1,2,0
94249,2025-07-28 16:13:30,1,2,0
94249,2025-07-28 16:08:29,0,2,0
94249,2025-07-28 16:03:29,0,2,0
94249,2025-07-28 15:58:29,0,2,0
94249,2025-07-28 15:53:29,0,2,0
94249,2025-07-28 15:48:29,0,2,0
94249,2025-07-28 15:43:29,0,2,0
94249,2025-07-28 15:38:30,0,2,0
94249,2025-07-28 15:33:30,0,2,0
94249,2025-07-28 15:28:29,0,2,0
94249,2025-07-28 15:23:29,1,2,0
94249,2025-07-28 15:18:30,1,2,0
94249,2025-07-28 15:13:29,1,2,0
94249,2025-07-28 15:08:30,1,2,0
94249,2025-07-28 15:03:29,1,2,0
94249,2025-07-28 14:58:29,1,2,0
94249,2025-07-28 14:53:29,1,2,0
94249,2025-07-28 14:48:29,1,2,0
94249,2025-07-28 14:43:29,1,2,0
94249,2025-07-28 14:38:29,1,2,0
94249,2025-07-28 14:33:29,1,2,0
94249,2025-07-28 14:28:29,1,2,0
94249,2025-07-28 14:23:29,1,2,0
94249,2025-07-28 14:18:30,1,2,0
94249,2025-07-28 14:13:29,1,2,0
94249,2025-07-28 14:08:30,1,2,0
94249,2025-07-28 14:03:29,1,2,0
94249,2025-07-28 13:58:30,1,2,0
94249,2025-07-28 13:53:30,1,2,0
94249,2025-07-28 13:48:30,1,2,0
94249,2025-07-28 13:43:30,1,2,0
94249,2025-07-28 13:38:29,1,2,0
94249,2025-07-28 13:33:30,1,2,0
94249,2025-07-28 13:28:29,1,2,0
94249,2025-07-28 13:23:29,1,2,0
94249,2025-07-28 13:18:29,1,2,0
94249,2025-07-28 13:13:29,1,2,0
94249,2025-07-28 13:08:29,1,2,0
94249,2025-07-28 13:03:29,1,2,0
94249,2025-07-28 12:58:29,1,2,0
94249,2025-07-28 12:53:29,1,2,0
94249,2025-07-28 12:48:29,1,2,0
94249,2025-07-28 12:43:29,1,2,0
94249,2025-07-28 12:38:29,1,2,0
94249,2025-07-28 12:33:29,1,2,0
94249,2025-07-28 12:28:29,1,2,0
94249,2025-07-28 12:23:29,1,2,0
94249,2025-07-28 12:18:29,1,2,0
94249,2025-07-28 12:13:29,1,2,0
94249,2025-07-28 12:08:30,1,2,0
94249,2025-07-28 12:03:29,1,2,0
94249,2025-07-28 11:58:29,1,2,0
94249,2025-07-28 11:53:29,1,2,0
94249,2025-07-28 11:48:29,1,2,0
94249,2025-07-28 11:43:29,1,2,0
94249,2025-07-28 11:38:29,1,2,0
94249,2025-07-28 11:33:29,1,2,0
94249,2025-07-28 11:28:29,1,2,0
94249,2025-07-28 11:23:29,1,2,0
94249,2025-07-28 11:18:29,1,2,0
94249,2025-07-28 11:13:29,1,2,0
94249,2025-07-28 11:08:29,1,2,0
94249,2025-07-28 11:03:29,1,2,0
94249,2025-07-28 10:58:29,1,2,0
94249,2025-07-28 10:53:29,1,2,0
94249,2025-07-28 10:48:29,1,2,0
94249,2025-07-28 10:43:29,1,2,0
94249,2025-07-28 10:38:29,1,2,0
94249,2025-07-28 10:33:29,1,2,0
94249,2025-07-28 10:28:29,1,2,0
94249,2025-07-28 10:23:30,1,2,0
94249,2025-07-28 10:18:30,1,2,0
94249,2025-07-28 10:13:29,1,2,0
94249,2025-07-28 10:08:29,1,2,0
94249,2025-07-28 10:03:29,1,2,0
94249,2025-07-28 09:58:29,1,2,0
94249,2025-07-28 09:53:29,1,2,0
94249,2025-07-28 09:48:29,1,2,0
94249,2025-07-28 09:43:29,1,2,0
94249,2025-07-28 09:38:29,1,2,0
94249,2025-07-28 09:33:29,1,2,0
94249,2025-07-28 09:28:29,1,2,0
94249,2025-07-28 09:23:29,1,2,0
94249,2025-07-28 09:18:29,1,2,0
94249,2025-07-28 09:13:29,1,2,0
94249,2025-07-28 09:08:29,1,2,0
94249,2025-07-28 09:03:29,1,2,0
94249,2025-07-28 08:58:29,0,2,0
94249,2025-07-28 08:53:29,0,2,0
94249,2025-07-28 08:48:29,0,2,0
94249,2025-07-28 08:43:29,1,2,0
94249,2025-07-28 08:38:29,1,2,0
94249,2025-07-28 08:33:29,1,2,0
94249,2025-07-28 08:28:29,1,2,0
94249,2025-07-28 08:23:29,1,2,0
94249,2025-07-28 08:18:29,1,2,0
94249,2025-07-28 08:13:30,1,2,0
94249,2025-07-28 08:08:29,1,2,0
94249,2025-07-28 08:03:29,1,2,0
94249,2025-07-28 07:58:29,1,2,0
94249,2025-07-28 07:53:29,1,2,0
94249,2025-07-28 07:48:29,1,2,0
94249,2025-07-28 07:43:29,1,2,0
94249,2025-07-28 07:38:29,1,2,0
94249,2025-07-28 07:33:29,1,2,0
94249,2025-07-28 07:28:30,1,2,0
94249,2025-07-28 07:23:29,1,2,0
94249,2025-07-28 07:18:29,1,2,0
94249,2025-07-28 07:13:30,1,2,0
94249,2025-07-28 07:08:29,1,2,0
94249,2025-07-28 07:03:29,1,2,0
94249,2025-07-28 06:58:29,1,2,0
94249,2025-07-28 06:53:29,1,2,0
94249,2025-07-28 06:48:29,1,2,0
94249,2025-07-28 06:43:29,1,2,0
94249,2025-07-28 06:38:29,1,2,0
94249,2025-07-28 06:33:30,1,2,0
94249,2025-07-28 06:28:29,1,2,0
94249,2025-07-28 06:23:29,1,2,0
94249,2025-07-28 06:18:29,1,2,0
94249,2025-07-28 06:13:30,1,2,0
94249,2025-07-28 06:08:29,1,2,0
94249,2025-07-28 06:03:29,1,2,0
94249,2025-07-28 05:58:29,1,2,0
94249,2025-07-28 05:53:29,1,2,0
94249,2025-07-28 05:48:29,1,2,0
94249,2025-07-28 05:43:30,1,2,0
94249,2025-07-28 05:38:29,1,2,0
94249,2025-07-28 05:33:29,0,2,0
94249,2025-07-28 05:28:29,0,2,0
94249,2025-07-28 05:23:30,0,2,0
94249,2025-07-28 05:18:30,0,2,0
94249,2025-07-28 05:13:30,0,2,0
94249,2025-07-28 05:08:29,0,2,0
94249,2025-07-28 05:03:29,0,2,0
94249,2025-07-28 04:58:29,0,2,0
94249,2025-07-28 04:53:30,0,2,0
94249,2025-07-28 04:48:29,0,2,0
94249,2025-07-28 04:43:29,0,2,0
94249,2025-07-28 04:38:29,0,2,0
94249,2025-07-28 04:33:29,0,2,0
94249,2025-07-28 04:28:30,0,2,0
94249,2025-07-28 04:23:29,0,2,0
94249,2025-07-28 04:18:29,0,2,0
94249,2025-07-28 04:13:29,0,2,0
94249,2025-07-28 04:08:29,0,2,0
94249,2025-07-28 04:03:30,0,2,0
94249,2025-07-28 03:58:29,0,2,0
94249,2025-07-28 03:53:29,0,2,0
94249,2025-07-28 03:48:35,0,2,0
94249,2025-07-28 03:43:30,0,2,0
94249,2025-07-28 03:38:29,0,2,0
94249,2025-07-28 03:33:29,0,2,0
94249,2025-07-28 03:28:29,0,2,0
94249,2025-07-28 03:23:30,0,2,0
94249,2025-07-28 03:18:29,0,2,0
94249,2025-07-28 03:13:29,0,2,0
94249,2025-07-28 03:08:30,0,2,0
94249,2025-07-28 03:03:29,0,2,0
94249,2025-07-28 02:58:31,0,2,0
94249,2025-07-28 02:53:29,0,2,0
94249,2025-07-28 02:48:29,0,2,0
94249,2025-07-28 02:43:29,0,2,0
94249,2025-07-28 02:38:30,0,2,0
94249,2025-07-28 02:33:29,0,2,0
94249,2025-07-28 02:28:29,0,2,0
94249,2025-07-28 02:23:29,0,2,0
94249,2025-07-28 02:18:29,0,2,0
94249,2025-07-28 02:13:29,0,2,0
94249,2025-07-28 02:08:30,0,2,0
94249,2025-07-28 02:03:29,0,2,0
94249,2025-07-28 01:58:29,0,2,0
94249,2025-07-28 01:53:29,0,2,0
94249,2025-07-28 01:48:29,0,2,0
94249,2025-07-28 01:43:29,0,2,0
94249,2025-07-28 01:38:30,0,2,0
94249,2025-07-28 01:33:29,0,2,0
94249,2025-07-28 01:28:29,1,2,0
94249,2025-07-28 01:23:29,1,2,0
94249,2025-07-28 01:18:29,1,2,0
94249,2025-07-28 01:13:29,1,2,0
94249,2025-07-28 01:08:29,1,2,0
94249,2025-07-28 01:03:29,1,2,0
94249,2025-07-28 00:58:30,1,2,0
94249,2025-07-28 00:53:30,1,2,0
94249,2025-07-28 00:48:30,1,2,0
94249,2025-07-28 00:43:29,1,2,0
94249,2025-07-28 00:38:29,1,2,0
94249,2025-07-28 00:33:29,1,2,0
94249,2025-07-28 00:28:29,1,2,0
94249,2025-07-28 00:23:29,1,2,0
94249,2025-07-28 00:18:29,1,2,0
94249,2025-07-28 00:13:30,1,2,0
94249,2025-07-28 00:08:29,1,2,0
94249,2025-07-28 00:03:29,1,2,0
94249,2025-07-27 23:58:30,1,2,0
94249,2025-07-27 23:53:35,1,2,0
94249,2025-07-27 23:48:29,1,2,0
94249,2025-07-27 23:43:29,2,2,0
94249,2025-07-27 23:38:30,2,2,0
94249,2025-07-27 23:33:30,2,2,0
94249,2025-07-27 23:28:30,2,2,0
94249,2025-07-27 23:23:29,2,2,0
94249,2025-07-27 23:18:30,2,2,0
94249,2025-07-27 23:13:29,2,2,0
94249,2025-07-27 23:08:30,2,2,0
94249,2025-07-27 23:03:29,2,2,0
94249,2025-07-27 22:58:30,2,2,0
94249,2025-07-27 22:53:29,2,2,0
94249,2025-07-27 22:48:29,2,2,0
94249,2025-07-27 22:43:29,2,2,0
94249,2025-07-27 22:38:29,2,2,0
94249,2025-07-27 22:33:30,2,2,0
94249,2025-07-27 22:28:30,2,2,0
94249,2025-07-27 22:23:29,2,2,0
94249,2025-07-27 22:18:29,2,2,0
94249,2025-07-27 22:13:30,2,2,0
94249,2025-07-27 22:08:29,2,2,0
94249,2025-07-27 22:03:29,2,2,0
94249,2025-07-27 21:58:29,2,2,0
94249,2025-07-27 21:53:50,2,2,0
94249,2025-07-27 21:48:29,2,2,0
94249,2025-07-27 21:43:29,2,2,0
94249,2025-07-27 21:38:30,2,2,0
94249,2025-07-27 21:33:30,2,2,0
94249,2025-07-27 21:28:29,2,2,0
94249,2025-07-27 21:23:29,1,2,0
94249,2025-07-27 21:18:30,1,2,0
94249,2025-07-27 21:13:30,1,2,0
94249,2025-07-27 21:08:30,1,2,0
94249,2025-07-27 21:03:30,1,2,0
94249,2025-07-27 20:58:30,1,2,0
94249,2025-07-27 20:53:30,1,2,0
94249,2025-07-27 20:48:30,1,2,0
94249,2025-07-27 20:43:29,0,2,0
94249,2025-07-27 20:38:29,0,2,0
94249,2025-07-27 20:33:29,0,2,0
94249,2025-07-27 20:28:30,0,2,0
94249,2025-07-27 20:23:29,0,2,0
94249,2025-07-27 20:18:29,0,2,0
94249,2025-07-27 20:13:30,0,2,0
94249,2025-07-27 20:08:29,0,2,0
94249,2025-07-27 20:03:29,0,2,0
94249,2025-07-27 19:58:29,0,2,0
94249,2025-07-27 19:53:29,1,2,0
94249,2025-07-27 19:48:31,1,2,0
94249,2025-07-27 19:43:29,1,2,0
94249,2025-07-27 19:38:31,1,2,0
94249,2025-07-27 19:33:29,1,2,0
94249,2025-07-27 19:28:29,1,2,0
94249,2025-07-27 19:23:29,1,2,0
94249,2025-07-27 19:18:29,0,2,0
94249,2025-07-27 19:13:29,0,2,0
94249,2025-07-27 19:08:30,0,2,0
94249,2025-07-27 19:03:29,0,2,0
94249,2025-07-27 18:58:29,0,2,0
94249,2025-07-27 18:53:29,0,2,0
94249,2025-07-27 18:48:29,0,2,0
94249,2025-07-27 18:43:29,0,2,0
94249,2025-07-27 18:38:31,0,2,0
94249,2025-07-27 18:33:29,0,2,0
94249,2025-07-27 18:28:29,0,2,0
94249,2025-07-27 18:23:29,0,2,0
94249,2025-07-27 18:18:29,0,2,0
94249,2025-07-27 18:13:29,0,2,0
94249,2025-07-27 18:08:29,0,2,0
94249,2025-07-27 18:03:29,0,2,0
94249,2025-07-27 17:58:29,0,2,0
94249,2025-07-27 17:53:29,0,2,0
94249,2025-07-27 17:48:29,0,2,0
94249,2025-07-27 17:43:29,0,2,0
94249,2025-07-27 17:38:30,0,2,0
94249,2025-07-27 17:33:30,0,2,0
94249,2025-07-27 17:28:30,0,2,0
94249,2025-07-27 17:23:30,0,2,0
94249,2025-07-27 17:18:29,0,2,0
94249,2025-07-27 17:13:29,0,2,0
94249,2025-07-27 17:08:29,0,2,0
94249,2025-07-27 17:03:29,0,2,0
94249,2025-07-27 16:58:29,0,2,0
94249,2025-07-27 16:53:29,1,2,0
94249,2025-07-27 16:48:29,1,2,0
94249,2025-07-27 16:43:29,1,2,0
94249,2025-07-27 16:38:30,1,2,0
94249,2025-07-27 16:33:29,1,2,0
94249,2025-07-27 16:28:29,1,2,0
94249,2025-07-27 16:23:29,1,2,0
94249,2025-07-27 16:18:29,1,2,0
94249,2025-07-27 16:13:29,1,2,0
94249,2025-07-27 16:08:29,1,2,0
94249,2025-07-27 16:03:29,1,2,0
94249,2025-07-27 15:58:29,1,2,0
94249,2025-07-27 15:53:29,1,2,0
94249,2025-07-27 15:48:29,1,2,0
94249,2025-07-27 15:43:29,1,2,0
94249,2025-07-27 15:38:29,1,2,0
94249,2025-07-27 15:33:29,1,2,0
94249,2025-07-27 15:28:29,1,2,0
94249,2025-07-27 15:23:29,1,2,0
94249,2025-07-27 15:18:29,1,2,0
94249,2025-07-27 15:13:29,1,2,0
94249,2025-07-27 15:08:29,1,2,0
94249,2025-07-27 15:03:29,1,2,0
94249,2025-07-27 14:58:29,1,2,0
94249,2025-07-27 14:53:29,1,2,0
94249,2025-07-27 14:48:29,1,2,0
94249,2025-07-27 14:43:29,1,2,0
94249,2025-07-27 14:38:34,1,2,0
94249,2025-07-27 14:33:29,1,2,0
94249,2025-07-27 14:28:29,2,2,0
94249,2025-07-27 14:23:29,2,2,0
94249,2025-07-27 14:18:29,2,2,0
94249,2025-07-27 14:13:30,2,2,0
94249,2025-07-27 14:08:30,2,2,0
94249,2025-07-27 14:03:29,2,2,0
94249,2025-07-27 13:58:30,1,2,0
94249,2025-07-27 13:53:29,1,2,0
94249,2025-07-27 13:48:29,1,2,0
94249,2025-07-27 13:43:29,1,2,0
94249,2025-07-27 13:38:29,1,2,0
94249,2025-07-27 13:33:29,1,2,0
94249,2025-07-27 13:28:29,1,2,0
94249,2025-07-27 13:23:29,1,2,0
94249,2025-07-27 13:18:29,1,2,0
94249,2025-07-27 13:13:29,1,2,0
94249,2025-07-27 13:08:29,1,2,0
94249,2025-07-27 13:03:29,1,2,0
94249,2025-07-27 12:58:29,1,2,0
94249,2025-07-27 12:53:29,1,2,0
94249,2025-07-27 12:48:29,1,2,0
94249,2025-07-27 12:43:29,1,2,0
94249,2025-07-27 12:38:29,1,2,0
94249,2025-07-27 12:33:29,1,2,0
94249,2025-07-27 12:28:29,1,2,0
94249,2025-07-27 12:23:29,1,2,0
94249,2025-07-27 12:18:29,1,2,0
94249,2025-07-27 12:13:29,1,2,0
94249,2025-07-27 12:08:29,1,2,0
94249,2025-07-27 12:03:29,1,2,0
94249,2025-07-27 11:58:29,1,2,0
94249,2025-07-27 11:53:29,1,2,0
94249,2025-07-27 11:48:29,1,2,0
94249,2025-07-27 11:43:29,1,2,0
94249,2025-07-27 11:38:29,1,2,0
94249,2025-07-27 11:33:29,1,2,0
94249,2025-07-27 11:28:29,1,2,0
94249,2025-07-27 11:23:29,1,2,0
94249,2025-07-27 11:18:29,1,2,0
94249,2025-07-27 11:13:29,1,2,0
94249,2025-07-27 11:08:29,1,2,0
94249,2025-07-27 11:03:29,1,2,0
94249,2025-07-27 10:58:29,1,2,0
94249,2025-07-27 10:53:29,1,2,0
94249,2025-07-27 10:48:29,1,2,0
94249,2025-07-27 10:43:29,1,2,0
94249,2025-07-27 10:38:29,1,2,0
94249,2025-07-27 10:33:29,1,2,0
94249,2025-07-27 10:28:29,1,2,0
94249,2025-07-27 10:23:29,0,2,0
94249,2025-07-27 10:18:29,0,2,0
94249,2025-07-27 10:13:29,0,2,0
94249,2025-07-27 10:08:29,0,2,0
94249,2025-07-27 10:03:29,0,2,0
94249,2025-07-27 09:58:29,0,2,0
94249,2025-07-27 09:53:29,0,2,0
94249,2025-07-27 09:48:29,0,2,0
94249,2025-07-27 09:43:29,0,2,0
94249,2025-07-27 09:38:29,0,2,0
94249,2025-07-27 09:33:29,0,2,0
94249,2025-07-27 09:28:29,0,2,0
94249,2025-07-27 09:23:29,0,2,0
94249,2025-07-27 09:18:29,0,2,0
94249,2025-07-27 09:13:29,0,2,0
94249,2025-07-27 09:08:29,0,2,0
94249,2025-07-27 09:03:29,0,2,0
94249,2025-07-27 08:58:29,0,2,0
94249,2025-07-27 08:53:29,0,2,0
94249,2025-07-27 08:48:29,0,2,0
94249,2025-07-27 08:43:29,0,2,0
94249,2025-07-27 08:38:29,0,2,0
94249,2025-07-27 08:33:29,0,2,0
94249,2025-07-27 08:28:29,0,2,0
94249,2025-07-27 08:23:29,0,2,0
94249,2025-07-27 08:18:29,0,2,0
94249,2025-07-27 08:13:29,0,2,0
94249,2025-07-27 08:08:29,0,2,0
94249,2025-07-27 08:03:29,0,2,0
94249,2025-07-27 07:58:29,0,2,0
94249,2025-07-27 07:53:29,0,2,0
94249,2025-07-27 07:48:29,0,2,0
94249,2025-07-27 07:43:29,0,2,0
94249,2025-07-27 07:38:29,0,2,0
94249,2025-07-27 07:33:29,0,2,0
94249,2025-07-27 07:28:29,0,2,0
94249,2025-07-27 07:23:29,0,2,0
94249,2025-07-27 07:18:29,0,2,0
94249,2025-07-27 07:13:29,0,2,0
94249,2025-07-27 07:08:29,0,2,0
94249,2025-07-27 07:03:29,0,2,0
94249,2025-07-27 06:58:29,0,2,0
94249,2025-07-27 06:53:29,0,2,0
94249,2025-07-27 06:48:29,0,2,0
94249,2025-07-27 06:43:29,0,2,0
94249,2025-07-27 06:38:29,0,2,0
94249,2025-07-27 06:33:29,0,2,0
94249,2025-07-27 06:28:29,0,2,0
94249,2025-07-27 06:23:29,0,2,0
94249,2025-07-27 06:18:29,0,2,0
94249,2025-07-27 06:13:29,0,2,0
94249,2025-07-27 06:08:29,0,2,0
94249,2025-07-27 06:03:29,0,2,0
94249,2025-07-27 05:58:29,1,2,0
94249,2025-07-27 05:53:29,1,2,0
94249,2025-07-27 05:48:29,1,2,0
94249,2025-07-27 05:43:29,0,2,0
94249,2025-07-27 05:38:29,1,2,0
94249,2025-07-27 05:33:29,1,2,0
94249,2025-07-27 05:28:30,1,2,0
94249,2025-07-27 05:23:29,1,2,0
94249,2025-07-27 05:18:29,1,2,0
94249,2025-07-27 05:13:29,1,2,0
94249,2025-07-27 05:08:29,1,2,0
94249,2025-07-27 05:03:29,1,2,0
94249,2025-07-27 04:58:29,1,2,0
94249,2025-07-27 04:53:29,1,2,0
94249,2025-07-27 04:48:29,1,2,0
94249,2025-07-27 04:43:29,1,2,0
94249,2025-07-27 04:38:29,1,2,0
94249,2025-07-27 04:33:29,2,2,0
94249,2025-07-27 04:28:29,2,2,0
94249,2025-07-27 04:23:29,2,2,0
94249,2025-07-27 04:18:29,2,2,0
94249,2025-07-27 04:13:29,2,2,0
94249,2025-07-27 04:08:29,2,2,0
94249,2025-07-27 04:03:29,2,2,0
94249,2025-07-27 03:58:29,2,2,0
94249,2025-07-27 03:53:29,2,2,0
94249,2025-07-27 03:48:29,1,2,0
94249,2025-07-27 03:43:30,1,2,0
94249,2025-07-27 03:38:29,1,2,0
94249,2025-07-27 03:33:29,1,2,0
94249,2025-07-27 03:28:29,1,2,0
94249,2025-07-27 03:23:29,1,2,0
94249,2025-07-27 03:18:29,1,2,0
94249,2025-07-27 03:13:29,0,2,0
94249,2025-07-27 03:08:29,0,2,0
94249,2025-07-27 03:03:29,0,2,0
94249,2025-07-27 02:58:29,0,2,0
94249,2025-07-27 02:53:29,0,2,0
94249,2025-07-27 02:48:29,0,2,0
94249,2025-07-27 02:43:29,0,2,0
94249,2025-07-27 02:38:29,0,2,0
94249,2025-07-27 02:33:29,0,2,0
94249,2025-07-27 02:28:29,0,2,0
94249,2025-07-27 02:23:29,0,2,0
94249,2025-07-27 02:18:29,0,2,0
94249,2025-07-27 02:13:29,0,2,0
94249,2025-07-27 02:08:29,0,2,0
94249,2025-07-27 02:03:29,0,2,0
94249,2025-07-27 01:58:29,0,2,0
94249,2025-07-27 01:53:29,0,2,0
94249,2025-07-27 01:48:29,0,2,0
94249,2025-07-27 01:43:29,0,2,0
94249,2025-07-27 01:38:29,0,2,0
94249,2025-07-27 01:33:29,0,2,0
94249,2025-07-27 01:28:29,0,2,0
94249,2025-07-27 01:23:29,0,2,0
94249,2025-07-27 01:18:29,0,2,0
94249,2025-07-27 01:13:29,0,2,0
94249,2025-07-27 01:08:29,0,2,0
94249,2025-07-27 01:03:29,0,2,0
94249,2025-07-27 00:58:29,0,2,0
94249,2025-07-27 00:53:29,0,2,0
94249,2025-07-27 00:48:29,0,2,0
94249,2025-07-27 00:43:29,0,2,0
94249,2025-07-27 00:38:30,0,2,0
94249,2025-07-27 00:33:29,0,2,0
94249,2025-07-27 00:28:29,0,2,0
94249,2025-07-27 00:23:29,0,2,0
94249,2025-07-27 00:18:29,0,2,0
94249,2025-07-27 00:13:29,0,2,0
94249,2025-07-27 00:08:29,0,2,0
94249,2025-07-27 00:03:29,0,2,0
94249,2025-07-26 23:58:29,0,2,0
94249,2025-07-26 23:53:29,0,2,0
94249,2025-07-26 23:48:29,0,2,0
94249,2025-07-26 23:43:29,0,2,0
94249,2025-07-26 23:38:29,0,2,0
94249,2025-07-26 23:33:29,0,2,0
94249,2025-07-26 23:28:29,0,2,0
94249,2025-07-26 23:23:29,0,2,0
94249,2025-07-26 23:18:29,0,2,0
94249,2025-07-26 23:13:29,0,2,0
94249,2025-07-26 23:08:30,0,2,0
94249,2025-07-26 23:03:29,0,2,0
94249,2025-07-26 22:58:29,0,2,0
94249,2025-07-26 22:53:29,0,2,0
94249,2025-07-26 22:48:29,0,2,0
94249,2025-07-26 22:43:29,0,2,0
94249,2025-07-26 22:38:29,0,2,0
94249,2025-07-26 22:33:29,0,2,0
94249,2025-07-26 22:28:29,0,2,0
94249,2025-07-26 22:23:29,0,2,0
94249,2025-07-26 22:18:29,0,2,0
94249,2025-07-26 22:13:31,0,2,0
94249,2025-07-26 22:08:29,0,2,0
94249,2025-07-26 22:03:29,0,2,0
94249,2025-07-26 21:58:29,0,2,0
94249,2025-07-26 21:53:29,0,2,0
94249,2025-07-26 21:48:29,1,2,0
94249,2025-07-26 21:43:29,0,2,0
94249,2025-07-26 21:38:29,0,2,0
94249,2025-07-26 21:33:29,0,2,0
94249,2025-07-26 21:28:29,0,2,0
94249,2025-07-26 21:23:29,0,2,0
94249,2025-07-26 21:18:29,0,2,0
94249,2025-07-26 21:13:29,0,2,0
94249,2025-07-26 21:08:29,0,2,0
94249,2025-07-26 21:03:29,0,2,0
94249,2025-07-26 20:58:29,0,2,0
94249,2025-07-26 20:53:29,0,2,0
94249,2025-07-26 20:48:29,0,2,0
94249,2025-07-26 20:43:29,0,2,0
94249,2025-07-26 20:38:29,0,2,0
94249,2025-07-26 20:33:29,0,2,0
94249,2025-07-26 20:28:29,0,2,0
94249,2025-07-26 20:23:29,0,2,0
94249,2025-07-26 20:18:29,0,2,0
94249,2025-07-26 20:13:29,0,2,0
94249,2025-07-26 20:08:29,0,2,0
94249,2025-07-26 20:03:29,0,2,0
94249,2025-07-26 19:58:29,1,2,0
94249,2025-07-26 19:53:29,1,2,0
94249,2025-07-26 19:48:29,1,2,0
94249,2025-07-26 19:43:29,1,2,0
94249,2025-07-26 19:38:29,1,2,0
94249,2025-07-26 19:33:29,1,2,0
94249,2025-07-26 19:28:29,1,2,0
94249,2025-07-26 19:23:29,1,2,0
94249,2025-07-26 19:18:29,1,2,0
94249,2025-07-26 19:13:30,1,2,0
94249,2025-07-26 19:08:29,1,2,0
94249,2025-07-26 19:03:29,1,2,0
94249,2025-07-26 18:58:29,1,2,0
94249,2025-07-26 18:53:29,1,2,0
94249,2025-07-26 18:48:29,1,2,0
94249,2025-07-26 18:43:29,1,2,0
94249,2025-07-26 18:38:29,1,2,0
94249,2025-07-26 18:33:30,1,2,0
94249,2025-07-26 18:28:29,1,2,0
94249,2025-07-26 18:23:29,1,2,0
94249,2025-07-26 18:18:29,1,2,0
94249,2025-07-26 18:13:29,1,2,0
94249,2025-07-26 18:08:29,1,2,0
94249,2025-07-26 18:03:29,1,2,0
94249,2025-07-26 17:58:29,1,2,0
94249,2025-07-26 17:53:29,1,2,0
94249,2025-07-26 17:48:29,1,2,0
94249,2025-07-26 17:43:29,1,2,0
94249,2025-07-26 17:38:29,1,2,0
94249,2025-07-26 17:33:29,1,2,0
94249,2025-07-26 17:28:29,1,2,0
94249,2025-07-26 17:23:29,1,2,0
94249,2025-07-26 17:18:29,1,2,0
94249,2025-07-26 17:13:29,1,2,0
94249,2025-07-26 17:08:29,1,2,0
94249,2025-07-26 17:03:29,1,2,0
94249,2025-07-26 16:58:29,1,2,0
94249,2025-07-26 16:53:29,1,2,0
94249,2025-07-26 16:48:29,1,2,0
94249,2025-07-26 16:43:29,1,2,0
94249,2025-07-26 16:38:29,1,2,0
94249,2025-07-26 16:33:30,1,2,0
94249,2025-07-26 16:28:29,1,2,0
94249,2025-07-26 16:23:30,1,2,0
94249,2025-07-26 16:18:29,1,2,0
94249,2025-07-26 16:13:29,0,2,0
94249,2025-07-26 16:08:29,0,2,0
94249,2025-07-26 16:03:29,0,2,0
94249,2025-07-26 15:58:29,0,2,0
94249,2025-07-26 15:53:29,0,2,0
94249,2025-07-26 15:48:29,0,2,0
94249,2025-07-26 15:43:29,0,2,0
94249,2025-07-26 15:38:29,0,2,0
94249,2025-07-26 15:33:29,0,2,0
94249,2025-07-26 15:28:29,0,2,0
94249,2025-07-26 15:23:29,0,2,0
94249,2025-07-26 15:18:29,0,2,0
94249,2025-07-26 15:13:29,0,2,0
94249,2025-07-26 15:08:29,0,2,0
94249,2025-07-26 15:03:29,0,2,0
94249,2025-07-26 14:58:29,0,2,0
94249,2025-07-26 14:53:29,0,2,0
94249,2025-07-26 14:48:29,0,2,0
94249,2025-07-26 14:43:29,0,2,0
94249,2025-07-26 14:38:29,0,2,0
94249,2025-07-26 14:33:29,0,2,0
94249,2025-07-26 14:28:29,0,2,0
94249,2025-07-26 14:23:29,0,2,0
94249,2025-07-26 14:18:29,0,2,0
94249,2025-07-26 14:13:29,0,2,0
94249,2025-07-26 14:08:29,0,2,0
94249,2025-07-26 14:03:29,0,2,0
94249,2025-07-26 13:58:29,0,2,0
94249,2025-07-26 13:53:29,0,2,0
94249,2025-07-26 13:48:29,0,2,0
94249,2025-07-26 13:43:29,0,2,0
94249,2025-07-26 13:38:29,0,2,0
94249,2025-07-26 13:33:29,0,2,0
94249,2025-07-26 13:28:29,0,2,0
94249,2025-07-26 13:23:29,0,2,0
94249,2025-07-26 13:18:29,0,2,0
94249,2025-07-26 13:13:29,0,2,0
94249,2025-07-26 13:08:29,0,2,0
94249,2025-07-26 13:03:29,0,2,0
94249,2025-07-26 12:58:29,0,2,0
94249,2025-07-26 12:53:29,0,2,0
94249,2025-07-26 12:48:29,0,2,0
94249,2025-07-26 12:43:29,0,2,0
94249,2025-07-26 12:38:29,0,2,0
94249,2025-07-26 12:33:29,0,2,0
94249,2025-07-26 12:28:29,0,2,0
94249,2025-07-26 12:23:29,0,2,0
94249,2025-07-26 12:18:29,0,2,0
94249,2025-07-26 12:13:29,0,2,0
94249,2025-07-26 12:08:29,0,2,0
94249,2025-07-26 12:03:29,0,2,0
94249,2025-07-26 11:58:29,0,2,0
94249,2025-07-26 11:53:29,0,2,0
94249,2025-07-26 11:48:29,0,2,0
94249,2025-07-26 11:43:56,0,2,0
94249,2025-07-26 11:38:29,0,2,0
94249,2025-07-26 11:33:29,0,2,0
94249,2025-07-26 11:28:29,0,2,0
94249,2025-07-26 11:23:29,0,2,0
94249,2025-07-26 11:18:29,0,2,0
94249,2025-07-26 11:13:29,0,2,0
94249,2025-07-26 11:08:29,0,2,0
94249,2025-07-26 11:03:29,0,2,0
94249,2025-07-26 10:58:29,0,2,0
94249,2025-07-26 10:53:29,0,2,0
94249,2025-07-26 10:48:29,0,2,0
94249,2025-07-26 10:43:29,0,2,0
94249,2025-07-26 10:38:29,0,2,0
94249,2025-07-26 10:33:29,0,2,0
94249,2025-07-26 10:28:29,0,2,0
94249,2025-07-26 10:23:29,0,2,0
94249,2025-07-26 10:18:29,0,2,0
94249,2025-07-26 10:13:29,0,2,0
94249,2025-07-26 10:08:29,1,2,0
94249,2025-07-26 10:03:29,1,2,0
94249,2025-07-26 09:58:29,1,2,0
94249,2025-07-26 09:53:29,1,2,0
94249,2025-07-26 09:48:29,1,2,0
94249,2025-07-26 09:43:29,1,2,0
94249,2025-07-26 09:38:29,1,2,0
94249,2025-07-26 09:33:29,1,2,0
94249,2025-07-26 09:28:29,1,2,0
94249,2025-07-26 09:23:29,1,2,0
94249,2025-07-26 09:18:29,1,2,0
94249,2025-07-26 09:13:29,1,2,0
94249,2025-07-26 09:08:29,1,2,0
94249,2025-07-26 09:03:29,1,2,0
94249,2025-07-26 08:58:29,1,2,0
94249,2025-07-26 08:53:29,1,2,0
94249,2025-07-26 08:48:29,1,2,0
94249,2025-07-26 08:43:29,0,2,0
94249,2025-07-26 08:38:29,0,2,0
94249,2025-07-26 08:33:29,0,2,0
94249,2025-07-26 08:28:29,0,2,0
94249,2025-07-26 08:23:29,0,2,0
94249,2025-07-26 08:18:29,0,2,0
94249,2025-07-26 08:13:29,0,2,0
94249,2025-07-26 08:08:29,0,2,0
94249,2025-07-26 08:03:29,0,2,0
94249,2025-07-26 07:58:29,0,2,0
94249,2025-07-26 07:53:29,0,2,0
94249,2025-07-26 07:48:29,0,2,0
94249,2025-07-26 07:43:29,0,2,0
94249,2025-07-26 07:38:29,0,2,0
94249,2025-07-26 07:33:29,0,2,0
94249,2025-07-26 07:28:29,0,2,0
94249,2025-07-26 07:23:29,0,2,0
94249,2025-07-26 07:18:29,0,2,0
94249,2025-07-26 07:13:29,0,2,0
94249,2025-07-26 07:08:29,0,2,0
94249,2025-07-26 07:03:29,0,2,0
94249,2025-07-26 06:58:29,0,2,0
94249,2025-07-26 06:53:29,0,2,0
94249,2025-07-26 06:48:29,0,2,0
94249,2025-07-26 06:43:29,0,2,0
94249,2025-07-26 06:38:29,0,2,0
94249,2025-07-26 06:33:29,0,2,0
94249,2025-07-26 06:28:29,0,2,0
94249,2025-07-26 06:23:29,0,2,0
94249,2025-07-26 06:18:29,0,2,0
94249,2025-07-26 06:13:29,0,2,0
94249,2025-07-26 06:08:29,0,2,0
94249,2025-07-26 06:03:29,0,2,0
94249,2025-07-26 05:58:29,0,2,0
94249,2025-07-26 05:53:29,0,2,0
94249,2025-07-26 05:48:29,0,2,0
94249,2025-07-26 05:43:29,0,2,0
94249,2025-07-26 05:38:29,0,2,0
94249,2025-07-26 05:33:29,0,2,0
94249,2025-07-26 05:28:29,0,2,0
94249,2025-07-26 05:23:30,0,2,0
94249,2025-07-26 05:18:29,0,2,0
94249,2025-07-26 05:13:29,0,2,0
94249,2025-07-26 05:08:29,0,2,0
94249,2025-07-26 05:03:29,0,2,0
94249,2025-07-26 04:58:29,0,2,0
94249,2025-07-26 04:53:29,0,2,0
94249,2025-07-26 04:48:29,0,2,0
94249,2025-07-26 04:43:29,0,2,0
94249,2025-07-26 04:38:31,0,2,0
94249,2025-07-26 04:33:29,0,2,0
94249,2025-07-26 04:28:29,0,2,0
94249,2025-07-26 04:23:29,0,2,0
94249,2025-07-26 04:18:29,0,2,0
94249,2025-07-26 04:13:30,0,2,0
94249,2025-07-26 04:08:29,0,2,0
94249,2025-07-26 04:03:29,0,2,0
94249,2025-07-26 03:58:29,0,2,0
94249,2025-07-26 03:53:29,0,2,0
94249,2025-07-26 03:48:29,0,2,0
94249,2025-07-26 03:43:29,0,2,0
94249,2025-07-26 03:38:29,0,2,0
94249,2025-07-26 03:33:29,0,2,0
94249,2025-07-26 03:28:29,0,2,0
94249,2025-07-26 03:23:29,0,2,0
94249,2025-07-26 03:18:29,0,2,0
94249,2025-07-26 03:13:29,0,2,0
94249,2025-07-26 03:08:29,0,2,0
94249,2025-07-26 03:03:29,0,2,0
94249,2025-07-26 02:58:29,0,2,0
94249,2025-07-26 02:53:29,0,2,0
94249,2025-07-26 02:48:29,0,2,0
94249,2025-07-26 02:43:29,0,2,0
94249,2025-07-26 02:38:29,0,2,0
94249,2025-07-26 02:33:29,0,2,0
94249,2025-07-26 02:28:29,0,2,0
94249,2025-07-26 02:23:29,0,2,0
94249,2025-07-26 02:18:29,0,2,0
94249,2025-07-26 02:13:29,0,2,0
94249,2025-07-26 02:08:29,0,2,0
94249,2025-07-26 02:03:29,0,2,0
94249,2025-07-26 01:58:29,0,2,0
94249,2025-07-26 01:53:29,0,2,0
94249,2025-07-26 01:48:29,0,2,0
94249,2025-07-26 01:43:29,0,2,0
94249,2025-07-26 01:38:29,0,2,0
94249,2025-07-26 01:33:29,0,2,0
94249,2025-07-26 01:28:29,0,2,0
94249,2025-07-26 01:23:29,0,2,0
94249,2025-07-26 01:18:29,0,2,0
94249,2025-07-26 01:13:29,0,2,0
94249,2025-07-26 01:08:31,0,2,0
94249,2025-07-26 01:03:29,0,2,0
94249,2025-07-26 00:58:29,0,2,0
94249,2025-07-26 00:53:29,0,2,0
94249,2025-07-26 00:48:29,0,2,0
94249,2025-07-26 00:43:29,0,2,0
94249,2025-07-26 00:38:29,0,2,0
94249,2025-07-26 00:33:29,0,2,0
94249,2025-07-26 00:28:29,0,2,0
94249,2025-07-26 00:23:29,0,2,0
94249,2025-07-26 00:18:29,0,2,0
94249,2025-07-26 00:13:29,0,2,0
94249,2025-07-26 00:08:29,0,2,0
94249,2025-07-26 00:03:30,0,2,0
94249,2025-07-25 23:58:29,0,2,0
94249,2025-07-25 23:53:29,1,2,0
94249,2025-07-25 23:48:29,1,2,0
94249,2025-07-25 23:43:29,1,2,0
94249,2025-07-25 23:38:29,1,2,0
94249,2025-07-25 23:33:29,1,2,0
94249,2025-07-25 23:28:29,1,2,0
94249,2025-07-25 23:23:29,1,2,0
94249,2025-07-25 23:18:29,1,2,0
94249,2025-07-25 23:13:29,1,2,0
94249,2025-07-25 23:08:29,1,2,0
94249,2025-07-25 23:03:29,1,2,0
94249,2025-07-25 22:58:29,1,2,0
94249,2025-07-25 22:53:29,1,2,0
94249,2025-07-25 22:48:29,2,2,0
94249,2025-07-25 22:43:29,2,2,0
94249,2025-07-25 22:38:29,2,2,0
94249,2025-07-25 22:33:29,2,2,0
94249,2025-07-25 22:28:29,1,2,0
94249,2025-07-25 22:23:30,0,2,0
94249,2025-07-25 22:18:29,0,2,0
94249,2025-07-25 22:13:29,0,2,0
94249,2025-07-25 22:08:29,0,2,0
94249,2025-07-25 22:03:30,0,2,0
94249,2025-07-25 21:58:29,0,2,0
94249,2025-07-25 21:53:29,0,2,0
94249,2025-07-25 21:48:29,0,2,0
94249,2025-07-25 21:43:29,0,2,0
94249,2025-07-25 21:38:29,1,2,0
94249,2025-07-25 21:33:29,0,2,0
94249,2025-07-25 21:28:30,0,2,0
94249,2025-07-25 21:23:29,0,2,0
94249,2025-07-25 21:18:29,0,2,0
94249,2025-07-25 21:13:29,0,2,0
94249,2025-07-25 21:08:29,0,2,0
94249,2025-07-25 21:03:29,0,2,0
94249,2025-07-25 20:58:29,0,2,0
94249,2025-07-25 20:53:29,0,2,0
94249,2025-07-25 20:48:29,0,2,0
94249,2025-07-25 20:43:29,0,2,0
94249,2025-07-25 20:38:29,0,2,0
94249,2025-07-25 20:33:30,0,2,0
94249,2025-07-25 20:28:29,0,2,0
94249,2025-07-25 20:23:29,0,2,0
94249,2025-07-25 20:18:29,0,2,0
94249,2025-07-25 20:13:29,0,2,0
94249,2025-07-25 20:08:29,0,2,0
94249,2025-07-25 20:03:29,0,2,0
94249,2025-07-25 19:58:29,0,2,0
94249,2025-07-25 19:53:29,0,2,0
94249,2025-07-25 19:48:29,0,2,0
94249,2025-07-25 19:43:29,0,2,0
94249,2025-07-25 19:38:30,0,2,0
94249,2025-07-25 19:33:29,0,2,0
94249,2025-07-25 19:28:30,0,2,0
94249,2025-07-25 19:23:30,0,2,0
94249,2025-07-25 19:18:29,0,2,0
94249,2025-07-25 19:13:29,0,2,0
94249,2025-07-25 19:08:29,0,2,0
94249,2025-07-25 19:03:29,0,2,0
94249,2025-07-25 18:58:29,0,2,0
94249,2025-07-25 18:53:29,0,2,0
94249,2025-07-25 18:48:29,0,2,0
94249,2025-07-25 18:43:29,0,2,0
94249,2025-07-25 18:38:29,0,2,0
94249,2025-07-25 18:33:29,0,2,0
94249,2025-07-25 18:28:29,0,2,0
94249,2025-07-25 18:23:29,0,2,0
94249,2025-07-25 18:18:30,0,2,0
94249,2025-07-25 18:13:29,0,2,0
94249,2025-07-25 18:08:29,0,2,0
94249,2025-07-25 18:03:29,0,2,0
94249,2025-07-25 17:58:29,0,2,0
94249,2025-07-25 17:53:29,0,2,0
94249,2025-07-25 17:48:29,0,2,0
94249,2025-07-25 17:43:29,0,2,0
94249,2025-07-25 17:38:29,0,2,0
94249,2025-07-25 17:33:30,0,2,0
94249,2025-07-25 17:28:29,0,2,0
94249,2025-07-25 17:23:29,0,2,0
94249,2025-07-25 17:18:29,0,2,0
94249,2025-07-25 17:13:29,0,2,0
94249,2025-07-25 17:08:29,0,2,0
94249,2025-07-25 17:03:29,0,2,0
94249,2025-07-25 16:58:29,0,2,0
94249,2025-07-25 16:53:29,0,2,0
94249,2025-07-25 16:48:29,0,2,0
94249,2025-07-25 16:43:29,0,2,0
94249,2025-07-25 16:38:29,0,2,0
94249,2025-07-25 16:33:29,0,2,0
94249,2025-07-25 16:28:29,0,2,0
94249,2025-07-25 16:23:29,0,2,0
94249,2025-07-25 16:18:29,0,2,0
94249,2025-07-25 16:13:29,0,2,0
94249,2025-07-25 16:08:30,0,2,0
94249,2025-07-25 16:03:29,0,2,0
94249,2025-07-25 15:58:30,0,2,0
94249,2025-07-25 15:53:29,0,2,0
94249,2025-07-25 15:49:48,0,2,0
94249,2025-07-25 15:43:29,0,2,0
94249,2025-07-25 15:38:29,0,2,0
94249,2025-07-25 15:33:29,0,2,0
94249,2025-07-25 15:28:30,0,2,0
94249,2025-07-25 15:23:29,0,2,0
94249,2025-07-25 15:18:29,0,2,0
94249,2025-07-25 15:13:29,0,2,0
94249,2025-07-25 15:08:30,0,2,0
94249,2025-07-25 15:03:29,0,2,0
94249,2025-07-25 14:58:29,0,2,0
94249,2025-07-25 14:53:29,0,2,0
94249,2025-07-25 14:48:31,0,2,0
94249,2025-07-25 14:43:30,0,2,0
94249,2025-07-25 14:38:29,0,2,0
94249,2025-07-25 14:33:29,0,2,0
94249,2025-07-25 14:28:29,0,2,0
94249,2025-07-25 14:23:29,0,2,0
94249,2025-07-25 14:18:29,0,2,0
94249,2025-07-25 14:13:29,0,2,0
94249,2025-07-25 14:08:29,0,2,0
94249,2025-07-25 14:03:31,0,2,0
94249,2025-07-25 13:58:29,0,2,0
94249,2025-07-25 13:53:29,0,2,0
94249,2025-07-25 13:48:29,0,2,0
94249,2025-07-25 13:43:29,0,2,0
94249,2025-07-25 13:38:29,0,2,0
94249,2025-07-25 13:33:29,0,2,0
94249,2025-07-25 13:28:29,0,2,0
94249,2025-07-25 13:23:29,0,2,0
94249,2025-07-25 13:18:29,0,2,0
94249,2025-07-25 13:13:31,0,2,0
94249,2025-07-25 13:08:29,0,2,0
94249,2025-07-25 13:03:30,0,2,0
94249,2025-07-25 12:58:30,0,2,0
94249,2025-07-25 12:53:30,0,2,0
94249,2025-07-25 12:48:29,0,2,0
94249,2025-07-25 12:43:29,0,2,0
94249,2025-07-25 12:38:29,0,2,0
94249,2025-07-25 12:33:29,0,2,0
94249,2025-07-25 12:28:29,0,2,0
94249,2025-07-25 12:23:29,0,2,0
94249,2025-07-25 12:18:29,0,2,0
94249,2025-07-25 12:13:29,0,2,0
94249,2025-07-25 12:08:29,0,2,0
94249,2025-07-25 12:03:29,0,2,0
94249,2025-07-25 11:58:29,0,2,0
94249,2025-07-25 11:53:29,0,2,0
94249,2025-07-25 11:48:29,0,2,0
94249,2025-07-25 11:43:29,0,2,0
94249,2025-07-25 11:38:29,0,2,0
94249,2025-07-25 11:33:29,0,2,0
94249,2025-07-25 11:28:29,0,2,0
94249,2025-07-25 11:23:29,0,2,0
94249,2025-07-25 11:18:29,0,2,0
94249,2025-07-25 11:13:29,1,2,0
94249,2025-07-25 11:08:29,1,2,0
94249,2025-07-25 11:03:29,1,2,0
94249,2025-07-25 10:58:29,1,2,0
94249,2025-07-25 10:53:29,1,2,0
94249,2025-07-25 10:48:29,1,2,0
94249,2025-07-25 10:43:29,1,2,0
94249,2025-07-25 10:38:29,1,2,0
94249,2025-07-25 10:33:29,1,2,0
94249,2025-07-25 10:28:29,1,2,0
94249,2025-07-25 10:23:29,1,2,0
94249,2025-07-25 10:18:29,1,2,0
94249,2025-07-25 10:13:29,1,2,0
94249,2025-07-25 10:08:29,1,2,0
94249,2025-07-25 10:03:29,1,2,0
94249,2025-07-25 09:58:29,1,2,0
94249,2025-07-25 09:53:29,1,2,0
94249,2025-07-25 09:48:29,1,2,0
94249,2025-07-25 09:43:29,1,2,0
94249,2025-07-25 09:38:29,1,2,0
94249,2025-07-25 09:33:29,1,2,0
94249,2025-07-25 09:28:29,1,2,0
94249,2025-07-25 09:23:29,0,2,0
94249,2025-07-25 09:18:29,0,2,0
94249,2025-07-25 09:13:29,0,2,0
94249,2025-07-25 09:08:29,0,2,0
94249,2025-07-25 09:03:29,0,2,0
94249,2025-07-25 08:58:29,0,2,0
94249,2025-07-25 08:53:29,0,2,0
94249,2025-07-25 08:48:29,0,2,0
94249,2025-07-25 08:43:29,0,2,0
94249,2025-07-25 08:38:29,0,2,0
94249,2025-07-25 08:33:29,0,2,0
94249,2025-07-25 08:28:29,0,2,0
94249,2025-07-25 08:23:29,0,2,0
94249,2025-07-25 08:18:29,0,2,0
94249,2025-07-25 08:13:29,0,2,0
94249,2025-07-25 08:08:29,1,2,0
94249,2025-07-25 08:03:29,1,2,0
94249,2025-07-25 07:58:29,1,2,0
94249,2025-07-25 07:53:29,1,2,0
94249,2025-07-25 07:48:29,1,2,0
94249,2025-07-25 07:43:29,1,2,0
94249,2025-07-25 07:38:29,1,2,0
94249,2025-07-25 07:33:29,1,2,0
94249,2025-07-25 07:28:29,1,2,0
94249,2025-07-25 07:23:29,1,2,0
94249,2025-07-25 07:18:29,1,2,0
94249,2025-07-25 07:13:29,1,2,0
94249,2025-07-25 07:08:29,1,2,0
94249,2025-07-25 07:03:29,1,2,0
94249,2025-07-25 06:58:29,1,2,0
94249,2025-07-25 06:53:29,1,2,0
94249,2025-07-25 06:48:29,1,2,0
94249,2025-07-25 06:43:29,1,2,0
94249,2025-07-25 06:38:29,1,2,0
94249,2025-07-25 06:33:29,0,2,0
94249,2025-07-25 06:28:29,0,2,0
94249,2025-07-25 06:23:29,0,2,0
94249,2025-07-25 06:18:29,0,2,0
94249,2025-07-25 06:13:29,0,2,0
94249,2025-07-25 06:08:29,1,2,0
94249,2025-07-25 06:03:29,1,2,0
94249,2025-07-25 05:58:29,1,2,0
94249,2025-07-25 05:53:29,1,2,0
94249,2025-07-25 05:48:29,1,2,0
94249,2025-07-25 05:43:29,1,2,0
94249,2025-07-25 05:38:29,1,2,0
94249,2025-07-25 05:33:29,1,2,0
94249,2025-07-25 05:28:29,1,2,0
94249,2025-07-25 05:23:29,1,2,0
94249,2025-07-25 05:18:29,1,2,0
94249,2025-07-25 05:13:29,1,2,0
94249,2025-07-25 05:08:29,1,2,0
94249,2025-07-25 05:03:29,1,2,0
94249,2025-07-25 04:58:29,1,2,0
94249,2025-07-25 04:53:29,1,2,0
94249,2025-07-25 04:48:29,1,2,0
94249,2025-07-25 04:43:29,0,2,0
94249,2025-07-25 04:38:29,0,2,0
94249,2025-07-25 04:33:29,0,2,0
94249,2025-07-25 04:28:29,0,2,0
94249,2025-07-25 04:23:29,0,2,0
94249,2025-07-25 04:18:29,0,2,0
94249,2025-07-25 04:13:29,0,2,0
94249,2025-07-25 04:08:29,0,2,0
94249,2025-07-25 04:03:29,0,2,0
94249,2025-07-25 03:58:29,0,2,0
94249,2025-07-25 03:53:30,0,2,0
94249,2025-07-25 03:48:29,0,2,0
94249,2025-07-25 03:43:29,0,2,0
94249,2025-07-25 03:38:30,0,2,0
94249,2025-07-25 03:33:29,0,2,0
94249,2025-07-25 03:28:29,0,2,0
94249,2025-07-25 03:23:29,0,2,0
94249,2025-07-25 03:18:29,0,2,0
94249,2025-07-25 03:13:29,0,2,0
94249,2025-07-25 03:08:29,0,2,0
94249,2025-07-25 03:03:29,0,2,0
94249,2025-07-25 02:58:29,0,2,0
94249,2025-07-25 02:53:29,0,2,0
94249,2025-07-25 02:48:29,0,2,0
94249,2025-07-25 02:43:29,0,2,0
94249,2025-07-25 02:38:29,0,2,0
94249,2025-07-25 02:33:29,0,2,0
94249,2025-07-25 02:28:29,0,2,0
94249,2025-07-25 02:23:29,0,2,0
94249,2025-07-25 02:18:30,0,2,0
94249,2025-07-25 02:13:29,0,2,0
94249,2025-07-25 02:08:29,0,2,0
94249,2025-07-25 02:03:29,0,2,0
94249,2025-07-25 01:58:29,0,2,0
94249,2025-07-25 01:53:29,0,2,0
94249,2025-07-25 01:48:29,0,2,0
94249,2025-07-25 01:43:29,0,2,0
94249,2025-07-25 01:38:29,0,2,0
94249,2025-07-25 01:33:29,0,2,0
94249,2025-07-25 01:28:29,0,2,0
94249,2025-07-25 01:23:29,0,2,0
94249,2025-07-25 01:18:29,0,2,0
94249,2025-07-25 01:13:29,0,2,0
94249,2025-07-25 01:08:30,0,2,0
94249,2025-07-25 01:03:29,0,2,0
94249,2025-07-25 00:58:29,0,2,0
94249,2025-07-25 00:53:29,0,2,0
94249,2025-07-25 00:48:29,0,2,0
94249,2025-07-25 00:43:29,0,2,0
94249,2025-07-25 00:38:29,0,2,0
94249,2025-07-25 00:33:29,0,2,0
94249,2025-07-25 00:28:29,0,2,0
94249,2025-07-25 00:23:29,0,2,0
94249,2025-07-25 00:18:29,1,2,0
94249,2025-07-25 00:13:29,1,2,0
94249,2025-07-25 00:08:29,1,2,0
94249,2025-07-25 00:03:29,1,2,0
94249,2025-07-24 23:58:29,0,2,0
94249,2025-07-24 23:53:29,0,2,0
94249,2025-07-24 23:48:29,1,2,0
94249,2025-07-24 23:43:29,1,2,0
94249,2025-07-24 23:38:29,1,2,0
94249,2025-07-24 23:33:30,0,2,0
94249,2025-07-24 23:28:29,0,2,0
94249,2025-07-24 23:23:29,0,2,0
94249,2025-07-24 23:18:29,0,2,0
94249,2025-07-24 23:13:29,0,2,0
94249,2025-07-24 23:08:29,0,2,0
94249,2025-07-24 23:03:30,0,2,0
94249,2025-07-24 22:58:29,0,2,0
94249,2025-07-24 22:53:29,0,2,0
94249,2025-07-24 22:48:29,0,2,0
94249,2025-07-24 22:43:29,0,2,0
94249,2025-07-24 22:38:29,1,2,0
94249,2025-07-24 22:33:29,1,2,0
94249,2025-07-24 22:28:29,1,2,0
94249,2025-07-24 22:23:29,1,2,0
94249,2025-07-24 22:18:29,1,2,0
94249,2025-07-24 22:13:29,1,2,0
94249,2025-07-24 22:08:29,1,2,0
94249,2025-07-24 22:03:29,1,2,0
94249,2025-07-24 21:58:29,1,2,0
94249,2025-07-24 21:53:29,1,2,0
94249,2025-07-24 21:48:29,1,2,0
94249,2025-07-24 21:43:29,1,2,0
94249,2025-07-24 21:38:29,1,2,0
94249,2025-07-24 21:33:29,1,2,0
94249,2025-07-24 21:28:30,1,2,0
94249,2025-07-24 21:23:29,1,2,0
94249,2025-07-24 21:18:29,1,2,0
94249,2025-07-24 21:13:29,1,2,0
94249,2025-07-24 21:08:29,1,2,0
94249,2025-07-24 21:03:29,1,2,0
94249,2025-07-24 20:58:29,1,2,0
94249,2025-07-24 20:53:29,0,2,0
94249,2025-07-24 20:48:29,0,2,0
94249,2025-07-24 20:43:29,0,2,0
94249,2025-07-24 20:38:29,0,2,0
94249,2025-07-24 20:33:29,0,2,0
94249,2025-07-24 20:28:29,0,2,0
94249,2025-07-24 20:23:29,0,2,0
94249,2025-07-24 20:18:29,0,2,0
94249,2025-07-24 20:13:29,0,2,0
94249,2025-07-24 20:08:29,0,2,0
94249,2025-07-24 20:03:29,0,2,0
94249,2025-07-24 19:58:29,0,2,0
94249,2025-07-24 19:53:29,0,2,0
94249,2025-07-24 19:48:29,0,2,0
94249,2025-07-24 19:43:29,0,2,0
94249,2025-07-24 19:38:29,0,2,0
94249,2025-07-24 19:33:29,0,2,0
94249,2025-07-24 19:28:29,0,2,0
94249,2025-07-24 19:23:29,0,2,0
94249,2025-07-24 19:18:29,0,2,0
94249,2025-07-24 19:13:29,0,2,0
94249,2025-07-24 19:08:29,0,2,0
94249,2025-07-24 19:03:29,0,2,0
94249,2025-07-24 18:58:29,1,2,0
94249,2025-07-24 18:53:29,1,2,0
94249,2025-07-24 18:48:29,1,2,0
94249,2025-07-24 18:43:29,1,2,0
94249,2025-07-24 18:38:29,1,2,0
94249,2025-07-24 18:33:29,1,2,0
94249,2025-07-24 18:28:29,1,2,0
94249,2025-07-24 18:23:30,1,2,0
94249,2025-07-24 18:18:29,1,2,0
94249,2025-07-24 18:13:30,1,2,0
94249,2025-07-24 18:08:29,1,2,0
94249,2025-07-24 18:03:29,2,2,0
94249,2025-07-24 17:58:31,2,2,0
94249,2025-07-24 17:53:29,2,2,0
94249,2025-07-24 17:48:29,2,2,0
94249,2025-07-24 17:43:29,2,2,0
94249,2025-07-24 17:38:29,2,2,0
94249,2025-07-24 17:33:30,2,2,0
94249,2025-07-24 17:28:29,2,2,0
94249,2025-07-24 17:23:29,2,2,0
94249,2025-07-24 17:18:30,2,2,0
94249,2025-07-24 17:13:29,2,2,0
94249,2025-07-24 17:08:29,2,2,0
94249,2025-07-24 17:03:30,2,2,0
94249,2025-07-24 16:58:29,2,2,0
94249,2025-07-24 16:53:29,2,2,0
94249,2025-07-24 16:48:29,2,2,0
94249,2025-07-24 16:43:30,2,2,0
94249,2025-07-24 16:38:29,2,2,0
94249,2025-07-24 16:33:29,2,2,0
94249,2025-07-24 16:28:29,2,2,0
94249,2025-07-24 16:23:30,2,2,0
94249,2025-07-24 16:18:29,2,2,0
94249,2025-07-24 16:13:29,2,2,0
94249,2025-07-24 16:08:29,2,2,0
94249,2025-07-24 16:03:30,2,2,0
94249,2025-07-24 15:58:29,2,2,0
94249,2025-07-24 15:53:29,2,2,0
94249,2025-07-24 15:48:29,2,2,0
94249,2025-07-24 15:43:29,2,2,0
94249,2025-07-24 15:38:29,2,2,0
94249,2025-07-24 15:33:29,2,2,0
94249,2025-07-24 15:28:29,2,2,0
94249,2025-07-24 15:23:29,2,2,0
94249,2025-07-24 15:18:29,2,2,0
94249,2025-07-24 15:13:29,2,2,0
94249,2025-07-24 15:08:29,2,2,0
94249,2025-07-24 15:03:29,2,2,0
94249,2025-07-24 14:58:29,2,2,0
94249,2025-07-24 14:53:29,2,2,0
94249,2025-07-24 14:48:29,2,2,0
94249,2025-07-24 14:43:29,2,2,0
94249,2025-07-24 14:38:29,2,2,0
94249,2025-07-24 14:33:29,1,2,0
94249,2025-07-24 14:28:29,1,2,0
94249,2025-07-24 14:23:29,1,2,0
94249,2025-07-24 14:18:29,1,2,0
94249,2025-07-24 14:13:29,1,2,0
94249,2025-07-24 14:08:29,1,2,0
94249,2025-07-24 14:03:29,1,2,0
94249,2025-07-24 13:58:29,1,2,0
94249,2025-07-24 13:53:29,1,2,0
94249,2025-07-24 13:48:29,1,2,0
94249,2025-07-24 13:43:30,1,2,0
94249,2025-07-24 13:38:29,1,2,0
94249,2025-07-24 13:33:37,1,2,0
94249,2025-07-24 13:28:29,1,2,0
94249,2025-07-24 13:23:29,1,2,0
94249,2025-07-24 13:18:29,1,2,0
94249,2025-07-24 13:13:29,1,2,0
94249,2025-07-24 13:08:29,1,2,0
94249,2025-07-24 13:03:29,1,2,0
94249,2025-07-24 12:58:29,1,2,0
94249,2025-07-24 12:53:29,1,2,0
94249,2025-07-24 12:48:29,1,2,0
94249,2025-07-24 12:43:29,1,2,0
94249,2025-07-24 12:38:29,1,2,0
94249,2025-07-24 12:33:29,1,2,0
94249,2025-07-24 12:28:29,0,2,0
94249,2025-07-24 12:23:29,0,2,0
94249,2025-07-24 12:18:29,0,2,0
94249,2025-07-24 12:13:29,0,2,0
94249,2025-07-24 12:08:29,0,2,0
94249,2025-07-24 12:03:29,0,2,0
94249,2025-07-24 11:58:29,0,2,0
94249,2025-07-24 11:53:29,0,2,0
94249,2025-07-24 11:48:29,0,2,0
94249,2025-07-24 11:43:29,0,2,0
94249,2025-07-24 11:38:29,0,2,0
94249,2025-07-24 11:33:29,0,2,0
94249,2025-07-24 11:28:29,0,2,0
94249,2025-07-24 11:23:29,0,2,0
94249,2025-07-24 11:18:29,0,2,0
94249,2025-07-24 11:13:29,0,2,0
94249,2025-07-24 11:08:29,0,2,0
94249,2025-07-24 11:03:29,0,2,0
94249,2025-07-24 10:58:29,0,2,0
94249,2025-07-24 10:53:29,0,2,0
94249,2025-07-24 10:48:29,0,2,0
94249,2025-07-24 10:43:29,0,2,0
94249,2025-07-24 10:38:29,0,2,0
94249,2025-07-24 10:33:29,0,2,0
94249,2025-07-24 10:28:29,0,2,0
94249,2025-07-24 10:23:29,0,2,0
94249,2025-07-24 10:18:29,0,2,0
94249,2025-07-24 10:13:29,0,2,0
94249,2025-07-24 10:08:29,0,2,0
94249,2025-07-24 10:03:29,0,2,0
94249,2025-07-24 09:58:29,0,2,0
94249,2025-07-24 09:53:29,0,2,0
94249,2025-07-24 09:48:29,0,2,0
94249,2025-07-24 09:43:29,0,2,0
94249,2025-07-24 09:38:29,0,2,0
94249,2025-07-24 09:33:29,0,2,0
94249,2025-07-24 09:28:29,0,2,0
94249,2025-07-24 09:23:29,0,2,0
94249,2025-07-24 09:18:29,0,2,0
94249,2025-07-24 09:13:29,0,2,0
94249,2025-07-24 09:08:29,0,2,0
94249,2025-07-24 09:03:29,0,2,0
94249,2025-07-24 08:58:29,0,2,0
94249,2025-07-24 08:53:29,0,2,0
94249,2025-07-24 08:48:29,0,2,0
94249,2025-07-24 08:43:29,0,2,0
94249,2025-07-24 08:38:29,0,2,0
94249,2025-07-24 08:33:29,0,2,0
94249,2025-07-24 08:28:29,0,2,0
94249,2025-07-24 08:23:29,0,2,0
94249,2025-07-24 08:18:29,0,2,0
94249,2025-07-24 08:13:29,0,2,0
94249,2025-07-24 08:08:29,0,2,0
94249,2025-07-24 08:03:29,0,2,0
94249,2025-07-24 07:58:29,0,2,0
94249,2025-07-24 07:53:29,0,2,0
94249,2025-07-24 07:48:29,0,2,0
94249,2025-07-24 07:43:29,0,2,0
94249,2025-07-24 07:38:29,0,2,0
94249,2025-07-24 07:33:29,0,2,0
94249,2025-07-24 07:28:29,0,2,0
94249,2025-07-24 07:23:29,0,2,0
94249,2025-07-24 07:18:29,0,2,0
94249,2025-07-24 07:13:29,0,2,0
94249,2025-07-24 07:08:29,0,2,0
94249,2025-07-24 07:03:29,0,2,0
94249,2025-07-24 06:58:29,0,2,0
94249,2025-07-24 06:53:29,0,2,0
94249,2025-07-24 06:48:29,0,2,0
94249,2025-07-24 06:43:29,0,2,0
94249,2025-07-24 06:38:29,0,2,0
94249,2025-07-24 06:33:29,0,2,0
94249,2025-07-24 06:28:29,0,2,0
94249,2025-07-24 06:23:29,0,2,0
94249,2025-07-24 06:18:29,0,2,0
94249,2025-07-24 06:13:29,0,2,0
94249,2025-07-24 06:08:29,0,2,0
94249,2025-07-24 06:03:29,0,2,0
94249,2025-07-24 05:58:29,0,2,0
94249,2025-07-24 05:53:29,0,2,0
94249,2025-07-24 05:48:29,0,2,0
94249,2025-07-24 05:43:29,0,2,0
94249,2025-07-24 05:38:29,0,2,0
94249,2025-07-24 05:33:29,0,2,0
94249,2025-07-24 05:28:29,0,2,0
94249,2025-07-24 05:23:29,0,2,0
94249,2025-07-24 05:18:29,0,2,0
94249,2025-07-24 05:13:29,1,2,0
94249,2025-07-24 05:08:29,1,2,0
94249,2025-07-24 05:03:29,1,2,0
94249,2025-07-24 04:58:29,1,2,0
94249,2025-07-24 04:53:29,1,2,0
94249,2025-07-24 04:48:29,1,2,0
94249,2025-07-24 04:43:29,1,2,0
94249,2025-07-24 04:38:29,1,2,0
94249,2025-07-24 04:33:29,1,2,0
94249,2025-07-24 04:28:29,1,2,0
94249,2025-07-24 04:23:29,1,2,0
94249,2025-07-24 04:18:29,1,2,0
94249,2025-07-24 04:13:29,0,2,0
94249,2025-07-24 04:08:29,0,2,0
94249,2025-07-24 04:03:29,0,2,0
94249,2025-07-24 03:58:29,0,2,0
94249,2025-07-24 03:53:29,0,2,0
94249,2025-07-24 03:48:29,1,2,0
94249,2025-07-24 03:43:29,1,2,0
94249,2025-07-24 03:38:29,1,2,0
94249,2025-07-24 03:33:29,1,2,0
94249,2025-07-24 03:28:29,1,2,0
94249,2025-07-24 03:23:29,1,2,0
94249,2025-07-24 03:18:29,1,2,0
94249,2025-07-24 03:13:29,1,2,0
94249,2025-07-24 03:08:29,1,2,0
94249,2025-07-24 03:03:29,1,2,0
94249,2025-07-24 02:58:29,1,2,0
94249,2025-07-24 02:53:29,1,2,0
94249,2025-07-24 02:48:29,1,2,0
94249,2025-07-24 02:43:29,1,2,0
94249,2025-07-24 02:38:29,1,2,0
94249,2025-07-24 02:33:29,1,2,0
94249,2025-07-24 02:28:29,1,2,0
94249,2025-07-24 02:23:29,1,2,0
94249,2025-07-24 02:18:29,1,2,0
94249,2025-07-24 02:13:29,1,2,0
94249,2025-07-24 02:08:29,2,2,0
94249,2025-07-24 02:03:29,1,2,0
94249,2025-07-24 01:58:29,1,2,0
94249,2025-07-24 01:53:29,1,2,0
94249,2025-07-24 01:48:29,1,2,0
94249,2025-07-24 01:43:29,1,2,0
94249,2025-07-24 01:38:29,1,2,0
94249,2025-07-24 01:33:29,1,2,0
94249,2025-07-24 01:28:29,1,2,0
94249,2025-07-24 01:23:29,1,2,0
94249,2025-07-24 01:18:29,1,2,0
94249,2025-07-24 01:13:29,1,2,0
94249,2025-07-24 01:08:29,1,2,0
94249,2025-07-24 01:03:29,0,2,0
94249,2025-07-24 00:58:29,0,2,0
94249,2025-07-24 00:53:29,0,2,0
94249,2025-07-24 00:48:29,0,2,0
94249,2025-07-24 00:43:29,0,2,0
94249,2025-07-24 00:38:29,0,2,0
94249,2025-07-24 00:33:29,0,2,0
94249,2025-07-24 00:28:29,0,2,0
94249,2025-07-24 00:23:29,0,2,0
94249,2025-07-24 00:18:29,0,2,0
94249,2025-07-24 00:13:29,0,2,0
94249,2025-07-24 00:08:29,0,2,0
94249,2025-07-24 00:03:29,0,2,0
94249,2025-07-23 23:58:29,0,2,0
94249,2025-07-23 23:53:29,0,2,0
94249,2025-07-23 23:48:29,0,2,0
94249,2025-07-23 23:43:29,0,2,0
94249,2025-07-23 23:38:29,0,2,0
94249,2025-07-23 23:33:29,0,2,0
94249,2025-07-23 23:28:29,0,2,0
94249,2025-07-23 23:23:29,0,2,0
94249,2025-07-23 23:18:29,0,2,0
94249,2025-07-23 23:13:29,0,2,0
94249,2025-07-23 23:08:29,0,2,0
94249,2025-07-23 23:03:29,0,2,0
94249,2025-07-23 22:58:29,0,2,0
94249,2025-07-23 22:53:29,0,2,0
94249,2025-07-23 22:48:30,0,2,0
94249,2025-07-23 22:43:32,0,2,0
94249,2025-07-23 22:38:29,0,2,0
94249,2025-07-23 22:33:29,0,2,0
94249,2025-07-23 22:28:29,0,2,0
94249,2025-07-23 22:23:29,0,2,0
94249,2025-07-23 22:18:29,0,2,0
94249,2025-07-23 22:13:29,0,2,0
94249,2025-07-23 22:08:29,0,2,0
94249,2025-07-23 22:03:29,1,2,0
94249,2025-07-23 21:58:29,1,2,0
94249,2025-07-23 21:53:29,1,2,0
94249,2025-07-23 21:48:29,1,2,0
94249,2025-07-23 21:43:29,1,2,0
94249,2025-07-23 21:38:29,1,2,0
94249,2025-07-23 21:33:29,1,2,0
94249,2025-07-23 21:28:29,1,2,0
94249,2025-07-23 21:23:29,1,2,0
94249,2025-07-23 21:18:29,1,2,0
94249,2025-07-23 21:13:29,1,2,0
94249,2025-07-23 21:08:29,1,2,0
94249,2025-07-23 21:03:29,1,2,0
94249,2025-07-23 20:58:29,1,2,0
94249,2025-07-23 20:53:29,0,2,0
94249,2025-07-23 20:48:29,0,2,0
94249,2025-07-23 20:43:29,0,2,0
94249,2025-07-23 20:38:29,0,2,0
94249,2025-07-23 20:33:29,0,2,0
94249,2025-07-23 20:28:29,0,2,0
94249,2025-07-23 20:23:29,1,2,0
94249,2025-07-23 20:18:29,1,2,0
94249,2025-07-23 20:13:29,1,2,0
94249,2025-07-23 20:08:29,1,2,0
94249,2025-07-23 20:03:30,1,2,0
94249,2025-07-23 19:58:29,1,2,0
94249,2025-07-23 19:53:29,1,2,0
94249,2025-07-23 19:48:29,1,2,0
94249,2025-07-23 19:43:29,1,2,0
94249,2025-07-23 19:38:29,1,2,0
94249,2025-07-23 19:33:29,1,2,0
94249,2025-07-23 19:28:29,1,2,0
94249,2025-07-23 19:23:29,1,2,0
94249,2025-07-23 19:18:29,1,2,0
94249,2025-07-23 19:13:29,1,2,0
94249,2025-07-23 19:08:29,1,2,0
94249,2025-07-23 19:03:29,1,2,0
94249,2025-07-23 18:58:29,1,2,0
94249,2025-07-23 18:53:29,1,2,0
94249,2025-07-23 18:48:29,1,2,0
94249,2025-07-23 18:43:29,1,2,0
94249,2025-07-23 18:38:29,1,2,0
94249,2025-07-23 18:33:29,1,2,0
94249,2025-07-23 18:28:29,1,2,0
94249,2025-07-23 18:23:29,1,2,0
94249,2025-07-23 18:18:29,1,2,0
94249,2025-07-23 18:13:29,1,2,0
94249,2025-07-23 18:08:29,1,2,0
94249,2025-07-23 18:03:29,1,2,0
94249,2025-07-23 17:58:29,1,2,0
94249,2025-07-23 17:53:29,1,2,0
94249,2025-07-23 17:48:29,1,2,0
94249,2025-07-23 17:43:29,1,2,0
94249,2025-07-23 17:38:29,1,2,0
94249,2025-07-23 17:33:29,1,2,0
94249,2025-07-23 17:28:30,1,2,0
94249,2025-07-23 17:23:29,1,2,0
94249,2025-07-23 17:18:29,1,2,0
94249,2025-07-23 17:13:29,1,2,0
94249,2025-07-23 17:08:29,1,2,0
94249,2025-07-23 17:03:30,1,2,0
94249,2025-07-23 16:58:29,1,2,0
94249,2025-07-23 16:53:29,1,2,0
94249,2025-07-23 16:48:29,1,2,0
94249,2025-07-23 16:43:29,1,2,0
94249,2025-07-23 16:38:29,1,2,0
94249,2025-07-23 16:33:29,1,2,0
94249,2025-07-23 16:28:29,1,2,0
94249,2025-07-23 16:23:29,1,2,0
94249,2025-07-23 16:18:29,1,2,0
94249,2025-07-23 16:13:29,1,2,0
94249,2025-07-23 16:08:30,1,2,0
94249,2025-07-23 16:03:29,1,2,0
94249,2025-07-23 15:58:29,1,2,0
94249,2025-07-23 15:53:29,1,2,0
94249,2025-07-23 15:48:29,1,2,0
94249,2025-07-23 15:43:31,1,2,0
94249,2025-07-23 15:38:29,1,2,0
94249,2025-07-23 15:33:29,1,2,0
94249,2025-07-23 15:28:29,1,2,0
94249,2025-07-23 15:23:29,1,2,0
94249,2025-07-23 15:18:29,1,2,0
94249,2025-07-23 15:13:29,1,2,0
94249,2025-07-23 15:08:29,1,2,0
94249,2025-07-23 15:03:29,1,2,0
94249,2025-07-23 14:58:29,1,2,0
94249,2025-07-23 14:53:29,1,2,0
94249,2025-07-23 14:48:29,1,2,0
94249,2025-07-23 14:43:29,1,2,0
94249,2025-07-23 14:38:29,1,2,0
94249,2025-07-23 14:33:29,1,2,0
94249,2025-07-23 14:28:29,1,2,0
94249,2025-07-23 14:23:29,1,2,0
94249,2025-07-23 14:18:29,1,2,0
94249,2025-07-23 14:13:29,1,2,0
94249,2025-07-23 14:08:29,1,2,0
94249,2025-07-23 14:03:29,1,2,0
94249,2025-07-23 13:58:29,1,2,0
94249,2025-07-23 13:53:30,1,2,0
94249,2025-07-23 13:48:30,1,2,0
94249,2025-07-23 13:43:29,1,2,0
94249,2025-07-23 13:38:29,1,2,0
94249,2025-07-23 13:33:29,1,2,0
94249,2025-07-23 13:28:30,1,2,0
94249,2025-07-23 13:23:29,1,2,0
94249,2025-07-23 13:18:29,1,2,0
94249,2025-07-23 13:13:29,1,2,0
94249,2025-07-23 13:08:29,1,2,0
94249,2025-07-23 13:03:29,1,2,0
94249,2025-07-23 12:58:29,1,2,0
94249,2025-07-23 12:53:29,1,2,0
94249,2025-07-23 12:48:29,1,2,0
94249,2025-07-23 12:43:29,1,2,0
94249,2025-07-23 12:38:29,1,2,0
94249,2025-07-23 12:33:29,1,2,0
94249,2025-07-23 12:28:29,1,2,0
94249,2025-07-23 12:23:29,1,2,0
94249,2025-07-23 12:18:29,1,2,0
94249,2025-07-23 12:13:29,1,2,0
94249,2025-07-23 12:08:29,1,2,0
94249,2025-07-23 12:03:29,1,2,0
94249,2025-07-23 11:58:29,1,2,0
94249,2025-07-23 11:53:29,1,2,0
94249,2025-07-23 11:48:29,1,2,0
94249,2025-07-23 11:43:29,1,2,0
94249,2025-07-23 11:38:29,1,2,0
94249,2025-07-23 11:33:29,1,2,0
94249,2025-07-23 11:28:29,1,2,0
94249,2025-07-23 11:23:29,1,2,0
94249,2025-07-23 11:18:29,1,2,0
94249,2025-07-23 11:13:29,1,2,0
94249,2025-07-23 11:08:29,1,2,0
94249,2025-07-23 11:03:29,1,2,0
94249,2025-07-23 10:58:29,1,2,0
94249,2025-07-23 10:53:29,1,2,0
94249,2025-07-23 10:48:29,1,2,0
94249,2025-07-23 10:43:29,1,2,0
94249,2025-07-23 10:38:29,1,2,0
94249,2025-07-23 10:33:29,1,2,0
94249,2025-07-23 10:28:29,1,2,0
94249,2025-07-23 10:23:29,1,2,0
94249,2025-07-23 10:18:29,1,2,0
94249,2025-07-23 10:13:29,1,2,0
94249,2025-07-23 10:08:29,1,2,0
94249,2025-07-23 10:03:29,1,2,0
94249,2025-07-23 09:58:29,1,2,0
94249,2025-07-23 09:53:29,1,2,0
94249,2025-07-23 09:48:29,1,2,0
94249,2025-07-23 09:43:29,1,2,0
94249,2025-07-23 09:38:29,1,2,0
94249,2025-07-23 09:33:29,1,2,0
94249,2025-07-23 09:28:29,1,2,0
94249,2025-07-23 09:23:29,1,2,0
94249,2025-07-23 09:18:29,1,2,0
94249,2025-07-23 09:13:29,1,2,0
94249,2025-07-23 09:08:29,1,2,0
94249,2025-07-23 09:03:29,1,2,0
94249,2025-07-23 08:58:29,0,2,0
94249,2025-07-23 08:53:29,0,2,0
94249,2025-07-23 08:48:29,0,2,0
94249,2025-07-23 08:43:29,0,2,0
94249,2025-07-23 08:38:29,0,2,0
94249,2025-07-23 08:33:29,0,2,0
94249,2025-07-23 08:28:29,0,2,0
94249,2025-07-23 08:23:29,0,2,0
94249,2025-07-23 08:18:29,0,2,0
94249,2025-07-23 08:13:29,0,2,0
94249,2025-07-23 08:08:29,0,2,0
94249,2025-07-23 08:03:29,0,2,0
94249,2025-07-23 07:58:29,0,2,0
94249,2025-07-23 07:53:29,0,2,0
94249,2025-07-23 07:48:29,0,2,0
94249,2025-07-23 07:43:29,0,2,0
94249,2025-07-23 07:38:29,0,2,0
94249,2025-07-23 07:33:29,0,2,0
94249,2025-07-23 07:28:30,0,2,0
94249,2025-07-23 07:23:29,0,2,0
94249,2025-07-23 07:18:30,0,2,0
94249,2025-07-23 07:13:30,0,2,0
94249,2025-07-23 07:08:30,0,2,0
94249,2025-07-23 07:03:29,0,2,0
94249,2025-07-23 06:58:29,0,2,0
94249,2025-07-23 06:53:29,0,2,0
94249,2025-07-23 06:48:29,0,2,0
94249,2025-07-23 06:43:29,0,2,0
94249,2025-07-23 06:38:29,0,2,0
94249,2025-07-23 06:33:29,0,2,0
94249,2025-07-23 06:28:29,0,2,0
94249,2025-07-23 06:23:29,0,2,0
94249,2025-07-23 06:18:29,0,2,0
94249,2025-07-23 06:13:29,0,2,0
94249,2025-07-23 06:08:29,0,2,0
94249,2025-07-23 06:03:29,0,2,0
94249,2025-07-23 05:58:29,0,2,0
94249,2025-07-23 05:53:29,0,2,0
94249,2025-07-23 05:48:29,0,2,0
94249,2025-07-23 05:45:01,0,2,0
94249,2025-07-23 05:38:29,0,2,0
94249,2025-07-23 05:33:29,0,2,0
94249,2025-07-23 05:28:29,0,2,0
94249,2025-07-23 05:23:29,0,2,0
94249,2025-07-23 05:18:29,0,2,0
94249,2025-07-23 05:13:29,0,2,0
94249,2025-07-23 05:08:29,0,2,0
94249,2025-07-23 05:03:30,0,2,0
94249,2025-07-23 04:58:29,0,2,0
94249,2025-07-23 04:53:29,0,2,0
94249,2025-07-23 04:48:29,0,2,0
94249,2025-07-23 04:43:29,0,2,0
94249,2025-07-23 04:38:29,0,2,0
94249,2025-07-23 04:33:29,0,2,0
94249,2025-07-23 04:28:29,0,2,0
94249,2025-07-23 04:23:29,0,2,0
94249,2025-07-23 04:18:29,0,2,0
94249,2025-07-23 04:13:29,0,2,0
94249,2025-07-23 04:08:29,0,2,0
94249,2025-07-23 04:03:29,0,2,0
94249,2025-07-23 03:58:29,0,2,0
94249,2025-07-23 03:53:30,0,2,0
94249,2025-07-23 03:48:29,0,2,0
94249,2025-07-23 03:43:29,0,2,0
94249,2025-07-23 03:38:29,0,2,0
94249,2025-07-23 03:33:29,0,2,0
94249,2025-07-23 03:28:29,0,2,0
94249,2025-07-23 03:23:29,0,2,0
94249,2025-07-23 03:18:29,0,2,0
94249,2025-07-23 03:13:29,0,2,0
94249,2025-07-23 03:08:29,0,2,0
94249,2025-07-23 03:03:29,0,2,0
94249,2025-07-23 02:58:29,0,2,0
94249,2025-07-23 02:53:29,0,2,0
94249,2025-07-23 02:48:29,0,2,0
94249,2025-07-23 02:43:29,0,2,0
94249,2025-07-23 02:38:29,0,2,0
94249,2025-07-23 02:33:29,0,2,0
94249,2025-07-23 02:28:29,0,2,0
94249,2025-07-23 02:23:29,0,2,0
94249,2025-07-23 02:18:29,0,2,0
94249,2025-07-23 02:13:29,0,2,0
94249,2025-07-23 02:08:29,0,2,0
94249,2025-07-23 02:03:29,0,2,0
94249,2025-07-23 01:58:29,0,2,0
94249,2025-07-23 01:53:29,0,2,0
94249,2025-07-23 01:48:29,0,2,0
94249,2025-07-23 01:43:29,0,2,0
94249,2025-07-23 01:38:29,0,2,0
94249,2025-07-23 01:33:29,0,2,0
94249,2025-07-23 01:28:29,1,2,0
94249,2025-07-23 01:23:29,1,2,0
94249,2025-07-23 01:18:29,1,2,0
94249,2025-07-23 01:13:29,1,2,0
94249,2025-07-23 01:08:29,1,2,0
94249,2025-07-23 01:03:29,1,2,0
94249,2025-07-23 00:58:29,1,2,0
94249,2025-07-23 00:53:29,1,2,0
94249,2025-07-23 00:48:29,1,2,0
94249,2025-07-23 00:43:29,1,2,0
94249,2025-07-23 00:38:29,0,2,0
94249,2025-07-23 00:33:29,0,2,0
94249,2025-07-23 00:28:31,0,2,0
94249,2025-07-23 00:23:29,0,2,0
94249,2025-07-23 00:18:29,0,2,0
94249,2025-07-23 00:13:29,0,2,0
94249,2025-07-23 00:08:29,1,2,0
94249,2025-07-23 00:03:29,1,2,0
94249,2025-07-22 23:58:29,1,2,0
94249,2025-07-22 23:53:30,1,2,0
94249,2025-07-22 23:48:29,1,2,0
94249,2025-07-22 23:43:29,1,2,0
94249,2025-07-22 23:38:29,1,2,0
94249,2025-07-22 23:33:29,1,2,0
94249,2025-07-22 23:28:30,1,2,0
94249,2025-07-22 23:23:29,1,2,0
94249,2025-07-22 23:18:29,1,2,0
94249,2025-07-22 23:13:29,0,2,0
94249,2025-07-22 23:08:29,0,2,0
94249,2025-07-22 23:03:29,0,2,0
94249,2025-07-22 22:58:29,0,2,0
94249,2025-07-22 22:53:29,0,2,0
94249,2025-07-22 22:48:29,0,2,0
94249,2025-07-22 22:43:29,0,2,0
94249,2025-07-22 22:38:30,0,2,0
94249,2025-07-22 22:33:29,0,2,0
94249,2025-07-22 22:28:29,0,2,0
94249,2025-07-22 22:23:30,0,2,0
94249,2025-07-22 22:18:29,1,2,0
94249,2025-07-22 22:13:29,1,2,0
94249,2025-07-22 22:08:29,0,2,0
94249,2025-07-22 22:03:29,0,2,0
94249,2025-07-22 21:58:29,0,2,0
94249,2025-07-22 21:53:29,0,2,0
94249,2025-07-22 21:48:29,0,2,0
94249,2025-07-22 21:43:29,1,2,0
94249,2025-07-22 21:38:29,1,2,0
94249,2025-07-22 21:33:29,1,2,0
94249,2025-07-22 21:28:29,0,2,0
94249,2025-07-22 21:23:29,0,2,0
94249,2025-07-22 21:18:29,0,2,0
94249,2025-07-22 21:13:30,0,2,0
94249,2025-07-22 21:08:30,0,2,0
94249,2025-07-22 21:03:30,0,2,0
94249,2025-07-22 20:58:30,0,2,0
94249,2025-07-22 20:53:30,0,2,0
94249,2025-07-22 20:48:30,0,2,0
94249,2025-07-22 20:43:30,0,2,0
94249,2025-07-22 20:38:30,0,2,0
94249,2025-07-22 20:33:30,0,2,0
94249,2025-07-22 20:28:31,0,2,0
94249,2025-07-22 20:23:30,0,2,0
94249,2025-07-22 20:18:30,0,2,0
94249,2025-07-22 20:13:30,1,2,0
94249,2025-07-22 20:08:30,1,2,0
94249,2025-07-22 20:03:30,1,2,0
94249,2025-07-22 19:58:30,1,2,0
94249,2025-07-22 19:53:30,1,2,0
94249,2025-07-22 19:48:30,1,2,0
94249,2025-07-22 19:43:30,1,2,0
94249,2025-07-22 19:38:30,1,2,0
94249,2025-07-22 19:33:29,1,2,0
94249,2025-07-22 19:28:29,1,2,0
94249,2025-07-22 19:23:29,1,2,0
94249,2025-07-22 19:18:29,1,2,0
94249,2025-07-22 19:13:29,1,2,0
94249,2025-07-22 19:08:29,1,2,0
94249,2025-07-22 19:03:29,1,2,0
94249,2025-07-22 18:58:29,1,2,0
94249,2025-07-22 18:53:29,2,2,0
94249,2025-07-22 18:48:29,2,2,0
94249,2025-07-22 18:43:29,2,2,0
94249,2025-07-22 18:38:29,2,2,0
94249,2025-07-22 18:33:29,2,2,0
94249,2025-07-22 18:28:29,2,2,0
94249,2025-07-22 18:23:29,2,2,0
94249,2025-07-22 18:18:29,1,2,0
94249,2025-07-22 18:13:29,1,2,0
94249,2025-07-22 18:08:29,1,2,0
94249,2025-07-22 18:03:30,1,2,0
94249,2025-07-22 17:58:29,1,2,0
94249,2025-07-22 17:53:29,1,2,0
94249,2025-07-22 17:48:29,1,2,0
94249,2025-07-22 17:43:29,1,2,0
94249,2025-07-22 17:38:29,1,2,0
94249,2025-07-22 17:33:29,1,2,0
94249,2025-07-22 17:28:29,1,2,0
94249,2025-07-22 17:23:29,1,2,0
94249,2025-07-22 17:18:29,1,2,0
94249,2025-07-22 17:13:29,1,2,0
94249,2025-07-22 17:08:30,1,2,0
94249,2025-07-22 17:03:29,1,2,0
94249,2025-07-22 16:58:29,1,2,0
94249,2025-07-22 16:53:29,1,2,0
94249,2025-07-22 16:48:30,1,2,0
94249,2025-07-22 16:43:29,1,2,0
94249,2025-07-22 16:38:29,1,2,0
94249,2025-07-22 16:33:29,1,2,0
94249,2025-07-22 16:28:29,1,2,0
94249,2025-07-22 16:23:29,1,2,0
94249,2025-07-22 16:18:29,1,2,0
94249,2025-07-22 16:13:29,1,2,0
94249,2025-07-22 16:08:29,2,2,0
94249,2025-07-22 16:03:29,2,2,0
94249,2025-07-22 15:58:29,2,2,0
94249,2025-07-22 15:53:29,2,2,0
94249,2025-07-22 15:48:29,2,2,0
94249,2025-07-22 15:43:29,2,2,0
94249,2025-07-22 15:38:29,2,2,0
94249,2025-07-22 15:33:29,2,2,0
94249,2025-07-22 15:28:29,2,2,0
94249,2025-07-22 15:23:29,2,2,0
94249,2025-07-22 15:18:29,2,2,0
94249,2025-07-22 15:13:29,2,2,0
94249,2025-07-22 15:08:29,2,2,0
94249,2025-07-22 15:03:29,2,2,0
94249,2025-07-22 14:58:29,2,2,0
94249,2025-07-22 14:53:29,2,2,0
94249,2025-07-22 14:48:29,2,2,0
94249,2025-07-22 14:43:29,2,2,0
94249,2025-07-22 14:38:29,2,2,0
94249,2025-07-22 14:33:29,2,2,0
94249,2025-07-22 14:28:29,2,2,0
94249,2025-07-22 14:23:29,2,2,0
94249,2025-07-22 14:18:29,2,2,0
94249,2025-07-22 14:13:29,2,2,0
94249,2025-07-22 14:08:30,2,2,0
94249,2025-07-22 14:03:29,2,2,0
94249,2025-07-22 13:58:29,2,2,0
94249,2025-07-22 13:53:29,2,2,0
94249,2025-07-22 13:48:29,2,2,0
94249,2025-07-22 13:43:29,2,2,0
94249,2025-07-22 13:38:29,2,2,0
94249,2025-07-22 13:33:29,2,2,0
94249,2025-07-22 13:28:29,2,2,0
94249,2025-07-22 13:23:29,1,2,0
94249,2025-07-22 13:18:29,1,2,0
94249,2025-07-22 13:13:29,1,2,0
94249,2025-07-22 13:08:29,1,2,0
94249,2025-07-22 13:03:29,1,2,0
94249,2025-07-22 12:58:29,1,2,0
94249,2025-07-22 12:53:29,1,2,0
94249,2025-07-22 12:48:29,1,2,0
94249,2025-07-22 12:43:29,1,2,0
94249,2025-07-22 12:38:29,1,2,0
94249,2025-07-22 12:33:29,1,2,0
94249,2025-07-22 12:28:29,1,2,0
94249,2025-07-22 12:23:29,1,2,0
94249,2025-07-22 12:18:29,1,2,0
94249,2025-07-22 12:13:29,1,2,0
94249,2025-07-22 12:08:29,2,2,0
94249,2025-07-22 12:03:29,2,2,0
94249,2025-07-22 11:58:29,2,2,0
94249,2025-07-22 11:53:29,2,2,0
94249,2025-07-22 11:48:29,2,2,0
94249,2025-07-22 11:43:29,2,2,0
94249,2025-07-22 11:38:29,2,2,0
94249,2025-07-22 11:33:29,2,2,0
94249,2025-07-22 11:28:29,2,2,0
94249,2025-07-22 11:23:29,2,2,0
94249,2025-07-22 11:18:29,2,2,0
94249,2025-07-22 11:13:30,2,2,0
94249,2025-07-22 11:08:29,1,2,0
94249,2025-07-22 11:03:29,1,2,0
94249,2025-07-22 10:58:29,1,2,0
94249,2025-07-22 10:53:29,1,2,0
94249,2025-07-22 10:48:29,1,2,0
94249,2025-07-22 10:43:29,1,2,0
94249,2025-07-22 10:38:29,1,2,0
94249,2025-07-22 10:33:29,1,2,0
94249,2025-07-22 10:28:29,1,2,0
94249,2025-07-22 10:23:29,1,2,0
94249,2025-07-22 10:18:29,1,2,0
94249,2025-07-22 10:13:29,1,2,0
94249,2025-07-22 10:08:29,1,2,0
94249,2025-07-22 10:03:29,1,2,0
94249,2025-07-22 09:58:29,1,2,0
94249,2025-07-22 09:53:29,1,2,0
94249,2025-07-22 09:48:29,1,2,0
94249,2025-07-22 09:43:29,1,2,0
94249,2025-07-22 09:38:29,1,2,0
94249,2025-07-22 09:33:29,1,2,0
94249,2025-07-22 09:28:30,1,2,0
94249,2025-07-22 09:23:29,1,2,0
94249,2025-07-22 09:18:29,1,2,0
94249,2025-07-22 09:13:29,1,2,0
94249,2025-07-22 09:08:29,1,2,0
94249,2025-07-22 09:03:29,1,2,0
94249,2025-07-22 08:58:29,1,2,0
94249,2025-07-22 08:53:29,1,2,0
94249,2025-07-22 08:48:29,1,2,0
94249,2025-07-22 08:43:29,1,2,0
94249,2025-07-22 08:38:29,1,2,0
94249,2025-07-22 08:33:29,1,2,0
94249,2025-07-22 08:28:29,1,2,0
94249,2025-07-22 08:23:29,1,2,0
94249,2025-07-22 08:18:29,1,2,0
94249,2025-07-22 08:13:29,1,2,0
94249,2025-07-22 08:08:29,1,2,0
94249,2025-07-22 08:03:29,1,2,0
94249,2025-07-22 07:58:29,1,2,0
94249,2025-07-22 07:53:29,1,2,0
94249,2025-07-22 07:48:29,1,2,0
94249,2025-07-22 07:43:29,1,2,0
94249,2025-07-22 07:38:29,1,2,0
94249,2025-07-22 07:33:29,1,2,0
94249,2025-07-22 07:28:29,1,2,0
94249,2025-07-22 07:23:29,1,2,0
94249,2025-07-22 07:18:29,1,2,0
94249,2025-07-22 07:13:29,1,2,0
94249,2025-07-22 07:08:29,1,2,0
94249,2025-07-22 07:03:29,1,2,0
94249,2025-07-22 06:58:29,1,2,0
94249,2025-07-22 06:53:29,1,2,0
94249,2025-07-22 06:48:29,1,2,0
94249,2025-07-22 06:43:29,1,2,0
94249,2025-07-22 06:38:29,1,2,0
94249,2025-07-22 06:33:29,1,2,0
94249,2025-07-22 06:28:29,1,2,0
94249,2025-07-22 06:23:29,1,2,0
94249,2025-07-22 06:18:29,1,2,0
94249,2025-07-22 06:13:29,1,2,0
94249,2025-07-22 06:08:29,1,2,0
94249,2025-07-22 06:03:29,1,2,0
94249,2025-07-22 05:58:29,1,2,0
94249,2025-07-22 05:53:29,1,2,0
94249,2025-07-22 05:48:29,1,2,0
94249,2025-07-22 05:43:29,1,2,0
94249,2025-07-22 05:38:29,1,2,0
94249,2025-07-22 05:33:29,1,2,0
94249,2025-07-22 05:28:29,1,2,0
94249,2025-07-22 05:23:29,1,2,0
94249,2025-07-22 05:18:29,1,2,0
94249,2025-07-22 05:13:29,1,2,0
94249,2025-07-22 05:08:29,1,2,0
94249,2025-07-22 05:03:29,1,2,0
94249,2025-07-22 04:58:29,1,2,0
94249,2025-07-22 04:53:29,1,2,0
94249,2025-07-22 04:48:30,1,2,0
94249,2025-07-22 04:43:29,1,2,0
94249,2025-07-22 04:38:29,1,2,0
94249,2025-07-22 04:33:29,1,2,0
94249,2025-07-22 04:28:29,1,2,0
94249,2025-07-22 04:23:29,1,2,0
94249,2025-07-22 04:18:29,1,2,0
94249,2025-07-22 04:13:29,1,2,0
94249,2025-07-22 04:08:29,1,2,0
94249,2025-07-22 04:03:29,1,2,0
94249,2025-07-22 03:58:30,1,2,0
94249,2025-07-22 03:53:29,1,2,0
94249,2025-07-22 03:48:29,1,2,0
94249,2025-07-22 03:43:29,1,2,0
94249,2025-07-22 03:38:29,1,2,0
94249,2025-07-22 03:33:29,1,2,0
94249,2025-07-22 03:28:35,1,2,0
94249,2025-07-22 03:23:29,1,2,0
94249,2025-07-22 03:18:29,1,2,0
94249,2025-07-22 03:13:29,0,2,0
94249,2025-07-22 03:08:29,0,2,0
94249,2025-07-22 03:03:29,0,2,0
94249,2025-07-22 02:58:29,0,2,0
94249,2025-07-22 02:53:29,0,2,0
94249,2025-07-22 02:48:29,0,2,0
94249,2025-07-22 02:43:29,0,2,0
94249,2025-07-22 02:38:29,0,2,0
94249,2025-07-22 02:33:29,0,2,0
94249,2025-07-22 02:28:30,0,2,0
94249,2025-07-22 02:23:29,0,2,0
94249,2025-07-22 02:18:29,1,2,0
94249,2025-07-22 02:13:29,1,2,0
94249,2025-07-22 02:08:29,1,2,0
94249,2025-07-22 02:03:29,1,2,0
94249,2025-07-22 01:58:29,1,2,0
94249,2025-07-22 01:53:29,1,2,0
94249,2025-07-22 01:48:30,1,2,0
94249,2025-07-22 01:43:29,1,2,0
94249,2025-07-22 01:38:29,1,2,0
94249,2025-07-22 01:33:29,1,2,0
94249,2025-07-22 01:28:29,1,2,0
94249,2025-07-22 01:23:29,1,2,0
94249,2025-07-22 01:18:29,1,2,0
94249,2025-07-22 01:13:29,1,2,0
94249,2025-07-22 01:08:29,1,2,0
94249,2025-07-22 01:03:29,1,2,0
94249,2025-07-22 00:58:29,1,2,0
94249,2025-07-22 00:53:29,1,2,0
94249,2025-07-22 00:48:29,1,2,0
94249,2025-07-22 00:45:07,1,2,0
94249,2025-07-22 00:38:29,1,2,0
94249,2025-07-22 00:33:30,1,2,0
94249,2025-07-22 00:28:29,1,2,0
94249,2025-07-22 00:23:29,1,2,0
94249,2025-07-22 00:18:29,1,2,0
94249,2025-07-22 00:13:29,1,2,0
94249,2025-07-22 00:08:29,1,2,0
94249,2025-07-22 00:03:29,1,2,0
94249,2025-07-21 23:58:29,1,2,0
94249,2025-07-21 23:53:29,1,2,0
94249,2025-07-21 23:48:29,1,2,0
94249,2025-07-21 23:43:29,1,2,0
94249,2025-07-21 23:38:29,1,2,0
94249,2025-07-21 23:33:30,1,2,0
94249,2025-07-21 23:28:30,1,2,0
94249,2025-07-21 23:23:29,1,2,0
94249,2025-07-21 23:18:29,1,2,0
94249,2025-07-21 23:13:29,0,2,0
94249,2025-07-21 23:08:29,0,2,0
94249,2025-07-21 23:03:29,0,2,0
94249,2025-07-21 22:58:29,0,2,0
94249,2025-07-21 22:53:29,0,2,0
94249,2025-07-21 22:48:29,0,2,0
94249,2025-07-21 22:43:29,0,2,0
94249,2025-07-21 22:38:29,0,2,0
94249,2025-07-21 22:33:29,0,2,0
94249,2025-07-21 22:28:29,0,2,0
94249,2025-07-21 22:23:29,0,2,0
94249,2025-07-21 22:18:44,0,2,0
94249,2025-07-21 22:13:29,0,2,0
94249,2025-07-21 22:08:29,0,2,0
94249,2025-07-21 22:03:29,0,2,0
94249,2025-07-21 21:58:29,0,2,0
94249,2025-07-21 21:53:29,0,2,0
94249,2025-07-21 21:48:29,0,2,0
94249,2025-07-21 21:43:29,0,2,0
94249,2025-07-21 21:38:29,0,2,0
94249,2025-07-21 21:33:29,0,2,0
94249,2025-07-21 21:28:29,0,2,0
94249,2025-07-21 21:23:29,0,2,0
94249,2025-07-21 21:18:29,0,2,0
94249,2025-07-21 21:13:29,0,2,0
94249,2025-07-21 21:08:29,0,2,0
94249,2025-07-21 21:03:29,0,2,0
94249,2025-07-21 20:58:29,0,2,0
94249,2025-07-21 20:53:29,0,2,0
94249,2025-07-21 20:48:30,0,2,0
94249,2025-07-21 20:43:29,0,2,0
94249,2025-07-21 20:38:29,0,2,0
94249,2025-07-21 20:33:29,0,2,0
94249,2025-07-21 20:28:29,0,2,0
94249,2025-07-21 20:23:29,0,2,0
94249,2025-07-21 20:18:29,0,2,0
94249,2025-07-21 20:13:29,0,2,0
94249,2025-07-21 20:08:29,0,2,0
94249,2025-07-21 20:03:29,0,2,0
94249,2025-07-21 19:58:29,0,2,0
94249,2025-07-21 19:53:29,0,2,0
94249,2025-07-21 19:48:29,0,2,0
94249,2025-07-21 19:43:29,0,2,0
94249,2025-07-21 19:38:29,0,2,0
94249,2025-07-21 19:33:29,0,2,0
94249,2025-07-21 19:28:29,0,2,0
94249,2025-07-21 19:23:29,0,2,0
94249,2025-07-21 19:18:29,0,2,0
94249,2025-07-21 19:13:29,0,2,0
94249,2025-07-21 19:08:29,0,2,0
94249,2025-07-21 19:03:29,0,2,0
94249,2025-07-21 18:58:29,0,2,0
94249,2025-07-21 18:53:29,0,2,0
94249,2025-07-21 18:48:29,0,2,0
94249,2025-07-21 18:43:29,0,2,0
94249,2025-07-21 18:38:29,0,2,0
94249,2025-07-21 18:33:29,0,2,0
94249,2025-07-21 18:28:29,0,2,0
94249,2025-07-21 18:23:30,0,2,0
94249,2025-07-21 18:18:29,0,2,0
94249,2025-07-21 18:13:29,0,2,0
94249,2025-07-21 18:08:29,0,2,0
94249,2025-07-21 18:03:29,1,2,0
94249,2025-07-21 17:58:29,1,2,0
94249,2025-07-21 17:53:29,1,2,0
94249,2025-07-21 17:48:29,1,2,0
94249,2025-07-21 17:43:29,1,2,0
94249,2025-07-21 17:38:29,1,2,0
94249,2025-07-21 17:33:29,1,2,0
94249,2025-07-21 17:28:29,1,2,0
94249,2025-07-21 17:23:29,1,2,0
94249,2025-07-21 17:18:29,1,2,0
94249,2025-07-21 17:13:29,1,2,0
94249,2025-07-21 17:08:29,1,2,0
94249,2025-07-21 17:03:29,1,2,0
94249,2025-07-21 16:58:29,1,2,0
94249,2025-07-21 16:53:29,1,2,0
94249,2025-07-21 16:48:29,1,2,0
94249,2025-07-21 16:43:29,1,2,0
94249,2025-07-21 16:38:29,1,2,0
94249,2025-07-21 16:33:29,1,2,0
94249,2025-07-21 16:28:29,1,2,0
94249,2025-07-21 16:23:29,1,2,0
94249,2025-07-21 16:18:29,1,2,0
94249,2025-07-21 16:13:29,1,2,0
94249,2025-07-21 16:08:29,1,2,0
94249,2025-07-21 16:03:31,1,2,0
94249,2025-07-21 15:58:30,1,2,0
94249,2025-07-21 15:53:29,1,2,0
94249,2025-07-21 15:48:29,1,2,0
94249,2025-07-21 15:43:29,1,2,0
94249,2025-07-21 15:38:29,1,2,0
94249,2025-07-21 15:33:29,1,2,0
94249,2025-07-21 15:28:29,1,2,0
94249,2025-07-21 15:23:31,1,2,0
94249,2025-07-21 15:18:29,1,2,0
94249,2025-07-21 15:13:31,1,2,0
94249,2025-07-21 15:08:29,1,2,0
94249,2025-07-21 15:03:30,1,2,0
94249,2025-07-21 14:58:29,1,2,0
94249,2025-07-21 14:53:29,1,2,0
94249,2025-07-21 14:48:29,1,2,0
94249,2025-07-21 14:43:29,1,2,0
94249,2025-07-21 14:38:29,1,2,0
94249,2025-07-21 14:33:29,1,2,0
94249,2025-07-21 14:28:29,1,2,0
94249,2025-07-21 14:23:29,0,2,0
94249,2025-07-21 14:18:29,0,2,0
94249,2025-07-21 14:13:29,0,2,0
94249,2025-07-21 14:08:29,0,2,0
94249,2025-07-21 14:03:29,1,2,0
94249,2025-07-21 13:58:29,1,2,0
94249,2025-07-21 13:53:29,1,2,0
94249,2025-07-21 13:48:29,1,2,0
94249,2025-07-21 13:43:29,1,2,0
94249,2025-07-21 13:38:29,1,2,0
94249,2025-07-21 13:33:29,1,2,0
94249,2025-07-21 13:28:30,2,2,0
94249,2025-07-21 13:23:29,2,2,0
94249,2025-07-21 13:18:29,2,2,0
94249,2025-07-21 13:13:29,2,2,0
94249,2025-07-21 13:08:29,1,2,0
94249,2025-07-21 13:03:29,1,2,0
94249,2025-07-21 12:58:29,1,2,0
94249,2025-07-21 12:53:29,1,2,0
94249,2025-07-21 12:48:29,1,2,0
94249,2025-07-21 12:43:29,1,2,0
94249,2025-07-21 12:38:29,1,2,0
94249,2025-07-21 12:33:29,1,2,0
94249,2025-07-21 12:28:29,1,2,0
94249,2025-07-21 12:23:29,1,2,0
94249,2025-07-21 12:18:29,1,2,0
94249,2025-07-21 12:13:29,1,2,0
94249,2025-07-21 12:08:30,1,2,0
94249,2025-07-21 12:03:29,1,2,0
94249,2025-07-21 11:58:29,1,2,0
94249,2025-07-21 11:53:29,1,2,0
94249,2025-07-21 11:48:29,1,2,0
94249,2025-07-21 11:43:29,1,2,0
94249,2025-07-21 11:38:29,1,2,0
94249,2025-07-21 11:33:29,1,2,0
94249,2025-07-21 11:28:29,1,2,0
94249,2025-07-21 11:23:29,1,2,0
94249,2025-07-21 11:18:29,1,2,0
94249,2025-07-21 11:13:29,1,2,0
94249,2025-07-21 11:08:29,1,2,0
94249,2025-07-21 11:03:29,1,2,0
94249,2025-07-21 10:58:29,1,2,0
94249,2025-07-21 10:53:29,1,2,0
94249,2025-07-21 10:48:29,1,2,0
94249,2025-07-21 10:43:29,1,2,0
94249,2025-07-21 10:38:29,1,2,0
94249,2025-07-21 10:33:29,1,2,0
94249,2025-07-21 10:28:29,1,2,0
94249,2025-07-21 10:23:29,1,2,0
94249,2025-07-21 10:18:29,1,2,0
94249,2025-07-21 10:13:29,1,2,0
94249,2025-07-21 10:08:29,1,2,0
94249,2025-07-21 10:03:29,1,2,0
94249,2025-07-21 09:58:29,1,2,0
94249,2025-07-21 09:53:29,1,2,0
94249,2025-07-21 09:48:29,1,2,0
94249,2025-07-21 09:43:29,1,2,0
94249,2025-07-21 09:38:29,1,2,0
94249,2025-07-21 09:33:29,1,2,0
94249,2025-07-21 09:28:29,1,2,0
94249,2025-07-21 09:23:29,1,2,0
94249,2025-07-21 09:18:29,1,2,0
94249,2025-07-21 09:13:29,1,2,0
94249,2025-07-21 09:08:29,1,2,0
94249,2025-07-21 09:03:29,1,2,0
94249,2025-07-21 08:58:29,1,2,0
94249,2025-07-21 08:53:29,1,2,0
94249,2025-07-21 08:48:29,1,2,0
94249,2025-07-21 08:43:29,1,2,0
94249,2025-07-21 08:38:29,1,2,0
94249,2025-07-21 08:33:29,1,2,0
94249,2025-07-21 08:28:29,1,2,0
94249,2025-07-21 08:23:29,1,2,0
94249,2025-07-21 08:18:29,1,2,0
94249,2025-07-21 08:13:29,1,2,0
94249,2025-07-21 08:08:29,1,2,0
94249,2025-07-21 08:03:29,1,2,0
94249,2025-07-21 07:58:29,1,2,0
94249,2025-07-21 07:53:29,1,2,0
94249,2025-07-21 07:48:29,1,2,0
94249,2025-07-21 07:43:29,1,2,0
94249,2025-07-21 07:38:29,1,2,0
94249,2025-07-21 07:33:29,1,2,0
94249,2025-07-21 07:28:29,1,2,0
94249,2025-07-21 07:23:30,1,2,0
94249,2025-07-21 07:18:29,1,2,0
94249,2025-07-21 07:13:29,1,2,0
94249,2025-07-21 07:08:29,1,2,0
94249,2025-07-21 07:03:29,1,2,0
94249,2025-07-21 06:58:29,1,2,0
94249,2025-07-21 06:53:29,1,2,0
94249,2025-07-21 06:48:29,1,2,0
94249,2025-07-21 06:43:29,1,2,0
94249,2025-07-21 06:38:29,1,2,0
94249,2025-07-21 06:33:29,1,2,0
94249,2025-07-21 06:28:29,1,2,0
94249,2025-07-21 06:23:29,1,2,0
94249,2025-07-21 06:18:29,1,2,0
94249,2025-07-21 06:13:29,1,2,0
94249,2025-07-21 06:08:29,1,2,0
94249,2025-07-21 06:03:29,1,2,0
94249,2025-07-21 05:58:29,1,2,0
94249,2025-07-21 05:53:29,1,2,0
94249,2025-07-21 05:48:29,1,2,0
94249,2025-07-21 05:43:29,1,2,0
94249,2025-07-21 05:38:29,1,2,0
94249,2025-07-21 05:33:29,1,2,0
94249,2025-07-21 05:28:29,1,2,0
94249,2025-07-21 05:23:29,1,2,0
94249,2025-07-21 05:18:30,1,2,0
94249,2025-07-21 05:13:29,1,2,0
94249,2025-07-21 05:08:29,1,2,0
94249,2025-07-21 05:03:29,1,2,0
94249,2025-07-21 04:58:29,1,2,0
94249,2025-07-21 04:53:29,1,2,0
94249,2025-07-21 04:48:29,1,2,0
94249,2025-07-21 04:43:29,1,2,0
94249,2025-07-21 04:38:29,1,2,0
94249,2025-07-21 04:33:29,1,2,0
94249,2025-07-21 04:28:29,1,2,0
94249,2025-07-21 04:23:29,1,2,0
94249,2025-07-21 04:18:29,1,2,0
94249,2025-07-21 04:13:29,1,2,0
94249,2025-07-21 04:08:29,1,2,0
94249,2025-07-21 04:03:29,1,2,0
94249,2025-07-21 03:58:29,1,2,0
94249,2025-07-21 03:53:29,1,2,0
94249,2025-07-21 03:48:29,1,2,0
94249,2025-07-21 03:43:29,1,2,0
94249,2025-07-21 03:38:29,1,2,0
94249,2025-07-21 03:33:29,1,2,0
94249,2025-07-21 03:28:30,1,2,0
94249,2025-07-21 03:23:29,1,2,0
94249,2025-07-21 03:18:29,1,2,0
94249,2025-07-21 03:13:29,1,2,0
94249,2025-07-21 03:08:29,1,2,0
94249,2025-07-21 03:03:29,1,2,0
94249,2025-07-21 02:58:29,1,2,0
94249,2025-07-21 02:53:29,0,2,0
94249,2025-07-21 02:48:29,0,2,0
94249,2025-07-21 02:43:29,0,2,0
94249,2025-07-21 02:38:29,0,2,0
94249,2025-07-21 02:33:29,0,2,0
94249,2025-07-21 02:28:29,0,2,0
94249,2025-07-21 02:23:29,0,2,0
94249,2025-07-21 02:18:30,0,2,0
94249,2025-07-21 02:13:29,0,2,0
94249,2025-07-21 02:08:29,0,2,0
94249,2025-07-21 02:03:29,0,2,0
94249,2025-07-21 01:58:29,0,2,0
94249,2025-07-21 01:53:29,0,2,0
94249,2025-07-21 01:48:29,0,2,0
94249,2025-07-21 01:43:29,0,2,0
94249,2025-07-21 01:38:29,0,2,0
94249,2025-07-21 01:33:29,0,2,0
94249,2025-07-21 01:28:29,0,2,0
94249,2025-07-21 01:23:29,0,2,0
94249,2025-07-21 01:18:29,0,2,0
94249,2025-07-21 01:13:29,0,2,0
94249,2025-07-21 01:08:29,0,2,0
94249,2025-07-21 01:03:29,0,2,0
94249,2025-07-21 00:58:29,0,2,0
94249,2025-07-21 00:53:29,0,2,0
94249,2025-07-21 00:48:29,0,2,0
94249,2025-07-21 00:43:29,0,2,0
94249,2025-07-21 00:38:29,0,2,0
94249,2025-07-21 00:33:29,0,2,0
94249,2025-07-21 00:28:29,0,2,0
94249,2025-07-21 00:23:29,0,2,0
94249,2025-07-21 00:18:29,0,2,0
94249,2025-07-21 00:13:29,0,2,0
94249,2025-07-21 00:08:29,0,2,0
94249,2025-07-21 00:03:29,1,2,0
94249,2025-07-20 23:58:29,1,2,0
94249,2025-07-20 23:53:29,1,2,0
94249,2025-07-20 23:48:51,1,2,0
94249,2025-07-20 23:43:29,1,2,0
94249,2025-07-20 23:38:29,1,2,0
94249,2025-07-20 23:33:29,1,2,0
94249,2025-07-20 23:28:29,1,2,0
94249,2025-07-20 23:23:29,1,2,0
94249,2025-07-20 23:18:29,1,2,0
94249,2025-07-20 23:13:30,1,2,0
94249,2025-07-20 23:08:29,1,2,0
94249,2025-07-20 23:03:29,1,2,0
94249,2025-07-20 22:58:29,1,2,0
94249,2025-07-20 22:53:29,1,2,0
94249,2025-07-20 22:48:29,1,2,0
94249,2025-07-20 22:43:29,1,2,0
94249,2025-07-20 22:38:29,1,2,0
94249,2025-07-20 22:33:31,1,2,0
94249,2025-07-20 22:28:29,1,2,0
94249,2025-07-20 22:23:29,1,2,0
94249,2025-07-20 22:18:29,1,2,0
94249,2025-07-20 22:13:45,1,2,0
94249,2025-07-20 22:08:29,1,2,0
94249,2025-07-20 22:03:29,1,2,0
94249,2025-07-20 21:58:29,1,2,0
94249,2025-07-20 21:53:29,2,2,0
94249,2025-07-20 21:48:30,2,2,0
94249,2025-07-20 21:43:29,2,2,0
94249,2025-07-20 21:38:29,2,2,0
94249,2025-07-20 21:33:29,2,2,0
94249,2025-07-20 21:28:29,2,2,0
94249,2025-07-20 21:23:29,2,2,0
94249,2025-07-20 21:18:29,2,2,0
94249,2025-07-20 21:13:29,2,2,0
94249,2025-07-20 21:08:29,2,2,0
94249,2025-07-20 21:03:29,2,2,0
94249,2025-07-20 20:58:29,2,2,0
94249,2025-07-20 20:53:29,2,2,0
94249,2025-07-20 20:48:29,2,2,0
94249,2025-07-20 20:43:29,2,2,0
94249,2025-07-20 20:38:29,2,2,0
94249,2025-07-20 20:33:29,2,2,0
94249,2025-07-20 20:28:29,2,2,0
94249,2025-07-20 20:23:29,2,2,0
94249,2025-07-20 20:18:29,2,2,0
94249,2025-07-20 20:13:29,2,2,0
94249,2025-07-20 20:08:30,2,2,0
94249,2025-07-20 20:03:29,2,2,0
94249,2025-07-20 19:58:29,2,2,0
94249,2025-07-20 19:53:29,2,2,0
94249,2025-07-20 19:48:29,2,2,0
94249,2025-07-20 19:43:29,2,2,0
94249,2025-07-20 19:38:29,2,2,0
94249,2025-07-20 19:33:29,2,2,0
94249,2025-07-20 19:28:29,2,2,0
94249,2025-07-20 19:23:29,2,2,0
94249,2025-07-20 19:18:29,2,2,0
94249,2025-07-20 19:13:29,2,2,0
94249,2025-07-20 19:08:29,2,2,0
94249,2025-07-20 19:03:29,2,2,0
94249,2025-07-20 18:58:29,2,2,0
94249,2025-07-20 18:53:37,2,2,0
94249,2025-07-20 18:48:29,2,2,0
94249,2025-07-20 18:43:29,2,2,0
94249,2025-07-20 18:38:29,2,2,0
94249,2025-07-20 18:33:29,1,2,0
94249,2025-07-20 18:28:29,1,2,0
94249,2025-07-20 18:23:29,1,2,0
94249,2025-07-20 18:18:29,1,2,0
94249,2025-07-20 18:13:29,1,2,0
94249,2025-07-20 18:08:29,1,2,0
94249,2025-07-20 18:03:29,1,2,0
94249,2025-07-20 17:58:30,1,2,0
94249,2025-07-20 17:53:29,1,2,0
94249,2025-07-20 17:48:29,1,2,0
94249,2025-07-20 17:43:29,2,2,0
94249,2025-07-20 17:38:29,2,2,0
94249,2025-07-20 17:33:29,2,2,0
94249,2025-07-20 17:28:29,2,2,0
94249,2025-07-20 17:23:29,2,2,0
94249,2025-07-20 17:18:29,2,2,0
94249,2025-07-20 17:13:29,2,2,0
94249,2025-07-20 17:08:29,2,2,0
94249,2025-07-20 17:03:29,2,2,0
94249,2025-07-20 16:58:29,2,2,0
94249,2025-07-20 16:53:29,2,2,0
94249,2025-07-20 16:48:29,2,2,0
94249,2025-07-20 16:43:29,2,2,0
94249,2025-07-20 16:38:29,2,2,0
94249,2025-07-20 16:33:29,2,2,0
94249,2025-07-20 16:28:29,2,2,0
94249,2025-07-20 16:23:29,2,2,0
94249,2025-07-20 16:18:29,2,2,0
94249,2025-07-20 16:13:29,2,2,0
94249,2025-07-20 16:08:29,2,2,0
94249,2025-07-20 16:03:29,2,2,0
94249,2025-07-20 15:58:29,2,2,0
94249,2025-07-20 15:53:29,2,2,0
94249,2025-07-20 15:48:29,2,2,0
94249,2025-07-20 15:43:29,2,2,0
94249,2025-07-20 15:38:29,2,2,0
94249,2025-07-20 15:33:34,2,2,0
94249,2025-07-20 15:28:29,2,2,0
94249,2025-07-20 15:23:29,2,2,0
94249,2025-07-20 15:18:29,2,2,0
94249,2025-07-20 15:13:29,2,2,0
94249,2025-07-20 15:08:29,2,2,0
94249,2025-07-20 15:03:29,2,2,0
94249,2025-07-20 14:58:29,2,2,0
94249,2025-07-20 14:53:29,2,2,0
94249,2025-07-20 14:48:29,2,2,0
94249,2025-07-20 14:43:29,2,2,0
94249,2025-07-20 14:38:29,2,2,0
94249,2025-07-20 14:33:29,2,2,0
94249,2025-07-20 14:28:29,2,2,0
94249,2025-07-20 14:23:29,2,2,0
94249,2025-07-20 14:18:29,2,2,0
94249,2025-07-20 14:13:29,2,2,0
94249,2025-07-20 14:08:29,2,2,0
94249,2025-07-20 14:03:29,2,2,0
94249,2025-07-20 13:58:29,2,2,0
94249,2025-07-20 13:53:29,2,2,0
94249,2025-07-20 13:48:29,2,2,0
94249,2025-07-20 13:43:29,2,2,0
94249,2025-07-20 13:38:29,2,2,0
94249,2025-07-20 13:33:29,2,2,0
94249,2025-07-20 13:28:29,2,2,0
94249,2025-07-20 13:23:29,2,2,0
94249,2025-07-20 13:18:29,2,2,0
94249,2025-07-20 13:13:29,2,2,0
94249,2025-07-20 13:08:29,2,2,0
94249,2025-07-20 13:03:29,2,2,0
94249,2025-07-20 12:58:29,2,2,0
94249,2025-07-20 12:53:29,2,2,0
94249,2025-07-20 12:48:29,2,2,0
94249,2025-07-20 12:43:29,2,2,0
94249,2025-07-20 12:38:29,2,2,0
94249,2025-07-20 12:33:29,2,2,0
94249,2025-07-20 12:28:29,2,2,0
94249,2025-07-20 12:23:29,2,2,0
94249,2025-07-20 12:18:29,2,2,0
94249,2025-07-20 12:13:29,2,2,0
94249,2025-07-20 12:08:29,2,2,0
94249,2025-07-20 12:03:30,2,2,0
94249,2025-07-20 11:58:29,2,2,0
94249,2025-07-20 11:53:29,2,2,0
94249,2025-07-20 11:48:29,2,2,0
94249,2025-07-20 11:43:29,2,2,0
94249,2025-07-20 11:38:29,2,2,0
94249,2025-07-20 11:33:29,2,2,0
94249,2025-07-20 11:28:29,2,2,0
94249,2025-07-20 11:23:29,2,2,0
94249,2025-07-20 11:18:29,2,2,0
94249,2025-07-20 11:13:29,2,2,0
94249,2025-07-20 11:08:29,2,2,0
94249,2025-07-20 11:03:29,2,2,0
94249,2025-07-20 10:58:29,2,2,0
94249,2025-07-20 10:53:29,2,2,0
94249,2025-07-20 10:48:29,2,2,0
94249,2025-07-20 10:43:29,2,2,0
94249,2025-07-20 10:38:29,2,2,0
94249,2025-07-20 10:33:29,2,2,0
94249,2025-07-20 10:28:29,2,2,0
94249,2025-07-20 10:23:29,2,2,0
94249,2025-07-20 10:18:29,2,2,0
94249,2025-07-20 10:13:29,2,2,0
94249,2025-07-20 10:08:29,2,2,0
94249,2025-07-20 10:03:29,2,2,0
94249,2025-07-20 09:58:29,2,2,0
94249,2025-07-20 09:53:30,2,2,0
94249,2025-07-20 09:48:29,2,2,0
94249,2025-07-20 09:43:29,2,2,0
94249,2025-07-20 09:38:29,2,2,0
94249,2025-07-20 09:33:29,2,2,0
94249,2025-07-20 09:28:29,2,2,0
94249,2025-07-20 09:23:29,2,2,0
94249,2025-07-20 09:18:29,2,2,0
94249,2025-07-20 09:13:29,2,2,0
94249,2025-07-20 09:08:29,2,2,0
94249,2025-07-20 09:03:29,1,2,0
94249,2025-07-20 08:58:29,1,2,0
94249,2025-07-20 08:53:29,1,2,0
94249,2025-07-20 08:48:29,1,2,0
94249,2025-07-20 08:43:29,1,2,0
94249,2025-07-20 08:38:29,1,2,0
94249,2025-07-20 08:33:29,1,2,0
94249,2025-07-20 08:28:29,1,2,0
94249,2025-07-20 08:23:29,1,2,0
94249,2025-07-20 08:18:29,1,2,0
94249,2025-07-20 08:13:29,1,2,0
94249,2025-07-20 08:08:29,1,2,0
94249,2025-07-20 08:03:29,1,2,0
94249,2025-07-20 07:58:29,1,2,0
94249,2025-07-20 07:53:29,1,2,0
94249,2025-07-20 07:48:29,1,2,0
94249,2025-07-20 07:43:29,1,2,0
94249,2025-07-20 07:38:29,1,2,0
94249,2025-07-20 07:33:29,1,2,0
94249,2025-07-20 07:28:29,1,2,0
94249,2025-07-20 07:23:29,1,2,0
94249,2025-07-20 07:18:29,1,2,0
94249,2025-07-20 07:13:29,1,2,0
94249,2025-07-20 07:08:29,1,2,0
94249,2025-07-20 07:03:29,0,2,0
94249,2025-07-20 06:58:29,0,2,0
94249,2025-07-20 06:53:29,0,2,0
94249,2025-07-20 06:48:29,0,2,0
94249,2025-07-20 06:43:29,0,2,0
94249,2025-07-20 06:38:29,0,2,0
94249,2025-07-20 06:33:29,0,2,0
94249,2025-07-20 06:28:29,0,2,0
94249,2025-07-20 06:23:29,1,2,0
94249,2025-07-20 06:18:29,1,2,0
94249,2025-07-20 06:13:29,1,2,0
94249,2025-07-20 06:08:29,1,2,0
94249,2025-07-20 06:03:29,1,2,0
94249,2025-07-20 05:58:29,1,2,0
94249,2025-07-20 05:53:29,1,2,0
94249,2025-07-20 05:48:29,1,2,0
94249,2025-07-20 05:43:29,1,2,0
94249,2025-07-20 05:38:29,1,2,0
94249,2025-07-20 05:33:29,1,2,0
94249,2025-07-20 05:28:29,1,2,0
94249,2025-07-20 05:23:29,1,2,0
94249,2025-07-20 05:18:29,1,2,0
94249,2025-07-20 05:13:29,1,2,0
94249,2025-07-20 05:08:29,1,2,0
94249,2025-07-20 05:03:30,1,2,0
94249,2025-07-20 04:58:29,1,2,0
94249,2025-07-20 04:53:29,1,2,0
94249,2025-07-20 04:48:29,1,2,0
94249,2025-07-20 04:43:29,1,2,0
94249,2025-07-20 04:38:30,1,2,0
94249,2025-07-20 04:33:29,1,2,0
94249,2025-07-20 04:28:29,1,2,0
94249,2025-07-20 04:23:29,1,2,0
94249,2025-07-20 04:18:29,1,2,0
94249,2025-07-20 04:13:29,1,2,0
94249,2025-07-20 04:08:29,1,2,0
94249,2025-07-20 04:03:29,1,2,0
94249,2025-07-20 03:58:29,1,2,0
94249,2025-07-20 03:53:29,1,2,0
94249,2025-07-20 03:48:29,1,2,0
94249,2025-07-20 03:43:30,1,2,0
94249,2025-07-20 03:38:29,1,2,0
94249,2025-07-20 03:33:29,1,2,0
94249,2025-07-20 03:28:29,1,2,0
94249,2025-07-20 03:23:29,1,2,0
94249,2025-07-20 03:18:29,1,2,0
94249,2025-07-20 03:13:29,1,2,0
94249,2025-07-20 03:08:29,1,2,0
94249,2025-07-20 03:03:29,1,2,0
94249,2025-07-20 02:58:29,1,2,0
94249,2025-07-20 02:53:29,1,2,0
94249,2025-07-20 02:48:29,1,2,0
94249,2025-07-20 02:43:29,1,2,0
94249,2025-07-20 02:38:29,1,2,0
94249,2025-07-20 02:33:29,1,2,0
94249,2025-07-20 02:28:29,1,2,0
94249,2025-07-20 02:23:29,1,2,0
94249,2025-07-20 02:18:29,1,2,0
94249,2025-07-20 02:13:29,1,2,0
94249,2025-07-20 02:08:29,1,2,0
94249,2025-07-20 02:03:29,1,2,0
94249,2025-07-20 01:58:29,1,2,0
94249,2025-07-20 01:53:29,1,2,0
94249,2025-07-20 01:48:29,1,2,0
94249,2025-07-20 01:43:29,1,2,0
94249,2025-07-20 01:38:29,1,2,0
94249,2025-07-20 01:33:29,1,2,0
94249,2025-07-20 01:28:29,1,2,0
94249,2025-07-20 01:23:29,1,2,0
94249,2025-07-20 01:18:29,1,2,0
94249,2025-07-20 01:13:29,2,2,0
94249,2025-07-20 01:08:29,2,2,0
94249,2025-07-20 01:03:29,2,2,0
94249,2025-07-20 00:58:29,2,2,0
94249,2025-07-20 00:53:29,2,2,0
94249,2025-07-20 00:48:29,2,2,0
94249,2025-07-20 00:43:29,2,2,0
94249,2025-07-20 00:38:29,2,2,0
94249,2025-07-20 00:33:29,2,2,0
94249,2025-07-20 00:28:29,2,2,0
94249,2025-07-20 00:23:29,2,2,0
94249,2025-07-20 00:18:29,2,2,0
94249,2025-07-20 00:13:29,2,2,0
94249,2025-07-20 00:08:29,2,2,0
94249,2025-07-20 00:03:29,2,2,0
94249,2025-07-19 23:58:29,2,2,0
94249,2025-07-19 23:53:29,2,2,0
94249,2025-07-19 23:48:29,2,2,0
94249,2025-07-19 23:43:29,2,2,0
94249,2025-07-19 23:38:29,2,2,0
94249,2025-07-19 23:33:29,2,2,0
94249,2025-07-19 23:28:29,2,2,0
94249,2025-07-19 23:23:29,2,2,0
94249,2025-07-19 23:18:29,2,2,0
94249,2025-07-19 23:13:29,2,2,0
94249,2025-07-19 23:08:29,2,2,0
94249,2025-07-19 23:03:29,2,2,0
94249,2025-07-19 22:58:29,1,2,0
94249,2025-07-19 22:53:29,1,2,0
94249,2025-07-19 22:48:29,1,2,0
94249,2025-07-19 22:43:29,1,2,0
94249,2025-07-19 22:38:29,1,2,0
94249,2025-07-19 22:33:29,1,2,0
94249,2025-07-19 22:28:29,1,2,0
94249,2025-07-19 22:23:29,1,2,0
94249,2025-07-19 22:18:29,1,2,0
94249,2025-07-19 22:13:29,1,2,0
94249,2025-07-19 22:08:29,1,2,0
94249,2025-07-19 22:03:29,1,2,0
94249,2025-07-19 21:58:29,1,2,0
94249,2025-07-19 21:53:29,1,2,0
94249,2025-07-19 21:48:29,1,2,0
94249,2025-07-19 21:43:29,0,2,0
94249,2025-07-19 21:38:29,0,2,0
94249,2025-07-19 21:33:29,0,2,0
94249,2025-07-19 21:28:29,0,2,0
94249,2025-07-19 21:23:29,0,2,0
94249,2025-07-19 21:18:29,0,2,0
94249,2025-07-19 21:13:29,0,2,0
94249,2025-07-19 21:08:29,0,2,0
94249,2025-07-19 21:03:29,0,2,0
94249,2025-07-19 20:58:29,0,2,0
94249,2025-07-19 20:53:30,0,2,0
94249,2025-07-19 20:48:29,0,2,0
94249,2025-07-19 20:43:29,0,2,0
94249,2025-07-19 20:38:29,0,2,0
94249,2025-07-19 20:33:29,0,2,0
94249,2025-07-19 20:28:29,0,2,0
94249,2025-07-19 20:23:29,0,2,0
94249,2025-07-19 20:18:29,0,2,0
94249,2025-07-19 20:13:34,0,2,0
94249,2025-07-19 20:08:29,0,2,0
94249,2025-07-19 20:03:29,0,2,0
94249,2025-07-19 19:58:29,0,2,0
94249,2025-07-19 19:53:29,0,2,0
94249,2025-07-19 19:48:29,0,2,0
94249,2025-07-19 19:43:29,0,2,0
94249,2025-07-19 19:38:29,0,2,0
94249,2025-07-19 19:33:29,0,2,0
94249,2025-07-19 19:28:29,0,2,0
94249,2025-07-19 19:23:29,0,2,0
94249,2025-07-19 19:18:29,1,2,0
94249,2025-07-19 19:13:29,1,2,0
94249,2025-07-19 19:08:29,1,2,0
94249,2025-07-19 19:03:29,1,2,0
94249,2025-07-19 18:58:29,1,2,0
94249,2025-07-19 18:53:29,1,2,0
94249,2025-07-19 18:48:29,1,2,0
94249,2025-07-19 18:43:29,1,2,0
94249,2025-07-19 18:38:29,1,2,0
94249,2025-07-19 18:33:32,1,2,0
94249,2025-07-19 18:28:33,1,2,0
94249,2025-07-19 18:23:29,1,2,0
94249,2025-07-19 18:18:31,1,2,0
94249,2025-07-19 18:13:30,1,2,0
94249,2025-07-19 18:08:29,1,2,0
94249,2025-07-19 18:03:32,1,2,0
94249,2025-07-19 17:58:30,1,2,0
94249,2025-07-19 17:53:31,1,2,0
94249,2025-07-19 17:48:30,1,2,0
94249,2025-07-19 17:43:29,1,2,0
94249,2025-07-19 17:38:29,2,2,0
94249,2025-07-19 17:33:30,2,2,0
94249,2025-07-19 17:28:29,2,2,0
94249,2025-07-19 17:23:29,2,2,0
94249,2025-07-19 17:18:30,2,2,0
94249,2025-07-19 17:13:29,2,2,0
94249,2025-07-19 17:08:29,2,2,0
94249,2025-07-19 17:03:29,2,2,0
94249,2025-07-19 16:58:29,2,2,0
94249,2025-07-19 16:53:29,2,2,0
94249,2025-07-19 16:48:29,2,2,0
94249,2025-07-19 16:43:29,2,2,0
94249,2025-07-19 16:38:29,2,2,0
94249,2025-07-19 16:33:29,2,2,0
94249,2025-07-19 16:28:29,2,2,0
94249,2025-07-19 16:23:29,2,2,0
94249,2025-07-19 16:18:29,2,2,0
94249,2025-07-19 16:13:30,2,2,0
94249,2025-07-19 16:08:29,2,2,0
94249,2025-07-19 16:03:29,2,2,0
94249,2025-07-19 15:58:29,2,2,0
94249,2025-07-19 15:53:29,2,2,0
94249,2025-07-19 15:48:30,2,2,0
94249,2025-07-19 15:43:29,2,2,0
94249,2025-07-19 15:38:29,2,2,0
94249,2025-07-19 15:33:29,2,2,0
94249,2025-07-19 15:28:29,2,2,0
94249,2025-07-19 15:23:29,2,2,0
94249,2025-07-19 15:18:29,2,2,0
94249,2025-07-19 15:13:29,2,2,0
94249,2025-07-19 15:08:29,2,2,0
94249,2025-07-19 15:03:29,2,2,0
94249,2025-07-19 14:58:29,2,2,0
94249,2025-07-19 14:53:29,2,2,0
94249,2025-07-19 14:48:29,2,2,0
94249,2025-07-19 14:43:29,2,2,0
94249,2025-07-19 14:38:29,2,2,0
94249,2025-07-19 14:33:29,2,2,0
94249,2025-07-19 14:28:29,2,2,0
94249,2025-07-19 14:23:29,2,2,0
94249,2025-07-19 14:18:29,2,2,0
94249,2025-07-19 14:13:29,2,2,0
94249,2025-07-19 14:08:29,2,2,0
94249,2025-07-19 14:03:29,2,2,0
94249,2025-07-19 13:58:29,2,2,0
94249,2025-07-19 13:53:29,2,2,0
94249,2025-07-19 13:48:29,2,2,0
94249,2025-07-19 13:43:29,2,2,0
94249,2025-07-19 13:38:29,2,2,0
94249,2025-07-19 13:33:29,2,2,0
94249,2025-07-19 13:28:29,2,2,0
94249,2025-07-19 13:23:29,2,2,0
94249,2025-07-19 13:18:29,2,2,0
94249,2025-07-19 13:13:29,2,2,0
94249,2025-07-19 13:08:29,2,2,0
94249,2025-07-19 13:03:29,2,2,0
94249,2025-07-19 12:58:29,2,2,0
94249,2025-07-19 12:53:29,1,2,0
94249,2025-07-19 12:48:29,1,2,0
94249,2025-07-19 12:43:29,1,2,0
94249,2025-07-19 12:38:29,1,2,0
94249,2025-07-19 12:33:29,1,2,0
94249,2025-07-19 12:28:29,1,2,0
94249,2025-07-19 12:23:29,1,2,0
94249,2025-07-19 12:18:29,1,2,0
94249,2025-07-19 12:13:29,1,2,0
94249,2025-07-19 12:08:29,1,2,0
94249,2025-07-19 12:03:29,1,2,0
94249,2025-07-19 11:58:29,1,2,0
94249,2025-07-19 11:53:29,1,2,0
94249,2025-07-19 11:48:29,1,2,0
94249,2025-07-19 11:43:29,1,2,0
94249,2025-07-19 11:38:29,1,2,0
94249,2025-07-19 11:33:29,1,2,0
94249,2025-07-19 11:28:29,1,2,0
94249,2025-07-19 11:23:29,1,2,0
94249,2025-07-19 11:18:29,1,2,0
94249,2025-07-19 11:13:29,1,2,0
94249,2025-07-19 11:08:29,1,2,0
94249,2025-07-19 11:03:29,1,2,0
94249,2025-07-19 10:58:29,1,2,0
94249,2025-07-19 10:53:29,1,2,0
94249,2025-07-19 10:48:29,1,2,0
94249,2025-07-19 10:43:29,1,2,0
94249,2025-07-19 10:38:29,1,2,0
94249,2025-07-19 10:33:29,1,2,0
94249,2025-07-19 10:28:29,1,2,0
94249,2025-07-19 10:23:29,1,2,0
94249,2025-07-19 10:18:29,1,2,0
94249,2025-07-19 10:13:29,1,2,0
94249,2025-07-19 10:08:29,1,2,0
94249,2025-07-19 10:03:29,1,2,0
94249,2025-07-19 09:58:29,1,2,0
94249,2025-07-19 09:53:29,1,2,0
94249,2025-07-19 09:48:29,1,2,0
94249,2025-07-19 09:43:29,1,2,0
94249,2025-07-19 09:38:29,1,2,0
94249,2025-07-19 09:33:29,1,2,0
94249,2025-07-19 09:28:29,1,2,0
94249,2025-07-19 09:23:29,1,2,0
94249,2025-07-19 09:18:30,1,2,0
94249,2025-07-19 09:13:29,1,2,0
94249,2025-07-19 09:08:29,1,2,0
94249,2025-07-19 09:03:29,1,2,0
94249,2025-07-19 08:58:29,1,2,0
94249,2025-07-19 08:53:29,1,2,0
94249,2025-07-19 08:48:29,1,2,0
94249,2025-07-19 08:43:40,1,2,0
94249,2025-07-19 08:38:29,1,2,0
94249,2025-07-19 08:33:29,1,2,0
94249,2025-07-19 08:28:29,1,2,0
94249,2025-07-19 08:23:29,1,2,0
94249,2025-07-19 08:18:29,1,2,0
94249,2025-07-19 08:13:29,1,2,0
94249,2025-07-19 08:08:29,1,2,0
94249,2025-07-19 08:03:29,1,2,0
94249,2025-07-19 07:58:29,1,2,0
94249,2025-07-19 07:53:29,1,2,0
94249,2025-07-19 07:48:29,1,2,0
94249,2025-07-19 07:43:29,1,2,0
94249,2025-07-19 07:38:29,1,2,0
94249,2025-07-19 07:33:29,1,2,0
94249,2025-07-19 07:28:29,1,2,0
94249,2025-07-19 07:23:29,1,2,0
94249,2025-07-19 07:18:29,1,2,0
94249,2025-07-19 07:13:29,1,2,0
94249,2025-07-19 07:08:29,1,2,0
94249,2025-07-19 07:03:30,1,2,0
94249,2025-07-19 06:58:29,1,2,0
94249,2025-07-19 06:53:29,1,2,0
94249,2025-07-19 06:48:29,1,2,0
94249,2025-07-19 06:43:29,1,2,0
94249,2025-07-19 06:38:29,1,2,0
94249,2025-07-19 06:33:29,1,2,0
94249,2025-07-19 06:28:29,1,2,0
94249,2025-07-19 06:23:29,1,2,0
94249,2025-07-19 06:18:29,1,2,0
94249,2025-07-19 06:13:29,1,2,0
94249,2025-07-19 06:08:29,1,2,0
94249,2025-07-19 06:03:29,1,2,0
94249,2025-07-19 05:58:29,1,2,0
94249,2025-07-19 05:53:29,1,2,0
94249,2025-07-19 05:48:29,1,2,0
94249,2025-07-19 05:43:29,1,2,0
94249,2025-07-19 05:38:29,1,2,0
94249,2025-07-19 05:33:29,1,2,0
94249,2025-07-19 05:28:29,1,2,0
94249,2025-07-19 05:23:29,1,2,0
94249,2025-07-19 05:18:29,2,2,0
94249,2025-07-19 05:13:29,2,2,0
94249,2025-07-19 05:08:29,2,2,0
94249,2025-07-19 05:03:30,2,2,0
94249,2025-07-19 04:58:30,2,2,0
94249,2025-07-19 04:53:29,2,2,0
94249,2025-07-19 04:48:29,2,2,0
94249,2025-07-19 04:43:29,2,2,0
94249,2025-07-19 04:38:29,2,2,0
94249,2025-07-19 04:33:29,2,2,0
94249,2025-07-19 04:28:29,2,2,0
94249,2025-07-19 04:23:29,2,2,0
94249,2025-07-19 04:18:29,2,2,0
94249,2025-07-19 04:17:16,2,2,0
94249,2025-07-19 04:08:29,2,2,0
94249,2025-07-19 04:03:29,2,2,0
94249,2025-07-19 03:58:29,2,2,0
94249,2025-07-19 03:53:29,2,2,0
94249,2025-07-19 03:48:30,2,2,0
94249,2025-07-19 03:43:29,2,2,0
94249,2025-07-19 03:38:29,2,2,0
94249,2025-07-19 03:33:31,2,2,0
94249,2025-07-19 03:28:30,2,2,0
94249,2025-07-19 03:23:30,2,2,0
94249,2025-07-19 03:18:30,2,2,0
94249,2025-07-19 03:13:29,2,2,0
94249,2025-07-19 03:08:29,2,2,0
94249,2025-07-19 03:03:29,2,2,0
94249,2025-07-19 02:58:29,2,2,0
94249,2025-07-19 02:53:29,2,2,0
94249,2025-07-19 02:48:29,2,2,0
94249,2025-07-19 02:43:29,2,2,0
94249,2025-07-19 02:38:29,2,2,0
94249,2025-07-19 02:33:29,2,2,0
94249,2025-07-19 02:28:29,2,2,0
94249,2025-07-19 02:23:29,2,2,0
94249,2025-07-19 02:18:29,2,2,0
94249,2025-07-19 02:13:29,2,2,0
94249,2025-07-19 02:08:29,2,2,0
94249,2025-07-19 02:03:29,2,2,0
94249,2025-07-19 01:58:29,2,2,0
94249,2025-07-19 01:53:29,2,2,0
94249,2025-07-19 01:48:29,2,2,0
94249,2025-07-19 01:43:29,2,2,0
94249,2025-07-19 01:38:29,2,2,0
94249,2025-07-19 01:33:29,2,2,0
94249,2025-07-19 01:28:29,2,2,0
94249,2025-07-19 01:23:29,2,2,0
94249,2025-07-19 01:18:29,2,2,0
94249,2025-07-19 01:13:29,2,2,0
94249,2025-07-19 01:08:29,2,2,0
94249,2025-07-19 01:03:29,2,2,0
94249,2025-07-19 00:58:29,2,2,0
94249,2025-07-19 00:53:29,2,2,0
94249,2025-07-19 00:48:29,2,2,0
94249,2025-07-19 00:43:29,2,2,0
94249,2025-07-19 00:38:29,2,2,0
94249,2025-07-19 00:33:29,2,2,0
94249,2025-07-19 00:28:29,2,2,0
94249,2025-07-19 00:23:30,2,2,0
94249,2025-07-19 00:18:29,2,2,0
94249,2025-07-19 00:13:29,2,2,0
94249,2025-07-19 00:08:29,2,2,0
94249,2025-07-19 00:03:29,2,2,0
94249,2025-07-18 23:58:29,2,2,0
94249,2025-07-18 23:53:29,2,2,0
94249,2025-07-18 23:48:29,2,2,0
94249,2025-07-18 23:43:29,2,2,0
94249,2025-07-18 23:38:29,2,2,0
94249,2025-07-18 23:33:29,2,2,0
94249,2025-07-18 23:28:29,2,2,0
94249,2025-07-18 23:23:29,2,2,0
94249,2025-07-18 23:18:29,2,2,0
94249,2025-07-18 23:13:29,2,2,0
94249,2025-07-18 23:08:29,2,2,0
94249,2025-07-18 23:03:29,2,2,0
94249,2025-07-18 22:58:29,2,2,0
94249,2025-07-18 22:53:29,2,2,0
94249,2025-07-18 22:48:29,2,2,0
94249,2025-07-18 22:43:29,2,2,0
94249,2025-07-18 22:38:29,2,2,0
94249,2025-07-18 22:33:29,2,2,0
94249,2025-07-18 22:28:29,2,2,0
94249,2025-07-18 22:23:29,2,2,0
94249,2025-07-18 22:18:29,2,2,0
94249,2025-07-18 22:13:29,2,2,0
94249,2025-07-18 22:08:29,2,2,0
94249,2025-07-18 22:03:29,2,2,0
94249,2025-07-18 21:58:29,2,2,0
94249,2025-07-18 21:53:29,2,2,0
94249,2025-07-18 21:48:29,2,2,0
94249,2025-07-18 21:43:29,2,2,0
94249,2025-07-18 21:38:29,2,2,0
94249,2025-07-18 21:33:29,1,2,0
94249,2025-07-18 21:28:29,1,2,0
94249,2025-07-18 21:23:29,1,2,0
94249,2025-07-18 21:18:29,1,2,0
94249,2025-07-18 21:13:29,1,2,0
94249,2025-07-18 21:08:29,1,2,0
94249,2025-07-18 21:03:29,1,2,0
94249,2025-07-18 20:58:29,1,2,0
94249,2025-07-18 20:53:29,1,2,0
94249,2025-07-18 20:48:29,2,2,0
94249,2025-07-18 20:43:29,2,2,0
94249,2025-07-18 20:38:29,2,2,0
94249,2025-07-18 20:33:29,1,2,0
94249,2025-07-18 20:28:29,1,2,0
94249,2025-07-18 20:23:29,1,2,0
94249,2025-07-18 20:18:29,1,2,0
94249,2025-07-18 20:13:29,1,2,0
94249,2025-07-18 20:08:29,1,2,0
94249,2025-07-18 20:03:29,1,2,0
94249,2025-07-18 19:58:29,1,2,0
94249,2025-07-18 19:53:29,1,2,0
94249,2025-07-18 19:48:29,1,2,0
94249,2025-07-18 19:43:29,1,2,0
94249,2025-07-18 19:38:29,1,2,0
94249,2025-07-18 19:33:36,1,2,0
94249,2025-07-18 19:28:29,1,2,0
94249,2025-07-18 19:23:29,1,2,0
94249,2025-07-18 19:18:29,2,2,0
94249,2025-07-18 19:13:30,2,2,0
94249,2025-07-18 19:08:29,2,2,0
94249,2025-07-18 19:03:29,2,2,0
94249,2025-07-18 18:58:29,2,2,0
94249,2025-07-18 18:53:29,2,2,0
94249,2025-07-18 18:48:29,2,2,0
94249,2025-07-18 18:43:29,2,2,0
94249,2025-07-18 18:38:29,2,2,0
94249,2025-07-18 18:33:29,2,2,0
94249,2025-07-18 18:28:29,2,2,0
94249,2025-07-18 18:23:29,2,2,0
94249,2025-07-18 18:18:29,2,2,0
94249,2025-07-18 18:13:29,2,2,0
94249,2025-07-18 18:08:29,2,2,0
94249,2025-07-18 18:03:29,2,2,0
94249,2025-07-18 17:58:29,2,2,0
94249,2025-07-18 17:53:30,2,2,0
94249,2025-07-18 17:48:29,1,2,0
94249,2025-07-18 17:43:29,1,2,0
94249,2025-07-18 17:38:29,1,2,0
94249,2025-07-18 17:33:29,1,2,0
94249,2025-07-18 17:28:29,1,2,0
94249,2025-07-18 17:23:30,1,2,0
94249,2025-07-18 17:18:29,1,2,0
94249,2025-07-18 17:13:29,1,2,0
94249,2025-07-18 17:08:29,1,2,0
94249,2025-07-18 17:03:31,1,2,0
94249,2025-07-18 17:00:08,1,2,0
94249,2025-07-18 16:53:29,1,2,0
94249,2025-07-18 16:48:29,1,2,0
94249,2025-07-18 16:43:29,1,2,0
94249,2025-07-18 16:38:29,1,2,0
94249,2025-07-18 16:33:29,1,2,0
94249,2025-07-18 16:28:29,1,2,0
94249,2025-07-18 16:23:29,1,2,0
94249,2025-07-18 16:18:29,1,2,0
94249,2025-07-18 16:13:29,1,2,0
94249,2025-07-18 16:08:29,1,2,0
94249,2025-07-18 16:03:29,1,2,0
94249,2025-07-18 15:58:29,1,2,0
94249,2025-07-18 15:53:29,1,2,0
94249,2025-07-18 15:48:29,1,2,0
94249,2025-07-18 15:43:30,1,2,0
94249,2025-07-18 15:38:29,1,2,0
94249,2025-07-18 15:33:29,1,2,0
94249,2025-07-18 15:28:29,2,2,0
94249,2025-07-18 15:23:29,2,2,0
94249,2025-07-18 15:18:29,2,2,0
94249,2025-07-18 15:13:29,2,2,0
94249,2025-07-18 15:08:29,2,2,0
94249,2025-07-18 15:03:29,2,2,0
94249,2025-07-18 14:58:29,2,2,0
94249,2025-07-18 14:53:29,2,2,0
94249,2025-07-18 14:48:29,2,2,0
94249,2025-07-18 14:43:29,2,2,0
94249,2025-07-18 14:38:29,2,2,0
94249,2025-07-18 14:33:29,2,2,0
94249,2025-07-18 14:28:29,2,2,0
94249,2025-07-18 14:23:30,2,2,0
94249,2025-07-18 14:18:29,2,2,0
94249,2025-07-18 14:13:29,2,2,0
94249,2025-07-18 14:08:29,2,2,0
94249,2025-07-18 14:03:29,2,2,0
94249,2025-07-18 13:58:29,2,2,0
94249,2025-07-18 13:53:29,2,2,0
94249,2025-07-18 13:48:29,2,2,0
94249,2025-07-18 13:43:29,2,2,0
94249,2025-07-18 13:38:29,1,2,0
94249,2025-07-18 13:33:29,1,2,0
94249,2025-07-18 13:28:29,1,2,0
94249,2025-07-18 13:23:29,1,2,0
94249,2025-07-18 13:18:29,1,2,0
94249,2025-07-18 13:13:29,1,2,0
94249,2025-07-18 13:08:29,1,2,0
94249,2025-07-18 13:03:29,1,2,0
94249,2025-07-18 12:58:29,1,2,0
94249,2025-07-18 12:53:29,1,2,0
94249,2025-07-18 12:48:29,1,2,0
94249,2025-07-18 12:43:29,1,2,0
94249,2025-07-18 12:38:29,1,2,0
94249,2025-07-18 12:33:29,1,2,0
94249,2025-07-18 12:28:29,1,2,0
94249,2025-07-18 12:23:29,1,2,0
94249,2025-07-18 12:18:29,1,2,0
94249,2025-07-18 12:13:29,1,2,0
94249,2025-07-18 12:08:29,1,2,0
94249,2025-07-18 12:03:29,1,2,0
94249,2025-07-18 11:58:29,1,2,0
94249,2025-07-18 11:53:29,1,2,0
94249,2025-07-18 11:48:29,1,2,0
94249,2025-07-18 11:43:29,1,2,0
94249,2025-07-18 11:38:29,1,2,0
94249,2025-07-18 11:33:29,2,2,0
94249,2025-07-18 11:28:29,2,2,0
94249,2025-07-18 11:23:29,2,2,0
94249,2025-07-18 11:18:29,2,2,0
94249,2025-07-18 11:13:29,2,2,0
94249,2025-07-18 11:08:29,2,2,0
94249,2025-07-18 11:03:29,2,2,0
94249,2025-07-18 10:58:29,2,2,0
94249,2025-07-18 10:53:29,2,2,0
94249,2025-07-18 10:48:29,0,2,0
94249,2025-07-18 10:43:29,0,2,0
94249,2025-07-18 10:38:30,0,2,0
94249,2025-07-18 10:33:29,0,2,0
94249,2025-07-18 10:28:29,0,2,0
94249,2025-07-18 10:23:29,0,2,0
94249,2025-07-18 10:18:29,0,2,0
94249,2025-07-18 10:13:29,1,2,0
94249,2025-07-18 10:08:29,1,2,0
94249,2025-07-18 10:03:29,1,2,0
94249,2025-07-18 09:58:29,1,2,0
94249,2025-07-18 09:53:29,1,2,0
94249,2025-07-18 09:48:29,1,2,0
94249,2025-07-18 09:43:29,1,2,0
94249,2025-07-18 09:38:29,1,2,0
94249,2025-07-18 09:33:29,1,2,0
94249,2025-07-18 09:28:29,1,2,0
94249,2025-07-18 09:23:29,1,2,0
94249,2025-07-18 09:18:29,1,2,0
94249,2025-07-18 09:13:29,1,2,0
94249,2025-07-18 09:08:29,1,2,0
94249,2025-07-18 09:03:29,1,2,0
94249,2025-07-18 08:58:29,1,2,0
94249,2025-07-18 08:53:29,1,2,0
94249,2025-07-18 08:48:29,1,2,0
94249,2025-07-18 08:43:29,1,2,0
94249,2025-07-18 08:38:29,1,2,0
94249,2025-07-18 08:33:30,1,2,0
94249,2025-07-18 08:28:29,1,2,0
94249,2025-07-18 08:23:29,1,2,0
94249,2025-07-18 08:18:29,1,2,0
94249,2025-07-18 08:13:29,1,2,0
94249,2025-07-18 08:08:29,1,2,0
94249,2025-07-18 08:03:29,1,2,0
94249,2025-07-18 07:58:29,1,2,0
94249,2025-07-18 07:53:29,1,2,0
94249,2025-07-18 07:48:29,1,2,0
94249,2025-07-18 07:43:29,1,2,0
94249,2025-07-18 07:38:29,1,2,0
94249,2025-07-18 07:33:29,1,2,0
94249,2025-07-18 07:28:29,1,2,0
94249,2025-07-18 07:23:29,1,2,0
94249,2025-07-18 07:18:29,1,2,0
94249,2025-07-18 07:13:29,1,2,0
94249,2025-07-18 07:08:29,1,2,0
94249,2025-07-18 07:03:29,1,2,0
94249,2025-07-18 06:58:29,1,2,0
94249,2025-07-18 06:53:29,1,2,0
94249,2025-07-18 06:48:29,1,2,0
94249,2025-07-18 06:43:29,1,2,0
94249,2025-07-18 06:38:29,1,2,0
94249,2025-07-18 06:33:29,1,2,0
94249,2025-07-18 06:28:29,1,2,0
94249,2025-07-18 06:23:29,1,2,0
94249,2025-07-18 06:18:29,1,2,0
94249,2025-07-18 06:13:29,1,2,0
94249,2025-07-18 06:08:29,1,2,0
94249,2025-07-18 06:03:29,1,2,0
94249,2025-07-18 05:58:29,1,2,0
94249,2025-07-18 05:53:29,1,2,0
94249,2025-07-18 05:48:29,1,2,0
94249,2025-07-18 05:43:29,1,2,0
94249,2025-07-18 05:38:29,1,2,0
94249,2025-07-18 05:33:29,1,2,0
94249,2025-07-18 05:28:29,1,2,0
94249,2025-07-18 05:23:29,1,2,0
94249,2025-07-18 05:18:29,1,2,0
94249,2025-07-18 05:13:29,1,2,0
94249,2025-07-18 05:08:29,1,2,0
94249,2025-07-18 05:03:29,1,2,0
94249,2025-07-18 04:58:29,1,2,0
94249,2025-07-18 04:53:29,1,2,0
94249,2025-07-18 04:48:29,1,2,0
94249,2025-07-18 04:43:29,1,2,0
94249,2025-07-18 04:38:30,1,2,0
94249,2025-07-18 04:33:29,1,2,0
94249,2025-07-18 04:28:29,1,2,0
94249,2025-07-18 04:23:29,1,2,0
94249,2025-07-18 04:18:29,1,2,0
94249,2025-07-18 04:13:29,1,2,0
94249,2025-07-18 04:08:29,1,2,0
94249,2025-07-18 04:03:29,1,2,0
94249,2025-07-18 03:58:29,1,2,0
94249,2025-07-18 03:53:29,1,2,0
94249,2025-07-18 03:48:29,1,2,0
94249,2025-07-18 03:43:29,1,2,0
94249,2025-07-18 03:38:29,1,2,0
94249,2025-07-18 03:33:29,1,2,0
94249,2025-07-18 03:28:29,1,2,0
94249,2025-07-18 03:23:29,1,2,0
94249,2025-07-18 03:18:29,1,2,0
94249,2025-07-18 03:13:29,1,2,0
94249,2025-07-18 03:08:29,1,2,0
94249,2025-07-18 03:03:29,1,2,0
94249,2025-07-18 02:58:29,1,2,0
94249,2025-07-18 02:53:29,1,2,0
94249,2025-07-18 02:48:29,1,2,0
94249,2025-07-18 02:43:29,1,2,0
94249,2025-07-18 02:38:29,0,2,0
94249,2025-07-18 02:33:29,0,2,0
94249,2025-07-18 02:28:29,0,2,0
94249,2025-07-18 02:23:29,0,2,0
94249,2025-07-18 02:18:29,0,2,0
94249,2025-07-18 02:13:29,0,2,0
94249,2025-07-18 02:08:29,0,2,0
94249,2025-07-18 02:03:29,0,2,0
94249,2025-07-18 01:58:29,0,2,0
94249,2025-07-18 01:53:29,0,2,0
94249,2025-07-18 01:48:29,0,2,0
94249,2025-07-18 01:43:29,0,2,0
94249,2025-07-18 01:38:29,0,2,0
94249,2025-07-18 01:33:29,0,2,0
94249,2025-07-18 01:28:29,0,2,0
94249,2025-07-18 01:23:29,0,2,0
94249,2025-07-18 01:18:29,0,2,0
94249,2025-07-18 01:13:29,0,2,0
94249,2025-07-18 01:08:29,0,2,0
94249,2025-07-18 01:03:29,1,2,0
94249,2025-07-18 00:58:29,1,2,0
94249,2025-07-18 00:53:29,1,2,0
94249,2025-07-18 00:48:29,1,2,0
94249,2025-07-18 00:43:29,1,2,0
94249,2025-07-18 00:38:29,1,2,0
94249,2025-07-18 00:33:29,1,2,0
94249,2025-07-18 00:28:29,1,2,0
94249,2025-07-18 00:23:29,0,2,0
94249,2025-07-18 00:18:29,0,2,0
94249,2025-07-18 00:13:29,0,2,0
94249,2025-07-18 00:08:29,0,2,0
94249,2025-07-18 00:03:29,0,2,0
94249,2025-07-17 23:58:29,0,2,0
94249,2025-07-17 23:53:30,0,2,0
94249,2025-07-17 23:48:29,0,2,0
94249,2025-07-17 23:43:30,0,2,0
94249,2025-07-17 23:38:29,0,2,0
94249,2025-07-17 23:33:29,0,2,0
94249,2025-07-17 23:28:30,0,2,0
94249,2025-07-17 23:23:29,0,2,0
94249,2025-07-17 23:18:29,0,2,0
94249,2025-07-17 23:13:29,0,2,0
94249,2025-07-17 23:08:29,0,2,0
94249,2025-07-17 23:03:29,0,2,0
94249,2025-07-17 22:58:29,0,2,0
94249,2025-07-17 22:53:29,0,2,0
94249,2025-07-17 22:48:29,0,2,0
94249,2025-07-17 22:43:29,0,2,0
94249,2025-07-17 22:38:29,0,2,0
94249,2025-07-17 22:33:29,1,2,0
94249,2025-07-17 22:28:29,1,2,0
94249,2025-07-17 22:23:29,1,2,0
94249,2025-07-17 22:18:30,1,2,0
94249,2025-07-17 22:13:29,1,2,0
94249,2025-07-17 22:08:29,1,2,0
94249,2025-07-17 22:03:29,1,2,0
94249,2025-07-17 21:58:29,1,2,0
94249,2025-07-17 21:53:29,1,2,0
94249,2025-07-17 21:48:29,1,2,0
94249,2025-07-17 21:43:29,2,2,0
94249,2025-07-17 21:38:29,2,2,0
94249,2025-07-17 21:33:29,2,2,0
94249,2025-07-17 21:28:29,2,2,0
94249,2025-07-17 21:23:29,2,2,0
94249,2025-07-17 21:18:29,2,2,0
94249,2025-07-17 21:13:30,2,2,0
94249,2025-07-17 21:08:29,2,2,0
94249,2025-07-17 21:03:29,2,2,0
94249,2025-07-17 20:58:29,2,2,0
94249,2025-07-17 20:53:29,2,2,0
94249,2025-07-17 20:48:29,2,2,0
94249,2025-07-17 20:43:29,2,2,0
94249,2025-07-17 20:38:29,2,2,0
94249,2025-07-17 20:33:29,2,2,0
94249,2025-07-17 20:28:29,2,2,0
94249,2025-07-17 20:23:33,2,2,0
94249,2025-07-17 20:18:31,1,2,0
94249,2025-07-17 20:13:31,1,2,0
94249,2025-07-17 20:08:31,1,2,0
94249,2025-07-17 20:03:29,1,2,0
94249,2025-07-17 19:58:29,1,2,0
94249,2025-07-17 19:53:31,1,2,0
94249,2025-07-17 19:48:30,1,2,0
94249,2025-07-17 19:43:31,1,2,0
94249,2025-07-17 19:38:29,1,2,0
94249,2025-07-17 19:33:30,1,2,0
94249,2025-07-17 19:28:29,1,2,0
94249,2025-07-17 19:23:29,1,2,0
94249,2025-07-17 19:18:30,1,2,0
94249,2025-07-17 19:13:30,2,2,0
94249,2025-07-17 19:08:29,2,2,0
94249,2025-07-17 19:03:29,2,2,0
94249,2025-07-17 18:58:29,2,2,0
94249,2025-07-17 18:53:29,2,2,0
94249,2025-07-17 18:48:30,2,2,0
94249,2025-07-17 18:43:29,2,2,0
94249,2025-07-17 18:38:29,2,2,0
94249,2025-07-17 18:33:29,2,2,0
94249,2025-07-17 18:28:29,2,2,0
94249,2025-07-17 18:23:29,2,2,0
94249,2025-07-17 18:18:29,2,2,0
94249,2025-07-17 18:13:29,2,2,0
94249,2025-07-17 18:08:29,2,2,0
94249,2025-07-17 18:03:29,2,2,0
94249,2025-07-17 17:58:29,2,2,0
94249,2025-07-17 17:53:29,2,2,0
94249,2025-07-17 17:48:29,2,2,0
94249,2025-07-17 17:43:29,2,2,0
94249,2025-07-17 17:38:29,2,2,0
94249,2025-07-17 17:33:29,2,2,0
94249,2025-07-17 17:28:29,2,2,0
94249,2025-07-17 17:23:29,2,2,0
94249,2025-07-17 17:18:29,2,2,0
94249,2025-07-17 17:13:29,2,2,0
94249,2025-07-17 17:08:29,2,2,0
94249,2025-07-17 17:03:29,2,2,0
94249,2025-07-17 16:58:29,2,2,0
94249,2025-07-17 16:53:29,2,2,0
94249,2025-07-17 16:48:29,2,2,0
94249,2025-07-17 16:43:29,2,2,0
94249,2025-07-17 16:38:30,2,2,0
94249,2025-07-17 16:33:29,2,2,0
94249,2025-07-17 16:28:37,2,2,0
94249,2025-07-17 16:23:29,2,2,0
94249,2025-07-17 16:18:29,2,2,0
94249,2025-07-17 16:13:29,2,2,0
94249,2025-07-17 16:08:29,1,2,0
94249,2025-07-17 16:03:29,2,2,0
94249,2025-07-17 15:58:29,2,2,0
94249,2025-07-17 15:53:29,2,2,0
94249,2025-07-17 15:48:30,2,2,0
94249,2025-07-17 15:43:29,2,2,0
94249,2025-07-17 15:38:29,2,2,0
94249,2025-07-17 15:33:29,2,2,0
94249,2025-07-17 15:28:29,2,2,0
94249,2025-07-17 15:23:29,2,2,0
94249,2025-07-17 15:18:29,2,2,0
94249,2025-07-17 15:13:29,2,2,0
94249,2025-07-17 15:08:29,2,2,0
94249,2025-07-17 15:03:29,2,2,0
94249,2025-07-17 14:58:29,2,2,0
94249,2025-07-17 14:53:29,2,2,0
94249,2025-07-17 14:48:29,2,2,0
94249,2025-07-17 14:43:30,2,2,0
94249,2025-07-17 14:38:29,2,2,0
94249,2025-07-17 14:33:29,2,2,0
94249,2025-07-17 14:28:29,2,2,0
94249,2025-07-17 14:23:29,2,2,0
94249,2025-07-17 14:18:29,2,2,0
94249,2025-07-17 14:13:29,2,2,0
94249,2025-07-17 14:08:29,2,2,0
94249,2025-07-17 14:03:29,2,2,0
94249,2025-07-17 13:58:29,2,2,0
94249,2025-07-17 13:53:29,2,2,0
94249,2025-07-17 13:48:29,2,2,0
94249,2025-07-17 13:43:29,2,2,0
94249,2025-07-17 13:38:29,2,2,0
94249,2025-07-17 13:33:29,2,2,0
94249,2025-07-17 13:28:29,2,2,0
94249,2025-07-17 13:23:29,2,2,0
94249,2025-07-17 13:18:29,2,2,0
94249,2025-07-17 13:13:29,2,2,0
94249,2025-07-17 13:08:29,2,2,0
94249,2025-07-17 13:03:29,2,2,0
94249,2025-07-17 12:58:29,2,2,0
94249,2025-07-17 12:53:29,2,2,0
94249,2025-07-17 12:48:29,2,2,0
94249,2025-07-17 12:43:29,2,2,0
94249,2025-07-17 12:38:29,2,2,0
94249,2025-07-17 12:33:29,2,2,0
94249,2025-07-17 12:28:29,2,2,0
94249,2025-07-17 12:23:29,2,2,0
94249,2025-07-17 12:18:29,2,2,0
94249,2025-07-17 12:13:29,2,2,0
94249,2025-07-17 12:08:29,2,2,0
94249,2025-07-17 12:03:29,2,2,0
94249,2025-07-17 11:58:29,2,2,0
94249,2025-07-17 11:53:29,2,2,0
94249,2025-07-17 11:48:29,2,2,0
94249,2025-07-17 11:43:29,2,2,0
94249,2025-07-17 11:38:29,2,2,0
94249,2025-07-17 11:33:29,2,2,0
94249,2025-07-17 11:28:29,2,2,0
94249,2025-07-17 11:23:29,2,2,0
94249,2025-07-17 11:18:29,2,2,0
94249,2025-07-17 11:13:29,2,2,0
94249,2025-07-17 11:08:29,2,2,0
94249,2025-07-17 11:03:29,2,2,0
94249,2025-07-17 10:58:29,2,2,0
94249,2025-07-17 10:53:29,2,2,0
94249,2025-07-17 10:48:29,2,2,0
94249,2025-07-17 10:43:29,2,2,0
94249,2025-07-17 10:38:29,2,2,0
94249,2025-07-17 10:33:29,2,2,0
94249,2025-07-17 10:28:29,2,2,0
94249,2025-07-17 10:23:29,2,2,0
94249,2025-07-17 10:18:29,2,2,0
94249,2025-07-17 10:13:29,2,2,0
94249,2025-07-17 10:08:29,2,2,0
94249,2025-07-17 10:03:29,2,2,0
94249,2025-07-17 09:58:29,2,2,0
94249,2025-07-17 09:53:29,2,2,0
94249,2025-07-17 09:48:29,2,2,0
94249,2025-07-17 09:43:29,2,2,0
94249,2025-07-17 09:38:29,2,2,0
94249,2025-07-17 09:33:30,2,2,0
94249,2025-07-17 09:28:29,2,2,0
94249,2025-07-17 09:23:29,2,2,0
94249,2025-07-17 09:18:29,2,2,0
94249,2025-07-17 09:13:29,2,2,0
94249,2025-07-17 09:08:29,2,2,0
94249,2025-07-17 09:03:29,2,2,0
94249,2025-07-17 08:58:29,2,2,0
94249,2025-07-17 08:53:29,2,2,0
94249,2025-07-17 08:48:30,2,2,0
94249,2025-07-17 08:43:29,2,2,0
94249,2025-07-17 08:38:30,2,2,0
94249,2025-07-17 08:33:29,2,2,0
94249,2025-07-17 08:28:30,2,2,0
94249,2025-07-17 08:23:29,2,2,0
94249,2025-07-17 08:18:29,2,2,0
94249,2025-07-17 08:13:30,2,2,0
94249,2025-07-17 08:08:29,2,2,0
94249,2025-07-17 08:03:29,2,2,0
94249,2025-07-17 07:58:30,2,2,0
94249,2025-07-17 07:53:29,2,2,0
94249,2025-07-17 07:48:30,2,2,0
94249,2025-07-17 07:43:30,2,2,0
94249,2025-07-17 07:38:30,2,2,0
94249,2025-07-17 07:33:30,2,2,0
94249,2025-07-17 07:28:29,2,2,0
94249,2025-07-17 07:23:30,2,2,0
94249,2025-07-17 07:18:29,2,2,0
94249,2025-07-17 07:13:29,2,2,0
94249,2025-07-17 07:08:29,2,2,0
94249,2025-07-17 07:03:30,2,2,0
94249,2025-07-17 06:58:30,2,2,0
94249,2025-07-17 06:53:29,2,2,0
94249,2025-07-17 06:48:30,2,2,0
94249,2025-07-17 06:43:30,2,2,0
94249,2025-07-17 06:38:30,2,2,0
94249,2025-07-17 06:33:29,2,2,0
94249,2025-07-17 06:28:29,2,2,0
94249,2025-07-17 06:23:29,2,2,0
94249,2025-07-17 06:18:30,2,2,0
94249,2025-07-17 06:13:30,2,2,0
94249,2025-07-17 06:08:30,2,2,0
94249,2025-07-17 06:03:30,2,2,0
94249,2025-07-17 05:58:29,2,2,0
94249,2025-07-17 05:53:29,2,2,0
94249,2025-07-17 05:48:29,2,2,0
94249,2025-07-17 05:43:29,2,2,0
94249,2025-07-17 05:38:29,2,2,0
94249,2025-07-17 05:33:29,2,2,0
94249,2025-07-17 05:28:29,2,2,0
94249,2025-07-17 05:23:29,2,2,0
94249,2025-07-17 05:18:29,2,2,0
94249,2025-07-17 05:13:29,2,2,0
94249,2025-07-17 05:08:29,2,2,0
94249,2025-07-17 05:03:29,2,2,0
94249,2025-07-17 04:58:29,2,2,0
94249,2025-07-17 04:53:29,2,2,0
94249,2025-07-17 04:48:29,2,2,0
94249,2025-07-17 04:43:29,2,2,0
94249,2025-07-17 04:38:29,2,2,0
94249,2025-07-17 04:33:29,2,2,0
94249,2025-07-17 04:28:29,2,2,0
94249,2025-07-17 04:23:29,2,2,0
94249,2025-07-17 04:18:29,2,2,0
94249,2025-07-17 04:13:29,2,2,0
94249,2025-07-17 04:08:29,2,2,0
94249,2025-07-17 04:03:30,1,2,0
94249,2025-07-17 03:58:31,1,2,0
94249,2025-07-17 03:53:29,1,2,0
94249,2025-07-17 03:48:29,1,2,0
94249,2025-07-17 03:43:29,1,2,0
94249,2025-07-17 03:38:29,1,2,0
94249,2025-07-17 03:33:29,1,2,0
94249,2025-07-17 03:28:30,1,2,0
94249,2025-07-17 03:23:29,1,2,0
94249,2025-07-17 03:18:29,1,2,0
94249,2025-07-17 03:13:29,1,2,0
94249,2025-07-17 03:08:29,1,2,0
94249,2025-07-17 03:03:29,1,2,0
94249,2025-07-17 02:58:29,1,2,0
94249,2025-07-17 02:53:29,1,2,0
94249,2025-07-17 02:48:38,1,2,0
94249,2025-07-17 02:43:29,1,2,0
94249,2025-07-17 02:38:29,1,2,0
94249,2025-07-17 02:33:29,1,2,0
94249,2025-07-17 02:28:29,1,2,0
94249,2025-07-17 02:23:29,1,2,0
94249,2025-07-17 02:18:29,1,2,0
94249,2025-07-17 02:13:29,1,2,0
94249,2025-07-17 02:08:29,1,2,0
94249,2025-07-17 02:03:29,1,2,0
94249,2025-07-17 01:58:30,1,2,0
94249,2025-07-17 01:53:29,1,2,0
94249,2025-07-17 01:48:29,1,2,0
94249,2025-07-17 01:43:29,1,2,0
94249,2025-07-17 01:38:29,1,2,0
94249,2025-07-17 01:33:30,1,2,0
94249,2025-07-17 01:28:29,1,2,0
94249,2025-07-17 01:23:29,1,2,0
94249,2025-07-17 01:18:29,1,2,0
94249,2025-07-17 01:13:29,1,2,0
94249,2025-07-17 01:08:29,1,2,0
94249,2025-07-17 01:03:29,1,2,0
94249,2025-07-17 00:58:29,1,2,0
94249,2025-07-17 00:53:29,1,2,0
94249,2025-07-17 00:48:29,1,2,0
94249,2025-07-17 00:43:29,1,2,0
94249,2025-07-17 00:38:29,1,2,0
94249,2025-07-17 00:33:29,1,2,0
94249,2025-07-17 00:28:44,1,2,0
94249,2025-07-17 00:23:29,1,2,0
94249,2025-07-17 00:18:29,1,2,0
94249,2025-07-17 00:13:29,1,2,0
94249,2025-07-17 00:08:29,1,2,0
94249,2025-07-17 00:03:29,1,2,0
94249,2025-07-16 23:58:29,1,2,0
94249,2025-07-16 23:53:29,1,2,0
94249,2025-07-16 23:48:29,0,2,0
94249,2025-07-16 23:43:29,0,2,0
94249,2025-07-16 23:38:29,0,2,0
94249,2025-07-16 23:33:29,0,2,0
94249,2025-07-16 23:28:29,0,2,0
94249,2025-07-16 23:23:29,0,2,0
94249,2025-07-16 23:18:29,0,2,0
94249,2025-07-16 23:13:29,0,2,0
94249,2025-07-16 23:08:29,0,2,0
94249,2025-07-16 23:03:30,0,2,0
94249,2025-07-16 22:58:29,1,2,0
94249,2025-07-16 22:53:29,1,2,0
94249,2025-07-16 22:48:29,1,2,0
94249,2025-07-16 22:43:29,0,2,0
94249,2025-07-16 22:38:29,0,2,0
94249,2025-07-16 22:33:29,1,2,0
94249,2025-07-16 22:28:29,1,2,0
94249,2025-07-16 22:23:29,1,2,0
94249,2025-07-16 22:18:29,1,2,0
94249,2025-07-16 22:13:29,1,2,0
94249,2025-07-16 22:08:29,1,2,0
94249,2025-07-16 22:03:29,1,2,0
94249,2025-07-16 21:58:29,1,2,0
94249,2025-07-16 21:53:29,1,2,0
94249,2025-07-16 21:48:29,1,2,0
94249,2025-07-16 21:43:29,1,2,0
94249,2025-07-16 21:38:29,1,2,0
94249,2025-07-16 21:33:29,1,2,0
94249,2025-07-16 21:28:29,1,2,0
94249,2025-07-16 21:23:29,1,2,0
94249,2025-07-16 21:18:29,1,2,0
94249,2025-07-16 21:13:29,1,2,0
94249,2025-07-16 21:08:29,1,2,0
94249,2025-07-16 21:03:29,1,2,0
94249,2025-07-16 20:58:29,1,2,0
94249,2025-07-16 20:53:30,1,2,0
94249,2025-07-16 20:48:29,1,2,0
94249,2025-07-16 20:43:29,1,2,0
94249,2025-07-16 20:38:30,1,2,0
94249,2025-07-16 20:33:29,1,2,0
94249,2025-07-16 20:28:29,1,2,0
94249,2025-07-16 20:23:29,1,2,0
94249,2025-07-16 20:18:29,1,2,0
94249,2025-07-16 20:13:29,1,2,0
94249,2025-07-16 20:08:29,1,2,0
94249,2025-07-16 20:03:29,1,2,0
94249,2025-07-16 19:58:29,1,2,0
94249,2025-07-16 19:53:29,1,2,0
94249,2025-07-16 19:48:29,1,2,0
94249,2025-07-16 19:43:30,1,2,0
94249,2025-07-16 19:38:29,1,2,0
94249,2025-07-16 19:33:29,1,2,0
94249,2025-07-16 19:28:29,1,2,0
94249,2025-07-16 19:23:29,1,2,0
94249,2025-07-16 19:18:29,1,2,0
94249,2025-07-16 19:13:29,1,2,0
94249,2025-07-16 19:08:29,1,2,0
94249,2025-07-16 19:03:29,1,2,0
94249,2025-07-16 18:58:29,1,2,0
94249,2025-07-16 18:53:29,1,2,0
94249,2025-07-16 18:48:29,1,2,0
94249,2025-07-16 18:43:29,1,2,0
94249,2025-07-16 18:38:29,1,2,0
94249,2025-07-16 18:33:29,1,2,0
94249,2025-07-16 18:28:29,1,2,0
94249,2025-07-16 18:23:29,1,2,0
94249,2025-07-16 18:18:29,1,2,0
94249,2025-07-16 18:13:29,1,2,0
94249,2025-07-16 18:08:29,1,2,0
94249,2025-07-16 18:03:29,1,2,0
94249,2025-07-16 17:58:29,1,2,0
94249,2025-07-16 17:53:29,1,2,0
94249,2025-07-16 17:48:29,1,2,0
94249,2025-07-16 17:43:29,1,2,0
94249,2025-07-16 17:38:29,1,2,0
94249,2025-07-16 17:33:29,1,2,0
94249,2025-07-16 17:28:29,1,2,0
94249,2025-07-16 17:23:29,1,2,0
94249,2025-07-16 17:18:29,1,2,0
94249,2025-07-16 17:13:29,0,2,0
94249,2025-07-16 17:08:29,0,2,0
94249,2025-07-16 17:03:29,0,2,0
94249,2025-07-16 16:58:30,0,2,0
94249,2025-07-16 16:53:29,0,2,0
94249,2025-07-16 16:48:29,0,2,0
94249,2025-07-16 16:43:29,0,2,0
94249,2025-07-16 16:38:29,0,2,0
94249,2025-07-16 16:33:29,0,2,0
94249,2025-07-16 16:28:29,0,2,0
94249,2025-07-16 16:23:29,0,2,0
94249,2025-07-16 16:18:29,0,2,0
94249,2025-07-16 16:13:29,0,2,0
94249,2025-07-16 16:08:30,0,2,0
94249,2025-07-16 16:03:29,0,2,0
94249,2025-07-16 15:58:29,0,2,0
94249,2025-07-16 15:53:29,0,2,0
94249,2025-07-16 15:48:29,0,2,0
94249,2025-07-16 15:43:29,0,2,0
94249,2025-07-16 15:38:29,0,2,0
94249,2025-07-16 15:33:29,0,2,0
94249,2025-07-16 15:28:29,0,2,0
94249,2025-07-16 15:23:29,0,2,0
94249,2025-07-16 15:18:29,0,2,0
94249,2025-07-16 15:13:29,0,2,0
94249,2025-07-16 15:08:29,0,2,0
94249,2025-07-16 15:03:29,0,2,0
94249,2025-07-16 14:58:29,0,2,0
94249,2025-07-16 14:53:29,0,2,0
94249,2025-07-16 14:48:29,0,2,0
94249,2025-07-16 14:43:31,0,2,0
94249,2025-07-16 14:38:29,0,2,0
94249,2025-07-16 14:33:29,0,2,0
94249,2025-07-16 14:28:29,0,2,0
94249,2025-07-16 14:23:29,0,2,0
94249,2025-07-16 14:18:29,0,2,0
94249,2025-07-16 14:13:29,0,2,0
94249,2025-07-16 14:08:29,0,2,0
94249,2025-07-16 14:03:29,0,2,0
94249,2025-07-16 13:58:30,0,2,0
94249,2025-07-16 13:53:29,0,2,0
94249,2025-07-16 13:48:29,0,2,0
94249,2025-07-16 13:43:29,0,2,0
94249,2025-07-16 13:38:29,0,2,0
94249,2025-07-16 13:33:29,0,2,0
94249,2025-07-16 13:28:29,0,2,0
94249,2025-07-16 13:23:29,0,2,0
94249,2025-07-16 13:18:29,0,2,0
94249,2025-07-16 13:13:29,0,2,0
94249,2025-07-16 13:08:29,0,2,0
94249,2025-07-16 13:03:29,0,2,0
94249,2025-07-16 12:58:29,0,2,0
94249,2025-07-16 12:53:29,0,2,0
94249,2025-07-16 12:48:29,0,2,0
94249,2025-07-16 12:43:29,0,2,0
94249,2025-07-16 12:38:29,0,2,0
94249,2025-07-16 12:33:29,0,2,0
94249,2025-07-16 12:28:29,0,2,0
94249,2025-07-16 12:23:29,0,2,0
94249,2025-07-16 12:18:29,0,2,0
94249,2025-07-16 12:13:29,0,2,0
94249,2025-07-16 12:08:29,0,2,0
94249,2025-07-16 12:03:29,0,2,0
94249,2025-07-16 11:58:29,0,2,0
94249,2025-07-16 11:53:29,0,2,0
94249,2025-07-16 11:48:29,0,2,0
94249,2025-07-16 11:43:29,0,2,0
94249,2025-07-16 11:38:29,0,2,0
94249,2025-07-16 11:33:29,0,2,0
94249,2025-07-16 11:28:29,0,2,0
94249,2025-07-16 11:23:29,0,2,0
94249,2025-07-16 11:18:29,0,2,0
94249,2025-07-16 11:13:29,0,2,0
94249,2025-07-16 11:08:29,0,2,0
94249,2025-07-16 11:03:29,0,2,0
94249,2025-07-16 10:58:29,0,2,0
94249,2025-07-16 10:53:29,0,2,0
94249,2025-07-16 10:48:29,0,2,0
94249,2025-07-16 10:43:29,0,2,0
94249,2025-07-16 10:38:29,0,2,0
94249,2025-07-16 10:33:29,0,2,0
94249,2025-07-16 10:28:29,0,2,0
94249,2025-07-16 10:23:29,0,2,0
94249,2025-07-16 10:18:29,0,2,0
94249,2025-07-16 10:13:29,0,2,0
94249,2025-07-16 10:08:29,0,2,0
94249,2025-07-16 10:03:29,0,2,0
94249,2025-07-16 09:58:29,0,2,0
94249,2025-07-16 09:53:29,0,2,0
94249,2025-07-16 09:48:29,0,2,0
94249,2025-07-16 09:43:29,1,2,0
94249,2025-07-16 09:38:29,1,2,0
94249,2025-07-16 09:33:29,1,2,0
94249,2025-07-16 09:28:29,1,2,0
94249,2025-07-16 09:23:29,1,2,0
94249,2025-07-16 09:18:29,1,2,0
94249,2025-07-16 09:13:29,1,2,0
94249,2025-07-16 09:08:29,1,2,0
94249,2025-07-16 09:03:29,1,2,0
94249,2025-07-16 08:58:29,1,2,0
94249,2025-07-16 08:53:29,1,2,0
94249,2025-07-16 08:48:29,1,2,0
94249,2025-07-16 08:43:29,1,2,0
94249,2025-07-16 08:38:30,1,2,0
94249,2025-07-16 08:33:29,1,2,0
94249,2025-07-16 08:28:29,1,2,0
94249,2025-07-16 08:23:29,1,2,0
94249,2025-07-16 08:18:30,1,2,0
94249,2025-07-16 08:13:29,1,2,0
94249,2025-07-16 08:08:30,1,2,0
94249,2025-07-16 08:03:29,1,2,0
94249,2025-07-16 07:58:30,1,2,0
94249,2025-07-16 07:53:29,1,2,0
94249,2025-07-16 07:48:29,1,2,0
94249,2025-07-16 07:43:29,1,2,0
94249,2025-07-16 07:38:30,1,2,0
94249,2025-07-16 07:33:30,1,2,0
94249,2025-07-16 07:28:29,1,2,0
94249,2025-07-16 07:23:30,1,2,0
94249,2025-07-16 07:18:30,1,2,0
94249,2025-07-16 07:13:30,1,2,0
94249,2025-07-16 07:08:30,1,2,0
94249,2025-07-16 07:03:30,1,2,0
94249,2025-07-16 06:58:30,1,2,0
94249,2025-07-16 06:53:29,1,2,0
94249,2025-07-16 06:48:29,1,2,0
94249,2025-07-16 06:43:30,1,2,0
94249,2025-07-16 06:38:29,1,2,0
94249,2025-07-16 06:33:30,1,2,0
94249,2025-07-16 06:28:29,1,2,0
94249,2025-07-16 06:23:30,1,2,0
94249,2025-07-16 06:18:29,1,2,0
94249,2025-07-16 06:13:30,1,2,0
94249,2025-07-16 06:08:30,1,2,0
94249,2025-07-16 06:03:30,1,2,0
94249,2025-07-16 05:58:29,1,2,0
94249,2025-07-16 05:53:29,1,2,0
94249,2025-07-16 05:48:29,1,2,0
94249,2025-07-16 05:43:29,1,2,0
94249,2025-07-16 05:38:29,1,2,0
94249,2025-07-16 05:33:29,1,2,0
94249,2025-07-16 05:28:29,1,2,0
94249,2025-07-16 05:23:29,1,2,0
94249,2025-07-16 05:18:29,1,2,0
94249,2025-07-16 05:13:29,1,2,0
94249,2025-07-16 05:08:29,1,2,0
94249,2025-07-16 05:03:29,1,2,0
94249,2025-07-16 04:58:29,1,2,0
94249,2025-07-16 04:53:29,1,2,0
94249,2025-07-16 04:48:29,1,2,0
94249,2025-07-16 04:43:29,1,2,0
94249,2025-07-16 04:38:29,1,2,0
94249,2025-07-16 04:33:29,1,2,0
94249,2025-07-16 04:28:29,1,2,0
94249,2025-07-16 04:23:29,1,2,0
94249,2025-07-16 04:18:29,1,2,0
94249,2025-07-16 04:13:29,1,2,0
94249,2025-07-16 04:08:29,1,2,0
94249,2025-07-16 04:03:29,1,2,0
94249,2025-07-16 03:58:29,1,2,0
94249,2025-07-16 03:53:29,1,2,0
94249,2025-07-16 03:48:29,1,2,0
94249,2025-07-16 03:43:29,1,2,0
94249,2025-07-16 03:38:29,1,2,0
94249,2025-07-16 03:33:29,1,2,0
94249,2025-07-16 03:28:29,1,2,0
94249,2025-07-16 03:23:29,1,2,0
94249,2025-07-16 03:18:29,1,2,0
94249,2025-07-16 03:13:29,1,2,0
94249,2025-07-16 03:08:30,1,2,0
94249,2025-07-16 03:03:29,1,2,0
94249,2025-07-16 02:58:29,1,2,0
94249,2025-07-16 02:53:29,0,2,0
94249,2025-07-16 02:48:29,0,2,0
94249,2025-07-16 02:43:29,0,2,0
94249,2025-07-16 02:38:29,0,2,0
94249,2025-07-16 02:33:29,0,2,0
94249,2025-07-16 02:28:29,0,2,0
94249,2025-07-16 02:23:29,0,2,0
94249,2025-07-16 02:18:29,0,2,0
94249,2025-07-16 02:13:29,0,2,0
94249,2025-07-16 02:08:29,0,2,0
94249,2025-07-16 02:03:29,0,2,0
94249,2025-07-16 01:58:29,0,2,0
94249,2025-07-16 01:53:29,0,2,0
94249,2025-07-16 01:48:29,0,2,0
94249,2025-07-16 01:43:33,0,2,0
94249,2025-07-16 01:38:29,0,2,0
94249,2025-07-16 01:33:29,0,2,0
94249,2025-07-16 01:28:29,0,2,0
94249,2025-07-16 01:23:29,0,2,0
94249,2025-07-16 01:18:29,0,2,0
94249,2025-07-16 01:13:29,0,2,0
94249,2025-07-16 01:08:31,0,2,0
94249,2025-07-16 01:03:29,0,2,0
94249,2025-07-16 00:58:29,0,2,0
94249,2025-07-16 00:53:29,0,2,0
94249,2025-07-16 00:48:29,0,2,0
94249,2025-07-16 00:43:29,1,2,0
94249,2025-07-16 00:38:29,0,2,0
94249,2025-07-16 00:33:29,0,2,0
94249,2025-07-16 00:28:29,0,2,0
94249,2025-07-16 00:23:29,0,2,0
94249,2025-07-16 00:18:29,0,2,0
94249,2025-07-16 00:13:29,0,2,0
94249,2025-07-16 00:08:29,0,2,0
94249,2025-07-16 00:07:41,0,2,0
94249,2025-07-15 23:58:29,0,2,0
94249,2025-07-15 23:53:29,0,2,0
94249,2025-07-15 23:48:29,0,2,0
94249,2025-07-15 23:43:29,0,2,0
94249,2025-07-15 23:38:29,0,2,0
94249,2025-07-15 23:33:29,0,2,0
94249,2025-07-15 23:28:29,0,2,0
94249,2025-07-15 23:23:29,0,2,0
94249,2025-07-15 23:18:29,0,2,0
94249,2025-07-15 23:13:29,0,2,0
94249,2025-07-15 23:08:29,0,2,0
94249,2025-07-15 23:03:29,0,2,0
94249,2025-07-15 22:58:29,0,2,0
94249,2025-07-15 22:53:29,0,2,0
94249,2025-07-15 22:48:29,0,2,0
94249,2025-07-15 22:43:29,0,2,0
94249,2025-07-15 22:38:29,0,2,0
94249,2025-07-15 22:33:30,0,2,0
94249,2025-07-15 22:28:29,1,2,0
94249,2025-07-15 22:23:29,1,2,0
94249,2025-07-15 22:18:35,2,2,0
94249,2025-07-15 22:13:29,2,2,0
94249,2025-07-15 22:08:29,2,2,0
94249,2025-07-15 22:03:29,2,2,0
94249,2025-07-15 21:58:29,2,2,0
94249,2025-07-15 21:53:29,2,2,0
94249,2025-07-15 21:48:30,2,2,0
94249,2025-07-15 21:43:29,2,2,0
94249,2025-07-15 21:38:29,2,2,0
94249,2025-07-15 21:33:29,2,2,0
94249,2025-07-15 21:28:31,2,2,0
94249,2025-07-15 21:23:32,2,2,0
94249,2025-07-15 21:18:29,2,2,0
94249,2025-07-15 21:13:32,2,2,0
94249,2025-07-15 21:08:29,2,2,0
94249,2025-07-15 21:03:29,2,2,0
94249,2025-07-15 20:58:29,2,2,0
94249,2025-07-15 20:53:29,2,2,0
94249,2025-07-15 20:48:31,2,2,0
94249,2025-07-15 20:43:29,2,2,0
94249,2025-07-15 20:38:29,2,2,0
94249,2025-07-15 20:33:29,2,2,0
94249,2025-07-15 20:28:29,2,2,0
94249,2025-07-15 20:23:29,2,2,0
94249,2025-07-15 20:18:32,2,2,0
94249,2025-07-15 20:13:29,2,2,0
94249,2025-07-15 20:08:29,2,2,0
94249,2025-07-15 20:03:31,2,2,0
94249,2025-07-15 19:58:32,2,2,0
94249,2025-07-15 19:53:31,2,2,0
94249,2025-07-15 19:48:32,2,2,0
94249,2025-07-15 19:43:30,2,2,0
94249,2025-07-15 19:38:31,2,2,0
94249,2025-07-15 19:33:31,2,2,0
94249,2025-07-15 19:28:30,2,2,0
94249,2025-07-15 19:23:29,2,2,0
94249,2025-07-15 19:18:29,2,2,0
94249,2025-07-15 19:13:30,2,2,0
94249,2025-07-15 19:08:29,2,2,0
94249,2025-07-15 19:03:29,2,2,0
94249,2025-07-15 18:58:29,2,2,0
94249,2025-07-15 18:53:29,2,2,0
94249,2025-07-15 18:48:29,2,2,0
94249,2025-07-15 18:43:29,2,2,0
94249,2025-07-15 18:38:29,2,2,0
94249,2025-07-15 18:33:29,2,2,0
94249,2025-07-15 18:28:29,2,2,0
94249,2025-07-15 18:23:29,2,2,0
94249,2025-07-15 18:18:29,2,2,0
94249,2025-07-15 18:13:29,2,2,0
94249,2025-07-15 18:08:29,2,2,0
94249,2025-07-15 18:03:29,2,2,0
94249,2025-07-15 17:58:29,2,2,0
94249,2025-07-15 17:53:29,2,2,0
94249,2025-07-15 17:48:30,2,2,0
94249,2025-07-15 17:43:29,2,2,0
94249,2025-07-15 17:38:29,2,2,0
94249,2025-07-15 17:33:29,2,2,0
94249,2025-07-15 17:28:29,2,2,0
94249,2025-07-15 17:23:29,2,2,0
94249,2025-07-15 17:18:29,2,2,0
94249,2025-07-15 17:13:29,2,2,0
94249,2025-07-15 17:08:29,2,2,0
94249,2025-07-15 17:03:29,2,2,0
94249,2025-07-15 16:58:29,2,2,0
94249,2025-07-15 16:53:29,2,2,0
94249,2025-07-15 16:48:29,2,2,0
94249,2025-07-15 16:43:29,2,2,0
94249,2025-07-15 16:38:29,2,2,0
94249,2025-07-15 16:33:29,2,2,0
94249,2025-07-15 16:28:29,2,2,0
94249,2025-07-15 16:23:30,2,2,0
94249,2025-07-15 16:18:29,2,2,0
94249,2025-07-15 16:13:29,2,2,0
94249,2025-07-15 16:08:29,2,2,0
94249,2025-07-15 16:03:29,2,2,0
94249,2025-07-15 15:58:29,2,2,0
94249,2025-07-15 15:53:29,2,2,0
94249,2025-07-15 15:48:29,2,2,0
94249,2025-07-15 15:43:29,2,2,0
94249,2025-07-15 15:38:29,2,2,0
94249,2025-07-15 15:33:29,2,2,0
94249,2025-07-15 15:28:29,2,2,0
94249,2025-07-15 15:23:29,2,2,0
94249,2025-07-15 15:18:29,2,2,0
94249,2025-07-15 15:13:29,2,2,0
94249,2025-07-15 15:08:30,2,2,0
94249,2025-07-15 15:03:43,2,2,0
94249,2025-07-15 14:58:29,2,2,0
94249,2025-07-15 14:53:30,2,2,0
94249,2025-07-15 14:48:29,2,2,0
94249,2025-07-15 14:43:29,2,2,0
94249,2025-07-15 14:38:29,2,2,0
94249,2025-07-15 14:33:29,2,2,0
94249,2025-07-15 14:28:29,2,2,0
94249,2025-07-15 14:23:29,2,2,0
94249,2025-07-15 14:18:29,1,2,0
94249,2025-07-15 14:13:29,1,2,0
94249,2025-07-15 14:08:29,1,2,0
94249,2025-07-15 14:03:29,1,2,0
94249,2025-07-15 13:58:44,1,2,0
94249,2025-07-15 13:53:29,1,2,0
94249,2025-07-15 13:48:29,1,2,0
94249,2025-07-15 13:43:29,1,2,0
94249,2025-07-15 13:38:29,1,2,0
94249,2025-07-15 13:33:29,1,2,0
94249,2025-07-15 13:28:29,1,2,0
94249,2025-07-15 13:23:29,1,2,0
94249,2025-07-15 13:18:29,1,2,0
94249,2025-07-15 13:13:29,1,2,0
94249,2025-07-15 13:08:29,1,2,0
94249,2025-07-15 13:03:29,1,2,0
94249,2025-07-15 12:58:29,1,2,0
94249,2025-07-15 12:53:29,1,2,0
94249,2025-07-15 12:48:29,1,2,0
94249,2025-07-15 12:43:29,1,2,0
94249,2025-07-15 12:38:29,1,2,0
94249,2025-07-15 12:33:29,1,2,0
94249,2025-07-15 12:28:29,1,2,0
94249,2025-07-15 12:23:30,1,2,0
94249,2025-07-15 12:18:29,1,2,0
94249,2025-07-15 12:13:29,1,2,0
94249,2025-07-15 12:08:29,1,2,0
94249,2025-07-15 12:03:29,1,2,0
94249,2025-07-15 11:58:29,1,2,0
94249,2025-07-15 11:53:29,1,2,0
94249,2025-07-15 11:48:29,1,2,0
94249,2025-07-15 11:43:29,1,2,0
94249,2025-07-15 11:38:29,1,2,0
94249,2025-07-15 11:33:29,1,2,0
94249,2025-07-15 11:28:29,1,2,0
94249,2025-07-15 11:23:29,1,2,0
94249,2025-07-15 11:18:29,1,2,0
94249,2025-07-15 11:13:29,1,2,0
94249,2025-07-15 11:08:29,1,2,0
94249,2025-07-15 11:03:29,1,2,0
94249,2025-07-15 10:58:29,1,2,0
94249,2025-07-15 10:53:29,1,2,0
94249,2025-07-15 10:48:29,1,2,0
94249,2025-07-15 10:43:29,1,2,0
94249,2025-07-15 10:38:29,1,2,0
94249,2025-07-15 10:33:29,1,2,0
94249,2025-07-15 10:28:29,1,2,0
94249,2025-07-15 10:23:29,1,2,0
94249,2025-07-15 10:18:29,1,2,0
94249,2025-07-15 10:13:29,1,2,0
94249,2025-07-15 10:08:29,1,2,0
94249,2025-07-15 10:03:29,1,2,0
94249,2025-07-15 09:58:29,1,2,0
94249,2025-07-15 09:53:29,1,2,0
94249,2025-07-15 09:48:29,1,2,0
94249,2025-07-15 09:43:29,1,2,0
94249,2025-07-15 09:38:29,1,2,0
94249,2025-07-15 09:33:29,1,2,0
94249,2025-07-15 09:28:29,1,2,0
94249,2025-07-15 09:23:29,1,2,0
94249,2025-07-15 09:18:29,1,2,0
94249,2025-07-15 09:13:29,1,2,0
94249,2025-07-15 09:08:29,1,2,0
94249,2025-07-15 09:03:29,1,2,0
94249,2025-07-15 08:58:29,1,2,0
94249,2025-07-15 08:53:29,1,2,0
94249,2025-07-15 08:48:29,1,2,0
94249,2025-07-15 08:43:29,1,2,0
94249,2025-07-15 08:38:29,1,2,0
94249,2025-07-15 08:33:29,1,2,0
94249,2025-07-15 08:28:29,1,2,0
94249,2025-07-15 08:23:29,1,2,0
94249,2025-07-15 08:18:29,1,2,0
94249,2025-07-15 08:13:30,1,2,0
94249,2025-07-15 08:08:30,1,2,0
94249,2025-07-15 08:03:29,1,2,0
94249,2025-07-15 07:58:29,1,2,0
94249,2025-07-15 07:53:29,1,2,0
94249,2025-07-15 07:48:29,1,2,0
94249,2025-07-15 07:43:29,1,2,0
94249,2025-07-15 07:38:29,1,2,0
94249,2025-07-15 07:33:29,1,2,0
94249,2025-07-15 07:28:29,1,2,0
94249,2025-07-15 07:23:29,1,2,0
94249,2025-07-15 07:18:29,1,2,0
94249,2025-07-15 07:13:29,1,2,0
94249,2025-07-15 07:08:29,1,2,0
94249,2025-07-15 07:03:29,1,2,0
94249,2025-07-15 06:58:29,1,2,0
94249,2025-07-15 06:53:29,1,2,0
94249,2025-07-15 06:48:29,1,2,0
94249,2025-07-15 06:43:29,1,2,0
94249,2025-07-15 06:38:29,1,2,0
94249,2025-07-15 06:33:29,1,2,0
94249,2025-07-15 06:28:29,1,2,0
94249,2025-07-15 06:23:29,1,2,0
94249,2025-07-15 06:18:29,1,2,0
94249,2025-07-15 06:13:29,1,2,0
94249,2025-07-15 06:08:29,1,2,0
94249,2025-07-15 06:03:29,1,2,0
94249,2025-07-15 05:58:29,1,2,0
94249,2025-07-15 05:53:29,1,2,0
94249,2025-07-15 05:48:29,1,2,0
94249,2025-07-15 05:43:29,1,2,0
94249,2025-07-15 05:38:29,1,2,0
94249,2025-07-15 05:33:29,1,2,0
94249,2025-07-15 05:28:29,1,2,0
94249,2025-07-15 05:23:29,1,2,0
94249,2025-07-15 05:18:29,1,2,0
94249,2025-07-15 05:13:29,1,2,0
94249,2025-07-15 05:08:29,1,2,0
94249,2025-07-15 05:03:29,1,2,0
94249,2025-07-15 04:58:29,1,2,0
94249,2025-07-15 04:53:29,1,2,0
94249,2025-07-15 04:48:29,1,2,0
94249,2025-07-15 04:43:29,1,2,0
94249,2025-07-15 04:38:29,1,2,0
94249,2025-07-15 04:33:29,1,2,0
94249,2025-07-15 04:28:29,1,2,0
94249,2025-07-15 04:23:29,1,2,0
94249,2025-07-15 04:18:29,1,2,0
94249,2025-07-15 04:13:29,1,2,0
94249,2025-07-15 04:08:29,1,2,0
94249,2025-07-15 04:03:29,1,2,0
94249,2025-07-15 03:58:29,1,2,0
94249,2025-07-15 03:53:29,1,2,0
94249,2025-07-15 03:48:29,1,2,0
94249,2025-07-15 03:43:29,1,2,0
94249,2025-07-15 03:38:29,1,2,0
94249,2025-07-15 03:33:29,1,2,0
94249,2025-07-15 03:28:29,1,2,0
94249,2025-07-15 03:23:29,1,2,0
94249,2025-07-15 03:18:29,1,2,0
94249,2025-07-15 03:13:29,0,2,0
94249,2025-07-15 03:08:29,0,2,0
94249,2025-07-15 03:03:29,0,2,0
94249,2025-07-15 02:58:29,0,2,0
94249,2025-07-15 02:53:29,0,2,0
94249,2025-07-15 02:48:29,0,2,0
94249,2025-07-15 02:43:29,0,2,0
94249,2025-07-15 02:38:29,0,2,0
94249,2025-07-15 02:33:29,0,2,0
94249,2025-07-15 02:28:29,1,2,0
94249,2025-07-15 02:23:29,0,2,0
94249,2025-07-15 02:18:29,0,2,0
94249,2025-07-15 02:13:29,0,2,0
94249,2025-07-15 02:08:29,0,2,0
94249,2025-07-15 02:03:29,0,2,0
94249,2025-07-15 01:58:29,0,2,0
94249,2025-07-15 01:53:29,0,2,0
94249,2025-07-15 01:48:29,0,2,0
94249,2025-07-15 01:43:29,0,2,0
94249,2025-07-15 01:38:29,0,2,0
94249,2025-07-15 01:33:29,0,2,0
94249,2025-07-15 01:28:29,0,2,0
94249,2025-07-15 01:23:29,0,2,0
94249,2025-07-15 01:18:29,0,2,0
94249,2025-07-15 01:13:30,0,2,0
94249,2025-07-15 01:08:29,0,2,0
94249,2025-07-15 01:03:29,0,2,0
94249,2025-07-15 00:58:29,0,2,0
94249,2025-07-15 00:53:29,0,2,0
94249,2025-07-15 00:48:29,0,2,0
94249,2025-07-15 00:43:29,0,2,0
94249,2025-07-15 00:38:29,0,2,0
94249,2025-07-15 00:33:29,0,2,0
94249,2025-07-15 00:28:29,0,2,0
94249,2025-07-15 00:23:30,0,2,0
94249,2025-07-15 00:18:29,0,2,0
94249,2025-07-15 00:13:29,0,2,0
94249,2025-07-15 00:08:29,0,2,0
94249,2025-07-15 00:03:29,0,2,0
94249,2025-07-14 23:58:29,0,2,0
94249,2025-07-14 23:53:29,0,2,0
94249,2025-07-14 23:48:29,0,2,0
94249,2025-07-14 23:43:29,0,2,0
94249,2025-07-14 23:38:29,1,2,0
94249,2025-07-14 23:33:29,1,2,0
94249,2025-07-14 23:28:29,1,2,0
94249,2025-07-14 23:23:29,2,2,0
94249,2025-07-14 23:18:29,2,2,0
94249,2025-07-14 23:13:29,2,2,0
94249,2025-07-14 23:08:29,2,2,0
94249,2025-07-14 23:03:29,2,2,0
94249,2025-07-14 22:58:29,2,2,0
94249,2025-07-14 22:53:29,2,2,0
94249,2025-07-14 22:48:29,2,2,0
94249,2025-07-14 22:43:29,2,2,0
94249,2025-07-14 22:38:29,2,2,0
94249,2025-07-14 22:33:29,2,2,0
94249,2025-07-14 22:28:29,2,2,0
94249,2025-07-14 22:23:29,2,2,0
94249,2025-07-14 22:18:29,2,2,0
94249,2025-07-14 22:13:29,2,2,0
94249,2025-07-14 22:08:29,1,2,0
94249,2025-07-14 22:03:30,1,2,0
94249,2025-07-14 21:58:29,1,2,0
94249,2025-07-14 21:53:29,1,2,0
94249,2025-07-14 21:48:29,1,2,0
94249,2025-07-14 21:43:29,2,2,0
94249,2025-07-14 21:38:29,1,2,0
94249,2025-07-14 21:33:29,1,2,0
94249,2025-07-14 21:28:29,1,2,0
94249,2025-07-14 21:23:29,1,2,0
94249,2025-07-14 21:18:29,1,2,0
94249,2025-07-14 21:13:29,1,2,0
94249,2025-07-14 21:08:29,1,2,0
94249,2025-07-14 21:03:30,1,2,0
94249,2025-07-14 20:58:29,1,2,0
94249,2025-07-14 20:53:29,1,2,0
94249,2025-07-14 20:48:29,1,2,0
94249,2025-07-14 20:43:29,1,2,0
94249,2025-07-14 20:38:30,1,2,0
94249,2025-07-14 20:33:29,1,2,0
94249,2025-07-14 20:28:29,1,2,0
94249,2025-07-14 20:23:29,1,2,0
94249,2025-07-14 20:18:29,1,2,0
94249,2025-07-14 20:13:29,1,2,0
94249,2025-07-14 20:08:29,1,2,0
94249,2025-07-14 20:03:29,1,2,0
94249,2025-07-14 19:58:29,1,2,0
94249,2025-07-14 19:53:29,1,2,0
94249,2025-07-14 19:48:29,1,2,0
94249,2025-07-14 19:43:29,1,2,0
94249,2025-07-14 19:38:29,1,2,0
94249,2025-07-14 19:33:29,1,2,0
94249,2025-07-14 19:28:29,1,2,0
94249,2025-07-14 19:23:29,1,2,0
94249,2025-07-14 19:18:29,1,2,0
94249,2025-07-14 19:13:29,1,2,0
94249,2025-07-14 19:08:29,1,2,0
94249,2025-07-14 19:03:29,1,2,0
94249,2025-07-14 18:58:29,1,2,0
94249,2025-07-14 18:53:29,1,2,0
94249,2025-07-14 18:48:29,1,2,0
94249,2025-07-14 18:43:29,1,2,0
94249,2025-07-14 18:38:29,1,2,0
94249,2025-07-14 18:33:29,1,2,0
94249,2025-07-14 18:28:30,1,2,0
94249,2025-07-14 18:23:29,1,2,0
94249,2025-07-14 18:18:29,1,2,0
94249,2025-07-14 18:13:29,1,2,0
94249,2025-07-14 18:08:29,1,2,0
94249,2025-07-14 18:03:29,1,2,0
94249,2025-07-14 17:58:29,1,2,0
94249,2025-07-14 17:53:29,1,2,0
94249,2025-07-14 17:48:29,1,2,0
94249,2025-07-14 17:43:29,1,2,0
94249,2025-07-14 17:38:29,1,2,0
94249,2025-07-14 17:33:29,1,2,0
94249,2025-07-14 17:28:29,1,2,0
94249,2025-07-14 17:23:29,1,2,0
94249,2025-07-14 17:18:29,1,2,0
94249,2025-07-14 17:13:29,1,2,0
94249,2025-07-14 17:08:29,1,2,0
94249,2025-07-14 17:03:29,1,2,0
94249,2025-07-14 16:58:29,1,2,0
94249,2025-07-14 16:53:29,1,2,0
94249,2025-07-14 16:48:29,1,2,0
94249,2025-07-14 16:43:29,1,2,0
94249,2025-07-14 16:38:29,1,2,0
94249,2025-07-14 16:33:30,1,2,0
94249,2025-07-14 16:28:29,1,2,0
94249,2025-07-14 16:23:29,1,2,0
94249,2025-07-14 16:18:29,1,2,0
94249,2025-07-14 16:13:29,1,2,0
94249,2025-07-14 16:08:29,1,2,0
94249,2025-07-14 16:03:29,1,2,0
94249,2025-07-14 15:58:29,1,2,0
94249,2025-07-14 15:53:29,1,2,0
94249,2025-07-14 15:48:29,1,2,0
94249,2025-07-14 15:43:29,1,2,0
94249,2025-07-14 15:38:29,1,2,0
94249,2025-07-14 15:33:29,1,2,0
94249,2025-07-14 15:28:29,1,2,0
94249,2025-07-14 15:23:29,1,2,0
94249,2025-07-14 15:18:29,1,2,0
94249,2025-07-14 15:13:29,1,2,0
94249,2025-07-14 15:08:29,1,2,0
94249,2025-07-14 15:03:29,1,2,0
94249,2025-07-14 14:58:29,1,2,0
94249,2025-07-14 14:53:29,1,2,0
94249,2025-07-14 14:48:29,1,2,0
94249,2025-07-14 14:43:29,1,2,0
94249,2025-07-14 14:38:29,1,2,0
94249,2025-07-14 14:33:29,1,2,0
94249,2025-07-14 14:28:29,1,2,0
94249,2025-07-14 14:23:29,1,2,0
94249,2025-07-14 14:18:29,1,2,0
94249,2025-07-14 14:13:29,1,2,0
94249,2025-07-14 14:08:29,1,2,0
94249,2025-07-14 14:03:29,1,2,0
94249,2025-07-14 13:58:29,1,2,0
94249,2025-07-14 13:53:29,1,2,0
94249,2025-07-14 13:48:29,1,2,0
94249,2025-07-14 13:43:29,1,2,0
94249,2025-07-14 13:38:29,1,2,0
94249,2025-07-14 13:33:29,1,2,0
94249,2025-07-14 13:28:29,1,2,0
94249,2025-07-14 13:23:29,0,2,0
94249,2025-07-14 13:19:58,0,2,0
94249,2025-07-14 13:13:29,0,2,0
94249,2025-07-14 13:08:32,0,2,0
94249,2025-07-14 13:03:29,0,2,0
94249,2025-07-14 12:58:29,0,2,0
94249,2025-07-14 12:53:29,0,2,0
94249,2025-07-14 12:48:29,0,2,0
94249,2025-07-14 12:43:29,0,2,0
94249,2025-07-14 12:38:29,0,2,0
94249,2025-07-14 12:33:29,0,2,0
94249,2025-07-14 12:28:29,0,2,0
94249,2025-07-14 12:23:29,0,2,0
94249,2025-07-14 12:18:29,0,2,0
94249,2025-07-14 12:13:29,0,2,0
94249,2025-07-14 12:08:29,0,2,0
94249,2025-07-14 12:03:30,0,2,0
94249,2025-07-14 11:58:30,0,2,0
94249,2025-07-14 11:53:29,0,2,0
94249,2025-07-14 11:48:29,0,2,0
94249,2025-07-14 11:43:29,0,2,0
94249,2025-07-14 11:38:29,1,2,0
94249,2025-07-14 11:33:29,1,2,0
94249,2025-07-14 11:28:29,1,2,0
94249,2025-07-14 11:23:29,1,2,0
94249,2025-07-14 11:18:29,1,2,0
94249,2025-07-14 11:13:29,1,2,0
94249,2025-07-14 11:08:29,1,2,0
94249,2025-07-14 11:03:29,1,2,0
94249,2025-07-14 10:58:29,1,2,0
94249,2025-07-14 10:53:29,1,2,0
94249,2025-07-14 10:48:29,1,2,0
94249,2025-07-14 10:43:29,1,2,0
94249,2025-07-14 10:38:29,1,2,0
94249,2025-07-14 10:33:29,1,2,0
94249,2025-07-14 10:28:29,1,2,0
94249,2025-07-14 10:23:29,1,2,0
94249,2025-07-14 10:18:29,1,2,0
94249,2025-07-14 10:13:29,1,2,0
94249,2025-07-14 10:08:29,1,2,0
94249,2025-07-14 10:03:29,1,2,0
94249,2025-07-14 09:58:29,1,2,0
94249,2025-07-14 09:53:29,1,2,0
94249,2025-07-14 09:48:29,1,2,0
94249,2025-07-14 09:43:29,1,2,0
94249,2025-07-14 09:38:29,1,2,0
94249,2025-07-14 09:33:29,1,2,0
94249,2025-07-14 09:28:29,1,2,0
94249,2025-07-14 09:23:29,1,2,0
94249,2025-07-14 09:18:29,1,2,0
94249,2025-07-14 09:13:29,1,2,0
94249,2025-07-14 09:08:29,1,2,0
94249,2025-07-14 09:03:29,1,2,0
94249,2025-07-14 08:58:29,1,2,0
94249,2025-07-14 08:53:29,1,2,0
94249,2025-07-14 08:48:29,1,2,0
94249,2025-07-14 08:43:29,1,2,0
94249,2025-07-14 08:38:29,1,2,0
94249,2025-07-14 08:33:29,1,2,0
94249,2025-07-14 08:28:29,1,2,0
94249,2025-07-14 08:23:29,1,2,0
94249,2025-07-14 08:18:29,1,2,0
94249,2025-07-14 08:13:29,1,2,0
94249,2025-07-14 08:08:29,1,2,0
94249,2025-07-14 08:03:29,1,2,0
94249,2025-07-14 07:58:30,1,2,0
94249,2025-07-14 07:53:29,1,2,0
94249,2025-07-14 07:48:29,1,2,0
94249,2025-07-14 07:43:30,1,2,0
94249,2025-07-14 07:38:29,1,2,0
94249,2025-07-14 07:33:29,1,2,0
94249,2025-07-14 07:28:29,1,2,0
94249,2025-07-14 07:23:29,1,2,0
94249,2025-07-14 07:18:29,1,2,0
94249,2025-07-14 07:13:29,1,2,0
94249,2025-07-14 07:08:29,1,2,0
94249,2025-07-14 07:03:29,1,2,0
94249,2025-07-14 06:58:29,1,2,0
94249,2025-07-14 06:53:29,1,2,0
94249,2025-07-14 06:48:29,1,2,0
94249,2025-07-14 06:43:29,1,2,0
94249,2025-07-14 06:38:29,1,2,0
94249,2025-07-14 06:33:29,1,2,0
94249,2025-07-14 06:28:29,1,2,0
94249,2025-07-14 06:23:29,1,2,0
94249,2025-07-14 06:18:29,1,2,0
94249,2025-07-14 06:13:29,1,2,0
94249,2025-07-14 06:08:29,1,2,0
94249,2025-07-14 06:03:29,1,2,0
94249,2025-07-14 05:58:29,1,2,0
94249,2025-07-14 05:53:29,1,2,0
94249,2025-07-14 05:48:29,1,2,0
94249,2025-07-14 05:43:29,1,2,0
94249,2025-07-14 05:38:29,2,2,0
94249,2025-07-14 05:33:29,2,2,0
94249,2025-07-14 05:28:29,2,2,0
94249,2025-07-14 05:23:29,1,2,0
94249,2025-07-14 05:18:29,0,2,0
94249,2025-07-14 05:13:29,0,2,0
94249,2025-07-14 05:08:29,0,2,0
94249,2025-07-14 05:03:29,0,2,0
94249,2025-07-14 04:58:29,0,2,0
94249,2025-07-14 04:53:29,0,2,0
94249,2025-07-14 04:48:29,0,2,0
94249,2025-07-14 04:43:29,0,2,0
94249,2025-07-14 04:38:29,0,2,0
94249,2025-07-14 04:33:29,0,2,0
94249,2025-07-14 04:28:29,0,2,0
94249,2025-07-14 04:23:29,0,2,0
94249,2025-07-14 04:18:29,0,2,0
94249,2025-07-14 04:13:29,0,2,0
94249,2025-07-14 04:08:29,0,2,0
94249,2025-07-14 04:03:29,0,2,0
94249,2025-07-14 03:58:29,0,2,0
94249,2025-07-14 03:53:30,0,2,0
94249,2025-07-14 03:48:29,0,2,0
94249,2025-07-14 03:43:29,0,2,0
94249,2025-07-14 03:38:30,0,2,0
94249,2025-07-14 03:33:29,0,2,0
94249,2025-07-14 03:28:29,0,2,0
94249,2025-07-14 03:23:29,0,2,0
94249,2025-07-14 03:18:29,0,2,0
94249,2025-07-14 03:13:29,0,2,0
94249,2025-07-14 03:08:29,0,2,0
94249,2025-07-14 03:03:29,0,2,0
94249,2025-07-14 02:58:29,0,2,0
94249,2025-07-14 02:53:51,0,2,0
94249,2025-07-14 02:48:30,0,2,0
94249,2025-07-14 02:43:29,0,2,0
94249,2025-07-14 02:38:29,0,2,0
94249,2025-07-14 02:33:29,0,2,0
94249,2025-07-14 02:28:29,0,2,0
94249,2025-07-14 02:23:29,0,2,0
94249,2025-07-14 02:18:29,0,2,0
94249,2025-07-14 02:13:29,0,2,0
94249,2025-07-14 02:08:29,0,2,0
94249,2025-07-14 02:03:29,0,2,0
94249,2025-07-14 01:58:29,0,2,0
94249,2025-07-14 01:53:29,0,2,0
94249,2025-07-14 01:48:29,0,2,0
94249,2025-07-14 01:43:29,0,2,0
94249,2025-07-14 01:38:29,0,2,0
94249,2025-07-14 01:33:29,0,2,0
94249,2025-07-14 01:28:32,0,2,0
94249,2025-07-14 01:23:29,0,2,0
94249,2025-07-14 01:18:29,0,2,0
94249,2025-07-14 01:13:29,0,2,0
94249,2025-07-14 01:08:29,0,2,0
94249,2025-07-14 01:03:29,0,2,0
94249,2025-07-14 00:58:30,0,2,0
94249,2025-07-14 00:53:29,0,2,0
94249,2025-07-14 00:48:29,0,2,0
94249,2025-07-14 00:43:29,0,2,0
94249,2025-07-14 00:38:29,0,2,0
94249,2025-07-14 00:33:29,0,2,0
94249,2025-07-14 00:28:29,0,2,0
94249,2025-07-14 00:23:29,0,2,0
94249,2025-07-14 00:18:29,1,2,0
94249,2025-07-14 00:13:29,1,2,0
94249,2025-07-14 00:08:29,1,2,0
94249,2025-07-14 00:03:29,1,2,0
94249,2025-07-13 23:58:29,0,2,0
94249,2025-07-13 23:53:29,0,2,0
94249,2025-07-13 23:48:29,0,2,0
94249,2025-07-13 23:43:29,0,2,0
94249,2025-07-13 23:38:29,0,2,0
94249,2025-07-13 23:33:29,1,2,0
94249,2025-07-13 23:28:29,1,2,0
94249,2025-07-13 23:23:29,1,2,0
94249,2025-07-13 23:18:29,0,2,0
94249,2025-07-13 23:13:29,0,2,0
94249,2025-07-13 23:08:29,0,2,0
94249,2025-07-13 23:03:29,0,2,0
94249,2025-07-13 22:58:29,0,2,0
94249,2025-07-13 22:53:29,0,2,0
94249,2025-07-13 22:48:29,0,2,0
94249,2025-07-13 22:43:29,0,2,0
94249,2025-07-13 22:38:29,1,2,0
94249,2025-07-13 22:33:29,1,2,0
94249,2025-07-13 22:28:29,1,2,0
94249,2025-07-13 22:23:29,1,2,0
94249,2025-07-13 22:18:29,1,2,0
94249,2025-07-13 22:13:29,1,2,0
94249,2025-07-13 22:08:29,1,2,0
94249,2025-07-13 22:03:29,1,2,0
94249,2025-07-13 21:58:29,1,2,0
94249,2025-07-13 21:53:29,1,2,0
94249,2025-07-13 21:48:29,0,2,0
94249,2025-07-13 21:43:29,0,2,0
94249,2025-07-13 21:38:29,0,2,0
94249,2025-07-13 21:33:29,0,2,0
94249,2025-07-13 21:28:29,0,2,0
94249,2025-07-13 21:23:29,0,2,0
94249,2025-07-13 21:18:29,0,2,0
94249,2025-07-13 21:13:29,0,2,0
94249,2025-07-13 21:08:29,0,2,0
94249,2025-07-13 21:03:29,0,2,0
94249,2025-07-13 20:58:29,0,2,0
94249,2025-07-13 20:53:29,0,2,0
94249,2025-07-13 20:48:29,0,2,0
94249,2025-07-13 20:43:29,0,2,0
94249,2025-07-13 20:38:29,0,2,0
94249,2025-07-13 20:33:29,0,2,0
94249,2025-07-13 20:28:29,0,2,0
94249,2025-07-13 20:23:29,0,2,0
94249,2025-07-13 20:18:29,0,2,0
94249,2025-07-13 20:13:29,0,2,0
94249,2025-07-13 20:08:29,0,2,0
94249,2025-07-13 20:03:29,0,2,0
94249,2025-07-13 19:58:29,0,2,0
94249,2025-07-13 19:53:31,0,2,0
94249,2025-07-13 19:48:33,0,2,0
94249,2025-07-13 19:43:32,0,2,0
94249,2025-07-13 19:38:31,0,2,0
94249,2025-07-13 19:33:30,0,2,0
94249,2025-07-13 19:28:31,0,2,0
94249,2025-07-13 19:23:30,0,2,0
94249,2025-07-13 19:18:32,0,2,0
94249,2025-07-13 19:13:31,0,2,0
94249,2025-07-13 19:08:29,0,2,0
94249,2025-07-13 19:03:30,0,2,0
94249,2025-07-13 18:58:29,0,2,0
94249,2025-07-13 18:53:30,0,2,0
94249,2025-07-13 18:48:29,0,2,0
94249,2025-07-13 18:43:30,0,2,0
94249,2025-07-13 18:38:29,0,2,0
94249,2025-07-13 18:33:29,0,2,0
94249,2025-07-13 18:28:29,0,2,0
94249,2025-07-13 18:23:29,0,2,0
94249,2025-07-13 18:18:29,0,2,0
94249,2025-07-13 18:13:29,0,2,0
94249,2025-07-13 18:08:29,0,2,0
94249,2025-07-13 18:03:29,0,2,0
94249,2025-07-13 17:58:29,0,2,0
94249,2025-07-13 17:53:29,0,2,0
94249,2025-07-13 17:48:29,0,2,0
94249,2025-07-13 17:43:29,0,2,0
94249,2025-07-13 17:38:29,0,2,0
94249,2025-07-13 17:33:29,0,2,0
94249,2025-07-13 17:28:29,0,2,0
94249,2025-07-13 17:23:29,0,2,0
94249,2025-07-13 17:18:29,0,2,0
94249,2025-07-13 17:13:29,0,2,0
94249,2025-07-13 17:08:29,0,2,0
94249,2025-07-13 17:03:29,0,2,0
94249,2025-07-13 16:58:29,0,2,0
94249,2025-07-13 16:53:29,0,2,0
94249,2025-07-13 16:48:29,0,2,0
94249,2025-07-13 16:43:29,0,2,0
94249,2025-07-13 16:38:29,0,2,0
94249,2025-07-13 16:33:29,0,2,0
94249,2025-07-13 16:28:29,0,2,0
94249,2025-07-13 16:23:29,0,2,0
94249,2025-07-13 16:18:29,0,2,0
94249,2025-07-13 16:13:29,0,2,0
94249,2025-07-13 16:08:29,0,2,0
94249,2025-07-13 16:03:29,0,2,0
94249,2025-07-13 15:58:29,0,2,0
94249,2025-07-13 15:53:29,0,2,0
94249,2025-07-13 15:48:29,0,2,0
94249,2025-07-13 15:43:29,0,2,0
94249,2025-07-13 15:38:29,0,2,0
94249,2025-07-13 15:33:29,0,2,0
94249,2025-07-13 15:28:29,0,2,0
94249,2025-07-13 15:23:29,0,2,0
94249,2025-07-13 15:18:29,0,2,0
94249,2025-07-13 15:13:29,0,2,0
94249,2025-07-13 15:08:29,0,2,0
94249,2025-07-13 15:03:29,0,2,0
94249,2025-07-13 14:58:29,0,2,0
94249,2025-07-13 14:53:29,0,2,0
94249,2025-07-13 14:48:29,0,2,0
94249,2025-07-13 14:43:29,0,2,0
94249,2025-07-13 14:38:29,0,2,0
94249,2025-07-13 14:33:29,0,2,0
94249,2025-07-13 14:28:29,0,2,0
94249,2025-07-13 14:23:29,0,2,0
94249,2025-07-13 14:18:29,0,2,0
94249,2025-07-13 14:13:29,0,2,0
94249,2025-07-13 14:08:29,0,2,0
94249,2025-07-13 14:03:29,0,2,0
94249,2025-07-13 13:58:29,0,2,0
94249,2025-07-13 13:53:29,0,2,0
94249,2025-07-13 13:48:29,0,2,0
94249,2025-07-13 13:43:29,0,2,0
94249,2025-07-13 13:38:29,0,2,0
94249,2025-07-13 13:33:29,0,2,0
94249,2025-07-13 13:28:29,0,2,0
94249,2025-07-13 13:23:29,0,2,0
94249,2025-07-13 13:18:29,1,2,0
94249,2025-07-13 13:13:29,1,2,0
94249,2025-07-13 13:08:29,0,2,0
94249,2025-07-13 13:03:29,0,2,0
94249,2025-07-13 12:58:29,0,2,0
94249,2025-07-13 12:53:29,0,2,0
94249,2025-07-13 12:48:29,0,2,0
94249,2025-07-13 12:43:29,0,2,0
94249,2025-07-13 12:38:29,0,2,0
94249,2025-07-13 12:33:29,0,2,0
94249,2025-07-13 12:28:29,0,2,0
94249,2025-07-13 12:23:29,0,2,0
94249,2025-07-13 12:18:29,0,2,0
94249,2025-07-13 12:13:29,0,2,0
94249,2025-07-13 12:08:29,0,2,0
94249,2025-07-13 12:03:29,0,2,0
94249,2025-07-13 11:58:29,0,2,0
94249,2025-07-13 11:53:29,0,2,0
94249,2025-07-13 11:48:29,0,2,0
94249,2025-07-13 11:43:29,0,2,0
94249,2025-07-13 11:38:29,0,2,0
94249,2025-07-13 11:33:29,0,2,0
94249,2025-07-13 11:28:29,0,2,0
94249,2025-07-13 11:23:29,0,2,0
94249,2025-07-13 11:18:29,0,2,0
94249,2025-07-13 11:13:29,0,2,0
94249,2025-07-13 11:08:29,0,2,0
94249,2025-07-13 11:03:29,0,2,0
94249,2025-07-13 10:58:29,0,2,0
94249,2025-07-13 10:53:29,0,2,0
94249,2025-07-13 10:48:29,0,2,0
94249,2025-07-13 10:43:29,0,2,0
94249,2025-07-13 10:38:29,0,2,0
94249,2025-07-13 10:33:29,0,2,0
94249,2025-07-13 10:28:29,0,2,0
94249,2025-07-13 10:23:29,0,2,0
94249,2025-07-13 10:18:29,0,2,0
94249,2025-07-13 10:13:29,0,2,0
94249,2025-07-13 10:08:29,0,2,0
94249,2025-07-13 10:03:29,0,2,0
94249,2025-07-13 09:58:29,0,2,0
94249,2025-07-13 09:53:29,0,2,0
94249,2025-07-13 09:48:29,0,2,0
94249,2025-07-13 09:43:29,0,2,0
94249,2025-07-13 09:38:29,0,2,0
94249,2025-07-13 09:33:29,0,2,0
94249,2025-07-13 09:28:29,0,2,0
94249,2025-07-13 09:23:29,0,2,0
94249,2025-07-13 09:18:29,0,2,0
94249,2025-07-13 09:13:29,0,2,0
94249,2025-07-13 09:08:29,0,2,0
94249,2025-07-13 09:03:29,0,2,0
94249,2025-07-13 08:58:29,0,2,0
94249,2025-07-13 08:53:29,0,2,0
94249,2025-07-13 08:48:29,0,2,0
94249,2025-07-13 08:43:29,0,2,0
94249,2025-07-13 08:38:29,0,2,0
94249,2025-07-13 08:33:29,0,2,0
94249,2025-07-13 08:28:29,0,2,0
94249,2025-07-13 08:23:29,0,2,0
94249,2025-07-13 08:18:29,0,2,0
94249,2025-07-13 08:13:29,0,2,0
94249,2025-07-13 08:08:29,0,2,0
94249,2025-07-13 08:03:29,0,2,0
94249,2025-07-13 07:58:29,0,2,0
94249,2025-07-13 07:53:29,0,2,0
94249,2025-07-13 07:48:29,0,2,0
94249,2025-07-13 07:43:29,0,2,0
94249,2025-07-13 07:38:29,0,2,0
94249,2025-07-13 07:33:29,0,2,0
94249,2025-07-13 07:28:29,0,2,0
94249,2025-07-13 07:23:29,0,2,0
94249,2025-07-13 07:18:29,0,2,0
94249,2025-07-13 07:13:29,0,2,0
94249,2025-07-13 07:08:29,0,2,0
94249,2025-07-13 07:03:29,0,2,0
94249,2025-07-13 06:58:29,0,2,0
94249,2025-07-13 06:53:29,0,2,0
94249,2025-07-13 06:48:29,0,2,0
94249,2025-07-13 06:43:29,0,2,0
94249,2025-07-13 06:38:29,0,2,0
94249,2025-07-13 06:33:30,0,2,0
94249,2025-07-13 06:28:29,0,2,0
94249,2025-07-13 06:23:30,0,2,0
94249,2025-07-13 06:18:29,0,2,0
94249,2025-07-13 06:13:29,0,2,0
94249,2025-07-13 06:08:29,0,2,0
94249,2025-07-13 06:03:30,0,2,0
94249,2025-07-13 05:58:29,0,2,0
94249,2025-07-13 05:53:29,0,2,0
94249,2025-07-13 05:48:29,0,2,0
94249,2025-07-13 05:43:30,0,2,0
94249,2025-07-13 05:38:29,0,2,0
94249,2025-07-13 05:33:29,0,2,0
94249,2025-07-13 05:28:30,0,2,0
94249,2025-07-13 05:23:29,1,2,0
94249,2025-07-13 05:18:29,1,2,0
94249,2025-07-13 05:13:29,1,2,0
94249,2025-07-13 05:08:29,0,2,0
94249,2025-07-13 05:03:30,0,2,0
94249,2025-07-13 04:58:30,0,2,0
94249,2025-07-13 04:53:29,0,2,0
94249,2025-07-13 04:48:29,0,2,0
94249,2025-07-13 04:43:29,0,2,0
94249,2025-07-13 04:38:29,0,2,0
94249,2025-07-13 04:33:29,0,2,0
94249,2025-07-13 04:28:29,0,2,0
94249,2025-07-13 04:23:30,0,2,0
94249,2025-07-13 04:18:30,0,2,0
94249,2025-07-13 04:13:30,0,2,0
94249,2025-07-13 04:08:30,0,2,0
94249,2025-07-13 04:03:30,0,2,0
94249,2025-07-13 03:58:30,0,2,0
94249,2025-07-13 03:53:30,0,2,0
94249,2025-07-13 03:48:30,0,2,0
94249,2025-07-13 03:43:30,0,2,0
94249,2025-07-13 03:38:30,0,2,0
94249,2025-07-13 03:33:30,0,2,0
94249,2025-07-13 03:28:30,0,2,0
94249,2025-07-13 03:23:30,0,2,0
94249,2025-07-13 03:18:30,0,2,0
94249,2025-07-13 03:13:30,0,2,0
94249,2025-07-13 03:08:30,0,2,0
94249,2025-07-13 03:03:30,0,2,0
94249,2025-07-13 02:58:30,0,2,0
94249,2025-07-13 02:53:30,0,2,0
94249,2025-07-13 02:48:30,0,2,0
94249,2025-07-13 02:43:30,0,2,0
94249,2025-07-13 02:38:29,0,2,0
94249,2025-07-13 02:33:30,1,2,0
94249,2025-07-13 02:28:29,1,2,0
94249,2025-07-13 02:23:29,1,2,0
94249,2025-07-13 02:18:29,1,2,0
94249,2025-07-13 02:13:29,1,2,0
94249,2025-07-13 02:08:29,1,2,0
94249,2025-07-13 02:03:29,1,2,0
94249,2025-07-13 01:58:30,1,2,0
94249,2025-07-13 01:53:30,1,2,0
94249,2025-07-13 01:48:29,1,2,0
94249,2025-07-13 01:43:30,1,2,0
94249,2025-07-13 01:38:30,1,2,0
94249,2025-07-13 01:33:30,1,2,0
94249,2025-07-13 01:28:29,1,2,0
94249,2025-07-13 01:23:29,0,2,0
94249,2025-07-13 01:18:29,1,2,0
94249,2025-07-13 01:13:29,1,2,0
94249,2025-07-13 01:08:29,1,2,0
94249,2025-07-13 01:03:29,1,2,0
94249,2025-07-13 00:58:29,0,2,0
94249,2025-07-13 00:53:29,0,2,0
94249,2025-07-13 00:48:29,0,2,0
94249,2025-07-13 00:43:29,0,2,0
94249,2025-07-13 00:38:29,0,2,0
94249,2025-07-13 00:33:29,0,2,0
94249,2025-07-13 00:28:29,0,2,0
94249,2025-07-13 00:23:30,0,2,0
94249,2025-07-13 00:18:29,0,2,0
94249,2025-07-13 00:13:29,0,2,0
94249,2025-07-13 00:08:29,0,2,0
94249,2025-07-13 00:03:29,0,2,0
94249,2025-07-12 23:58:29,0,2,0
94249,2025-07-12 23:53:29,0,2,0
94249,2025-07-12 23:48:29,0,2,0
94249,2025-07-12 23:43:29,0,2,0
94249,2025-07-12 23:38:29,0,2,0
94249,2025-07-12 23:33:29,0,2,0
94249,2025-07-12 23:28:29,0,2,0
94249,2025-07-12 23:23:29,0,2,0
94249,2025-07-12 23:18:29,0,2,0
94249,2025-07-12 23:13:29,0,2,0
94249,2025-07-12 23:08:29,0,2,0
94249,2025-07-12 23:03:29,0,2,0
94249,2025-07-12 22:58:29,0,2,0
94249,2025-07-12 22:53:29,0,2,0
94249,2025-07-12 22:48:29,0,2,0
94249,2025-07-12 22:43:29,0,2,0
94249,2025-07-12 22:38:29,0,2,0
94249,2025-07-12 22:33:29,0,2,0
94249,2025-07-12 22:28:29,0,2,0
94249,2025-07-12 22:23:29,0,2,0
94249,2025-07-12 22:18:29,0,2,0
94249,2025-07-12 22:13:29,0,2,0
94249,2025-07-12 22:08:29,0,2,0
94249,2025-07-12 22:03:29,0,2,0
94249,2025-07-12 21:58:29,0,2,0
94249,2025-07-12 21:53:29,0,2,0
94249,2025-07-12 21:48:29,0,2,0
94249,2025-07-12 21:43:29,0,2,0
94249,2025-07-12 21:38:29,0,2,0
94249,2025-07-12 21:33:29,0,2,0
94249,2025-07-12 21:28:29,0,2,0
94249,2025-07-12 21:23:29,1,2,0
94249,2025-07-12 21:18:29,0,2,0
94249,2025-07-12 21:13:29,0,2,0
94249,2025-07-12 21:08:29,0,2,0
94249,2025-07-12 21:03:29,0,2,0
94249,2025-07-12 20:58:29,0,2,0
94249,2025-07-12 20:53:29,0,2,0
94249,2025-07-12 20:48:29,0,2,0
94249,2025-07-12 20:43:29,0,2,0
94249,2025-07-12 20:38:29,0,2,0
94249,2025-07-12 20:33:29,0,2,0
94249,2025-07-12 20:28:29,0,2,0
94249,2025-07-12 20:23:29,0,2,0
94249,2025-07-12 20:18:29,0,2,0
94249,2025-07-12 20:13:29,0,2,0
94249,2025-07-12 20:08:29,0,2,0
94249,2025-07-12 20:03:30,0,2,0
94249,2025-07-12 19:58:29,0,2,0
94249,2025-07-12 19:53:29,0,2,0
94249,2025-07-12 19:48:29,0,2,0
94249,2025-07-12 19:43:29,0,2,0
94249,2025-07-12 19:38:29,0,2,0
94249,2025-07-12 19:33:29,0,2,0
94249,2025-07-12 19:28:29,0,2,0
94249,2025-07-12 19:24:56,0,2,0
94249,2025-07-12 19:20:00,0,2,0
94249,2025-07-12 19:13:34,0,2,0
94249,2025-07-12 19:08:29,0,2,0
94249,2025-07-12 19:03:29,0,2,0
94249,2025-07-12 18:58:29,0,2,0
94249,2025-07-12 18:53:29,0,2,0
94249,2025-07-12 18:48:30,0,2,0
94249,2025-07-12 18:43:29,0,2,0
94249,2025-07-12 18:38:29,0,2,0
94249,2025-07-12 18:33:29,0,2,0
94249,2025-07-12 18:28:29,0,2,0
94249,2025-07-12 18:23:29,0,2,0
94249,2025-07-12 18:18:29,0,2,0
94249,2025-07-12 18:13:29,0,2,0
94249,2025-07-12 18:08:29,0,2,0
94249,2025-07-12 18:03:29,0,2,0
94249,2025-07-12 17:58:29,0,2,0
94249,2025-07-12 17:53:29,0,2,0
94249,2025-07-12 17:48:29,0,2,0
94249,2025-07-12 17:43:29,0,2,0
94249,2025-07-12 17:38:29,0,2,0
94249,2025-07-12 17:33:29,0,2,0
94249,2025-07-12 17:28:30,0,2,0
94249,2025-07-12 17:23:29,0,2,0
94249,2025-07-12 17:18:29,0,2,0
94249,2025-07-12 17:13:29,0,2,0
94249,2025-07-12 17:08:29,0,2,0
94249,2025-07-12 17:03:29,0,2,0
94249,2025-07-12 16:58:29,0,2,0
94249,2025-07-12 16:53:29,0,2,0
94249,2025-07-12 16:48:29,0,2,0
94249,2025-07-12 16:43:29,0,2,0
94249,2025-07-12 16:38:29,0,2,0
94249,2025-07-12 16:33:29,0,2,0
94249,2025-07-12 16:28:32,0,2,0
94249,2025-07-12 16:23:29,0,2,0
94249,2025-07-12 16:18:29,0,2,0
94249,2025-07-12 16:13:29,0,2,0
94249,2025-07-12 16:08:29,0,2,0
94249,2025-07-12 16:03:29,0,2,0
94249,2025-07-12 15:58:29,0,2,0
94249,2025-07-12 15:53:29,0,2,0
94249,2025-07-12 15:48:29,0,2,0
94249,2025-07-12 15:43:29,0,2,0
94249,2025-07-12 15:38:29,0,2,0
94249,2025-07-12 15:33:29,0,2,0
94249,2025-07-12 15:28:29,0,2,0
94249,2025-07-12 15:23:29,0,2,0
94249,2025-07-12 15:18:29,0,2,0
94249,2025-07-12 15:13:29,0,2,0
94249,2025-07-12 15:08:29,0,2,0
94249,2025-07-12 15:03:29,0,2,0
94249,2025-07-12 14:58:29,0,2,0
94249,2025-07-12 14:53:29,0,2,0
94249,2025-07-12 14:48:29,0,2,0
94249,2025-07-12 14:43:29,0,2,0
94249,2025-07-12 14:38:29,0,2,0
94249,2025-07-12 14:33:32,0,2,0
94249,2025-07-12 14:28:29,0,2,0
94249,2025-07-12 14:23:29,0,2,0
94249,2025-07-12 14:18:29,0,2,0
94249,2025-07-12 14:13:29,0,2,0
94249,2025-07-12 14:08:29,0,2,0
94249,2025-07-12 14:03:29,0,2,0
94249,2025-07-12 13:58:29,0,2,0
94249,2025-07-12 13:53:29,0,2,0
94249,2025-07-12 13:48:29,0,2,0
94249,2025-07-12 13:43:29,0,2,0
94249,2025-07-12 13:38:29,0,2,0
94249,2025-07-12 13:33:29,0,2,0
94249,2025-07-12 13:28:29,0,2,0
94249,2025-07-12 13:23:29,0,2,0
94249,2025-07-12 13:18:29,0,2,0
94249,2025-07-12 13:13:30,0,2,0
94249,2025-07-12 13:08:29,0,2,0
94249,2025-07-12 13:03:29,0,2,0
94249,2025-07-12 12:58:29,0,2,0
94249,2025-07-12 12:53:29,0,2,0
94249,2025-07-12 12:48:29,0,2,0
94249,2025-07-12 12:43:29,0,2,0
94249,2025-07-12 12:38:29,0,2,0
94249,2025-07-12 12:33:29,0,2,0
94249,2025-07-12 12:28:29,0,2,0
94249,2025-07-12 12:23:29,0,2,0
94249,2025-07-12 12:18:29,0,2,0
94249,2025-07-12 12:13:29,0,2,0
94249,2025-07-12 12:08:29,0,2,0
94249,2025-07-12 12:03:29,0,2,0
94249,2025-07-12 11:58:29,0,2,0
94249,2025-07-12 11:53:29,0,2,0
94249,2025-07-12 11:48:29,0,2,0
94249,2025-07-12 11:43:29,0,2,0
94249,2025-07-12 11:38:29,0,2,0
94249,2025-07-12 11:33:29,0,2,0
94249,2025-07-12 11:28:29,0,2,0
94249,2025-07-12 11:23:29,0,2,0
94249,2025-07-12 11:18:29,0,2,0
94249,2025-07-12 11:13:29,0,2,0
94249,2025-07-12 11:08:29,0,2,0
94249,2025-07-12 11:03:29,0,2,0
94249,2025-07-12 10:58:29,0,2,0
94249,2025-07-12 10:53:29,0,2,0
94249,2025-07-12 10:48:29,0,2,0
94249,2025-07-12 10:43:29,1,2,0
94249,2025-07-12 10:38:29,1,2,0
94249,2025-07-12 10:33:29,1,2,0
94249,2025-07-12 10:28:29,0,2,0
94249,2025-07-12 10:23:29,0,2,0
94249,2025-07-12 10:18:29,0,2,0
94249,2025-07-12 10:13:29,0,2,0
94249,2025-07-12 10:08:30,0,2,0
94249,2025-07-12 10:03:29,0,2,0
94249,2025-07-12 09:58:29,0,2,0
94249,2025-07-12 09:53:29,0,2,0
94249,2025-07-12 09:48:29,0,2,0
94249,2025-07-12 09:43:29,0,2,0
94249,2025-07-12 09:38:29,0,2,0
94249,2025-07-12 09:33:29,0,2,0
94249,2025-07-12 09:28:29,0,2,0
94249,2025-07-12 09:23:29,0,2,0
94249,2025-07-12 09:18:29,0,2,0
94249,2025-07-12 09:13:29,0,2,0
94249,2025-07-12 09:08:29,0,2,0
94249,2025-07-12 09:03:29,0,2,0
94249,2025-07-12 08:58:29,0,2,0
94249,2025-07-12 08:53:29,0,2,0
94249,2025-07-12 08:48:29,0,2,0
94249,2025-07-12 08:43:29,0,2,0
94249,2025-07-12 08:38:29,0,2,0
94249,2025-07-12 08:33:29,0,2,0
94249,2025-07-12 08:28:29,0,2,0
94249,2025-07-12 08:23:29,0,2,0
94249,2025-07-12 08:18:29,0,2,0
94249,2025-07-12 08:13:29,0,2,0
94249,2025-07-12 08:08:29,0,2,0
94249,2025-07-12 08:03:29,0,2,0
94249,2025-07-12 07:58:29,0,2,0
94249,2025-07-12 07:53:30,0,2,0
94249,2025-07-12 07:48:29,0,2,0
94249,2025-07-12 07:43:29,0,2,0
94249,2025-07-12 07:38:29,1,2,0
94249,2025-07-12 07:33:30,1,2,0
94249,2025-07-12 07:28:29,1,2,0
94249,2025-07-12 07:23:29,1,2,0
94249,2025-07-12 07:18:29,1,2,0
94249,2025-07-12 07:13:31,1,2,0
94249,2025-07-12 07:08:29,1,2,0
94249,2025-07-12 07:03:29,1,2,0
94249,2025-07-12 06:58:29,1,2,0
94249,2025-07-12 06:53:29,1,2,0
94249,2025-07-12 06:48:29,1,2,0
94249,2025-07-12 06:43:29,1,2,0
94249,2025-07-12 06:38:29,1,2,0
94249,2025-07-12 06:33:30,1,2,0
94249,2025-07-12 06:28:29,1,2,0
94249,2025-07-12 06:23:29,1,2,0
94249,2025-07-12 06:18:29,1,2,0
94249,2025-07-12 06:13:30,1,2,0
94249,2025-07-12 06:08:30,1,2,0
94249,2025-07-12 06:03:29,1,2,0
94249,2025-07-12 05:58:29,1,2,0
94249,2025-07-12 05:53:29,1,2,0
94249,2025-07-12 05:48:29,1,2,0
94249,2025-07-12 05:43:29,0,2,0
94249,2025-07-12 05:38:29,0,2,0
94249,2025-07-12 05:33:29,0,2,0
94249,2025-07-12 05:28:30,0,2,0
94249,2025-07-12 05:23:29,0,2,0
94249,2025-07-12 05:18:29,0,2,0
94249,2025-07-12 05:13:29,0,2,0
94249,2025-07-12 05:08:29,0,2,0
94249,2025-07-12 05:03:29,0,2,0
94249,2025-07-12 04:58:29,0,2,0
94249,2025-07-12 04:53:29,1,2,0
94249,2025-07-12 04:48:29,1,2,0
94249,2025-07-12 04:43:29,1,2,0
94249,2025-07-12 04:38:29,1,2,0
94249,2025-07-12 04:33:29,1,2,0
94249,2025-07-12 04:28:29,1,2,0
94249,2025-07-12 04:23:29,1,2,0
94249,2025-07-12 04:18:29,1,2,0
94249,2025-07-12 04:13:29,1,2,0
94249,2025-07-12 04:08:29,1,2,0
94249,2025-07-12 04:03:29,1,2,0
94249,2025-07-12 03:58:29,1,2,0
94249,2025-07-12 03:53:29,1,2,0
94249,2025-07-12 03:48:29,1,2,0
94249,2025-07-12 03:43:29,1,2,0
94249,2025-07-12 03:38:29,1,2,0
94249,2025-07-12 03:33:29,0,2,0
94249,2025-07-12 03:28:29,0,2,0
94249,2025-07-12 03:23:29,0,2,0
94249,2025-07-12 03:18:29,0,2,0
94249,2025-07-12 03:13:29,0,2,0
94249,2025-07-12 03:08:29,0,2,0
94249,2025-07-12 03:03:29,0,2,0
94249,2025-07-12 02:58:29,0,2,0
94249,2025-07-12 02:53:29,0,2,0
94249,2025-07-12 02:48:29,0,2,0
94249,2025-07-12 02:43:29,0,2,0
94249,2025-07-12 02:38:29,0,2,0
94249,2025-07-12 02:33:30,0,2,0
94249,2025-07-12 02:28:29,0,2,0
94249,2025-07-12 02:23:29,0,2,0
94249,2025-07-12 02:18:29,0,2,0
94249,2025-07-12 02:13:29,0,2,0
94249,2025-07-12 02:08:29,0,2,0
94249,2025-07-12 02:03:29,0,2,0
94249,2025-07-12 01:58:29,0,2,0
94249,2025-07-12 01:53:29,0,2,0
94249,2025-07-12 01:48:29,0,2,0
94249,2025-07-12 01:43:29,0,2,0
94249,2025-07-12 01:38:29,0,2,0
94249,2025-07-12 01:33:29,0,2,0
94249,2025-07-12 01:28:29,0,2,0
94249,2025-07-12 01:23:29,0,2,0
94249,2025-07-12 01:18:29,1,2,0
94249,2025-07-12 01:13:29,1,2,0
94249,2025-07-12 01:08:29,1,2,0
94249,2025-07-12 01:03:29,1,2,0
94249,2025-07-12 00:58:29,1,2,0
94249,2025-07-12 00:53:29,1,2,0
94249,2025-07-12 00:48:29,1,2,0
94249,2025-07-12 00:43:29,0,2,0
94249,2025-07-12 00:38:29,0,2,0
94249,2025-07-12 00:33:29,0,2,0
94249,2025-07-12 00:28:29,0,2,0
94249,2025-07-12 00:23:29,0,2,0
94249,2025-07-12 00:18:29,0,2,0
94249,2025-07-12 00:13:29,0,2,0
94249,2025-07-12 00:08:29,0,2,0
94249,2025-07-12 00:03:29,0,2,0
94249,2025-07-11 23:58:29,0,2,0
94249,2025-07-11 23:53:29,0,2,0
94249,2025-07-11 23:48:29,0,2,0
94249,2025-07-11 23:43:31,0,2,0
94249,2025-07-11 23:38:29,0,2,0
94249,2025-07-11 23:33:29,0,2,0
94249,2025-07-11 23:28:29,0,2,0
94249,2025-07-11 23:23:29,0,2,0
94249,2025-07-11 23:18:29,1,2,0
94249,2025-07-11 23:13:29,0,2,0
94249,2025-07-11 23:08:29,0,2,0
94249,2025-07-11 23:03:29,0,2,0
94249,2025-07-11 22:58:29,0,2,0
94249,2025-07-11 22:53:29,0,2,0
94249,2025-07-11 22:48:29,0,2,0
94249,2025-07-11 22:43:29,0,2,0
94249,2025-07-11 22:38:29,0,2,0
94249,2025-07-11 22:33:30,0,2,0
94249,2025-07-11 22:28:29,0,2,0
94249,2025-07-11 22:23:29,0,2,0
94249,2025-07-11 22:18:29,0,2,0
94249,2025-07-11 22:13:29,0,2,0
94249,2025-07-11 22:08:29,0,2,0
94249,2025-07-11 22:03:29,0,2,0
94249,2025-07-11 21:58:29,0,2,0
94249,2025-07-11 21:53:29,0,2,0
94249,2025-07-11 21:48:29,0,2,0
94249,2025-07-11 21:43:29,0,2,0
94249,2025-07-11 21:38:29,0,2,0
94249,2025-07-11 21:33:29,0,2,0
94249,2025-07-11 21:28:29,1,2,0
94249,2025-07-11 21:23:29,1,2,0
94249,2025-07-11 21:18:29,1,2,0
94249,2025-07-11 21:13:29,2,2,0
94249,2025-07-11 21:08:29,2,2,0
94249,2025-07-11 21:03:29,2,2,0
94249,2025-07-11 20:58:29,2,2,0
94249,2025-07-11 20:53:30,2,2,0
94249,2025-07-11 20:48:29,2,2,0
94249,2025-07-11 20:43:29,2,2,0
94249,2025-07-11 20:38:29,2,2,0
94249,2025-07-11 20:33:29,2,2,0
94249,2025-07-11 20:28:29,2,2,0
94249,2025-07-11 20:23:29,2,2,0
94249,2025-07-11 20:18:29,2,2,0
94249,2025-07-11 20:13:32,2,2,0
94249,2025-07-11 20:08:30,2,2,0
94249,2025-07-11 20:03:31,2,2,0
94249,2025-07-11 19:58:31,2,2,0
94249,2025-07-11 19:53:29,2,2,0
94249,2025-07-11 19:48:29,2,2,0
94249,2025-07-11 19:43:29,2,2,0
94249,2025-07-11 19:38:29,2,2,0
94249,2025-07-11 19:33:29,2,2,0
94249,2025-07-11 19:28:29,2,2,0
94249,2025-07-11 19:23:29,2,2,0
94249,2025-07-11 19:18:29,2,2,0
94249,2025-07-11 19:13:30,2,2,0
94249,2025-07-11 19:08:29,2,2,0
94249,2025-07-11 19:03:29,2,2,0
94249,2025-07-11 18:58:29,2,2,0
94249,2025-07-11 18:53:29,2,2,0
94249,2025-07-11 18:48:29,2,2,0
94249,2025-07-11 18:43:29,2,2,0
94249,2025-07-11 18:38:29,2,2,0
94249,2025-07-11 18:33:29,2,2,0
94249,2025-07-11 18:28:30,2,2,0
94249,2025-07-11 18:23:29,2,2,0
94249,2025-07-11 18:18:29,2,2,0
94249,2025-07-11 18:13:29,2,2,0
94249,2025-07-11 18:08:29,2,2,0
94249,2025-07-11 18:03:29,2,2,0
94249,2025-07-11 17:58:29,2,2,0
94249,2025-07-11 17:53:29,2,2,0
94249,2025-07-11 17:48:29,2,2,0
94249,2025-07-11 17:43:29,2,2,0
94249,2025-07-11 17:38:29,2,2,0
94249,2025-07-11 17:33:29,2,2,0
94249,2025-07-11 17:28:29,2,2,0
94249,2025-07-11 17:23:29,2,2,0
94249,2025-07-11 17:18:29,2,2,0
94249,2025-07-11 17:13:30,2,2,0
94249,2025-07-11 17:08:29,2,2,0
94249,2025-07-11 17:03:30,2,2,0
94249,2025-07-11 16:58:29,2,2,0
94249,2025-07-11 16:53:29,2,2,0
94249,2025-07-11 16:48:29,2,2,0
94249,2025-07-11 16:43:29,2,2,0
94249,2025-07-11 16:38:29,2,2,0
94249,2025-07-11 16:33:29,2,2,0
94249,2025-07-11 16:28:29,2,2,0
94249,2025-07-11 16:23:29,2,2,0
94249,2025-07-11 16:18:31,2,2,0
94249,2025-07-11 16:13:30,2,2,0
94249,2025-07-11 16:08:29,2,2,0
94249,2025-07-11 16:03:29,2,2,0
94249,2025-07-11 15:58:29,2,2,0
94249,2025-07-11 15:53:29,2,2,0
94249,2025-07-11 15:48:29,2,2,0
94249,2025-07-11 15:43:29,2,2,0
94249,2025-07-11 15:38:29,2,2,0
94249,2025-07-11 15:33:29,2,2,0
94249,2025-07-11 15:28:29,2,2,0
94249,2025-07-11 15:23:29,2,2,0
94249,2025-07-11 15:18:29,2,2,0
94249,2025-07-11 15:13:29,2,2,0
94249,2025-07-11 15:08:29,2,2,0
94249,2025-07-11 15:03:29,2,2,0
94249,2025-07-11 14:58:29,2,2,0
94249,2025-07-11 14:53:29,2,2,0
94249,2025-07-11 14:48:29,2,2,0
94249,2025-07-11 14:43:29,2,2,0
94249,2025-07-11 14:38:29,2,2,0
94249,2025-07-11 14:33:29,2,2,0
94249,2025-07-11 14:28:29,2,2,0
94249,2025-07-11 14:23:29,2,2,0
94249,2025-07-11 14:18:29,2,2,0
94249,2025-07-11 14:13:29,2,2,0
94249,2025-07-11 14:08:29,2,2,0
94249,2025-07-11 14:03:29,2,2,0
94249,2025-07-11 13:58:29,1,2,0
94249,2025-07-11 13:53:29,1,2,0
94249,2025-07-11 13:48:29,1,2,0
94249,2025-07-11 13:43:29,1,2,0
94249,2025-07-11 13:38:29,1,2,0
94249,2025-07-11 13:33:29,1,2,0
94249,2025-07-11 13:28:29,1,2,0
94249,2025-07-11 13:23:29,1,2,0
94249,2025-07-11 13:18:29,1,2,0
94249,2025-07-11 13:13:29,1,2,0
94249,2025-07-11 13:08:29,1,2,0
94249,2025-07-11 13:03:29,1,2,0
94249,2025-07-11 12:58:29,1,2,0
94249,2025-07-11 12:53:29,1,2,0
94249,2025-07-11 12:48:29,1,2,0
94249,2025-07-11 12:43:29,1,2,0
94249,2025-07-11 12:38:29,1,2,0
94249,2025-07-11 12:33:29,1,2,0
94249,2025-07-11 12:28:29,1,2,0
94249,2025-07-11 12:23:29,1,2,0
94249,2025-07-11 12:18:29,1,2,0
94249,2025-07-11 12:13:29,1,2,0
94249,2025-07-11 12:08:29,1,2,0
94249,2025-07-11 12:03:29,1,2,0
94249,2025-07-11 11:58:29,1,2,0
94249,2025-07-11 11:53:29,1,2,0
94249,2025-07-11 11:48:29,0,2,0
94249,2025-07-11 11:43:29,0,2,0
94249,2025-07-11 11:38:29,0,2,0
94249,2025-07-11 11:33:29,0,2,0
94249,2025-07-11 11:28:29,0,2,0
94249,2025-07-11 11:23:29,0,2,0
94249,2025-07-11 11:18:29,0,2,0
94249,2025-07-11 11:13:29,0,2,0
94249,2025-07-11 11:08:29,0,2,0
94249,2025-07-11 11:03:29,0,2,0
94249,2025-07-11 10:58:29,0,2,0
94249,2025-07-11 10:53:29,0,2,0
94249,2025-07-11 10:48:29,0,2,0
94249,2025-07-11 10:43:29,0,2,0
94249,2025-07-11 10:38:29,0,2,0
94249,2025-07-11 10:33:29,0,2,0
94249,2025-07-11 10:28:29,0,2,0
94249,2025-07-11 10:23:29,0,2,0
94249,2025-07-11 10:18:29,0,2,0
94249,2025-07-11 10:13:29,0,2,0
94249,2025-07-11 10:08:29,0,2,0
94249,2025-07-11 10:03:29,0,2,0
94249,2025-07-11 09:58:29,0,2,0
94249,2025-07-11 09:53:29,0,2,0
94249,2025-07-11 09:48:29,0,2,0
94249,2025-07-11 09:43:29,0,2,0
94249,2025-07-11 09:38:29,0,2,0
94249,2025-07-11 09:33:29,0,2,0
94249,2025-07-11 09:28:29,0,2,0
94249,2025-07-11 09:23:29,0,2,0
94249,2025-07-11 09:18:29,0,2,0
94249,2025-07-11 09:13:29,0,2,0
94249,2025-07-11 09:08:29,0,2,0
94249,2025-07-11 09:03:29,0,2,0
94249,2025-07-11 08:58:29,0,2,0
94249,2025-07-11 08:53:29,0,2,0
94249,2025-07-11 08:48:29,0,2,0
94249,2025-07-11 08:43:29,0,2,0
94249,2025-07-11 08:38:29,0,2,0
94249,2025-07-11 08:33:29,0,2,0
94249,2025-07-11 08:28:29,0,2,0
94249,2025-07-11 08:23:29,0,2,0
94249,2025-07-11 08:18:29,0,2,0
94249,2025-07-11 08:13:29,0,2,0
94249,2025-07-11 08:08:29,0,2,0
94249,2025-07-11 08:03:29,0,2,0
94249,2025-07-11 07:58:29,0,2,0
94249,2025-07-11 07:53:29,0,2,0
94249,2025-07-11 07:48:29,0,2,0
94249,2025-07-11 07:43:29,0,2,0
94249,2025-07-11 07:38:29,0,2,0
94249,2025-07-11 07:33:29,0,2,0
94249,2025-07-11 07:28:29,0,2,0
94249,2025-07-11 07:23:29,0,2,0
94249,2025-07-11 07:18:29,0,2,0
94249,2025-07-11 07:13:29,0,2,0
94249,2025-07-11 07:08:29,0,2,0
94249,2025-07-11 07:03:29,0,2,0
94249,2025-07-11 06:58:30,0,2,0
94249,2025-07-11 06:53:29,0,2,0
94249,2025-07-11 06:48:29,0,2,0
94249,2025-07-11 06:43:30,0,2,0
94249,2025-07-11 06:38:29,0,2,0
94249,2025-07-11 06:33:29,0,2,0
94249,2025-07-11 06:28:32,0,2,0
94249,2025-07-11 06:23:29,0,2,0
94249,2025-07-11 06:18:29,0,2,0
94249,2025-07-11 06:13:30,0,2,0
94249,2025-07-11 06:08:30,0,2,0
94249,2025-07-11 06:03:29,0,2,0
94249,2025-07-11 05:58:29,0,2,0
94249,2025-07-11 05:53:29,0,2,0
94249,2025-07-11 05:48:29,0,2,0
94249,2025-07-11 05:43:29,0,2,0
94249,2025-07-11 05:38:29,0,2,0
94249,2025-07-11 05:33:29,0,2,0
94249,2025-07-11 05:28:29,0,2,0
94249,2025-07-11 05:23:29,0,2,0
94249,2025-07-11 05:18:29,0,2,0
94249,2025-07-11 05:13:29,0,2,0
94249,2025-07-11 05:08:29,0,2,0
94249,2025-07-11 05:03:29,0,2,0
94249,2025-07-11 04:58:29,0,2,0
94249,2025-07-11 04:53:29,0,2,0
94249,2025-07-11 04:48:29,0,2,0
94249,2025-07-11 04:43:29,0,2,0
94249,2025-07-11 04:38:29,1,2,0
94249,2025-07-11 04:33:29,1,2,0
94249,2025-07-11 04:28:29,1,2,0
94249,2025-07-11 04:23:29,1,2,0
94249,2025-07-11 04:18:29,1,2,0
94249,2025-07-11 04:13:29,1,2,0
94249,2025-07-11 04:08:29,1,2,0
94249,2025-07-11 04:03:29,1,2,0
94249,2025-07-11 03:58:29,1,2,0
94249,2025-07-11 03:53:29,0,2,0
94249,2025-07-11 03:48:29,0,2,0
94249,2025-07-11 03:43:29,0,2,0
94249,2025-07-11 03:38:29,0,2,0
94249,2025-07-11 03:33:29,0,2,0
94249,2025-07-11 03:28:29,0,2,0
94249,2025-07-11 03:23:29,0,2,0
94249,2025-07-11 03:18:29,0,2,0
94249,2025-07-11 03:13:29,0,2,0
94249,2025-07-11 03:08:29,0,2,0
94249,2025-07-11 03:03:29,0,2,0
94249,2025-07-11 02:58:29,0,2,0
94249,2025-07-11 02:53:29,0,2,0
94249,2025-07-11 02:48:29,0,2,0
94249,2025-07-11 02:43:29,0,2,0
94249,2025-07-11 02:38:29,0,2,0
94249,2025-07-11 02:33:29,0,2,0
94249,2025-07-11 02:28:29,0,2,0
94249,2025-07-11 02:23:29,0,2,0
94249,2025-07-11 02:18:29,0,2,0
94249,2025-07-11 02:13:29,0,2,0
94249,2025-07-11 02:08:29,0,2,0
94249,2025-07-11 02:03:29,0,2,0
94249,2025-07-11 01:58:29,0,2,0
94249,2025-07-11 01:53:29,0,2,0
94249,2025-07-11 01:48:29,0,2,0
94249,2025-07-11 01:43:29,1,2,0
94249,2025-07-11 01:38:29,1,2,0
94249,2025-07-11 01:33:29,1,2,0
94249,2025-07-11 01:28:29,1,2,0
94249,2025-07-11 01:23:29,1,2,0
94249,2025-07-11 01:18:29,1,2,0
94249,2025-07-11 01:13:29,1,2,0
94249,2025-07-11 01:08:29,1,2,0
94249,2025-07-11 01:03:29,1,2,0
94249,2025-07-11 00:58:29,1,2,0
94249,2025-07-11 00:53:29,1,2,0
94249,2025-07-11 00:48:29,0,2,0
94249,2025-07-11 00:43:29,0,2,0
94249,2025-07-11 00:38:29,0,2,0
94249,2025-07-11 00:33:29,0,2,0
94249,2025-07-11 00:28:29,0,2,0
94249,2025-07-11 00:23:29,0,2,0
94249,2025-07-11 00:18:29,0,2,0
94249,2025-07-11 00:13:29,0,2,0
94249,2025-07-11 00:08:29,0,2,0
94249,2025-07-11 00:03:29,0,2,0
94249,2025-07-10 23:58:29,0,2,0
94249,2025-07-10 23:53:29,0,2,0
94249,2025-07-10 23:48:29,0,2,0
94249,2025-07-10 23:43:29,1,2,0
94249,2025-07-10 23:38:29,1,2,0
94249,2025-07-10 23:33:29,1,2,0
94249,2025-07-10 23:28:29,0,2,0
94249,2025-07-10 23:23:29,0,2,0
94249,2025-07-10 23:18:29,0,2,0
94249,2025-07-10 23:13:29,0,2,0
94249,2025-07-10 23:08:29,1,2,0
94249,2025-07-10 23:03:30,1,2,0
94249,2025-07-10 22:58:29,1,2,0
94249,2025-07-10 22:53:30,1,2,0
94249,2025-07-10 22:48:29,1,2,0
94249,2025-07-10 22:43:29,1,2,0
94249,2025-07-10 22:38:29,1,2,0
94249,2025-07-10 22:33:29,1,2,0
94249,2025-07-10 22:28:29,1,2,0
94249,2025-07-10 22:23:29,1,2,0
94249,2025-07-10 22:18:29,0,2,0
94249,2025-07-10 22:13:29,0,2,0
94249,2025-07-10 22:08:29,0,2,0
94249,2025-07-10 22:03:30,1,2,0
94249,2025-07-10 21:58:29,1,2,0
94249,2025-07-10 21:53:30,1,2,0
94249,2025-07-10 21:48:29,1,2,0
94249,2025-07-10 21:43:30,2,2,0
94249,2025-07-10 21:38:29,2,2,0
94249,2025-07-10 21:33:29,2,2,0
94249,2025-07-10 21:28:29,2,2,0
94249,2025-07-10 21:23:29,2,2,0
94249,2025-07-10 21:18:29,2,2,0
94249,2025-07-10 21:13:29,2,2,0
94249,2025-07-10 21:08:29,2,2,0
94249,2025-07-10 21:03:29,2,2,0
94249,2025-07-10 20:58:30,2,2,0
94249,2025-07-10 20:53:29,2,2,0
94249,2025-07-10 20:48:29,2,2,0
94249,2025-07-10 20:43:29,2,2,0
94249,2025-07-10 20:38:29,2,2,0
94249,2025-07-10 20:33:29,2,2,0
94249,2025-07-10 20:28:29,2,2,0
94249,2025-07-10 20:23:30,2,2,0
94249,2025-07-10 20:18:29,2,2,0
94249,2025-07-10 20:13:29,2,2,0
94249,2025-07-10 20:08:29,2,2,0
94249,2025-07-10 20:03:29,2,2,0
94249,2025-07-10 19:58:29,2,2,0
94249,2025-07-10 19:53:29,2,2,0
94249,2025-07-10 19:48:29,2,2,0
94249,2025-07-10 19:43:29,2,2,0
94249,2025-07-10 19:38:29,2,2,0
94249,2025-07-10 19:33:30,2,2,0
94249,2025-07-10 19:28:29,2,2,0
94249,2025-07-10 19:23:29,2,2,0
94249,2025-07-10 19:18:29,2,2,0
94249,2025-07-10 19:13:29,2,2,0
94249,2025-07-10 19:08:29,2,2,0
94249,2025-07-10 19:03:30,2,2,0
94249,2025-07-10 18:58:29,1,2,0
94249,2025-07-10 18:53:29,1,2,0
94249,2025-07-10 18:48:29,1,2,0
94249,2025-07-10 18:43:29,1,2,0
94249,2025-07-10 18:38:29,1,2,0
94249,2025-07-10 18:33:29,1,2,0
94249,2025-07-10 18:28:29,1,2,0
94249,2025-07-10 18:23:31,1,2,0
94249,2025-07-10 18:18:45,1,2,0
94249,2025-07-10 18:13:29,1,2,0
94249,2025-07-10 18:08:29,1,2,0
94249,2025-07-10 18:03:29,1,2,0
94249,2025-07-10 18:00:02,1,2,0
94249,2025-07-10 17:53:30,1,2,0
94249,2025-07-10 17:48:29,1,2,0
94249,2025-07-10 17:43:30,1,2,0
94249,2025-07-10 17:38:29,1,2,0
94249,2025-07-10 17:33:29,1,2,0
94249,2025-07-10 17:28:29,1,2,0
94249,2025-07-10 17:23:29,1,2,0
94249,2025-07-10 17:18:29,1,2,0
94249,2025-07-10 17:13:29,1,2,0
94249,2025-07-10 17:08:29,1,2,0
94249,2025-07-10 17:03:30,1,2,0
94249,2025-07-10 16:58:29,1,2,0
94249,2025-07-10 16:53:29,1,2,0
94249,2025-07-10 16:48:29,1,2,0
94249,2025-07-10 16:43:29,1,2,0
94249,2025-07-10 16:38:29,1,2,0
94249,2025-07-10 16:33:29,1,2,0
94249,2025-07-10 16:28:29,1,2,0
94249,2025-07-10 16:23:29,1,2,0
94249,2025-07-10 16:18:29,1,2,0
94249,2025-07-10 16:13:29,1,2,0
94249,2025-07-10 16:08:29,1,2,0
94249,2025-07-10 16:03:30,1,2,0
94249,2025-07-10 15:58:29,1,2,0
94249,2025-07-10 15:53:29,1,2,0
94249,2025-07-10 15:48:29,1,2,0
94249,2025-07-10 15:43:31,1,2,0
94249,2025-07-10 15:38:29,1,2,0
94249,2025-07-10 15:33:29,1,2,0
94249,2025-07-10 15:28:29,1,2,0
94249,2025-07-10 15:23:29,1,2,0
94249,2025-07-10 15:18:30,1,2,0
94249,2025-07-10 15:13:29,1,2,0
94249,2025-07-10 15:08:31,1,2,0
94249,2025-07-10 15:03:41,1,2,0
94249,2025-07-10 14:58:29,1,2,0
94249,2025-07-10 14:53:29,1,2,0
94249,2025-07-10 14:48:29,1,2,0
94249,2025-07-10 14:43:29,1,2,0
94249,2025-07-10 14:38:29,1,2,0
94249,2025-07-10 14:33:29,1,2,0
94249,2025-07-10 14:28:29,1,2,0
94249,2025-07-10 14:23:29,1,2,0
94249,2025-07-10 14:18:29,1,2,0
94249,2025-07-10 14:13:29,1,2,0
94249,2025-07-10 14:08:35,1,2,0
94249,2025-07-10 14:03:29,1,2,0
94249,2025-07-10 13:58:30,1,2,0
94249,2025-07-10 13:53:29,1,2,0
94249,2025-07-10 13:48:29,1,2,0
94249,2025-07-10 13:43:29,1,2,0
94249,2025-07-10 13:38:29,1,2,0
94249,2025-07-10 13:33:29,1,2,0
94249,2025-07-10 13:28:29,1,2,0
94249,2025-07-10 13:23:29,1,2,0
94249,2025-07-10 13:18:29,1,2,0
94249,2025-07-10 13:13:29,1,2,0
94249,2025-07-10 13:08:29,1,2,0
94249,2025-07-10 13:03:29,0,2,0
94249,2025-07-10 12:58:29,0,2,0
94249,2025-07-10 12:53:29,0,2,0
94249,2025-07-10 12:48:29,0,2,0
94249,2025-07-10 12:43:29,0,2,0
94249,2025-07-10 12:38:29,0,2,0
94249,2025-07-10 12:33:29,0,2,0
94249,2025-07-10 12:28:29,0,2,0
94249,2025-07-10 12:23:29,0,2,0
94249,2025-07-10 12:18:29,0,2,0
94249,2025-07-10 12:13:29,0,2,0
94249,2025-07-10 12:08:29,0,2,0
94249,2025-07-10 12:03:29,0,2,0
94249,2025-07-10 11:58:29,0,2,0
94249,2025-07-10 11:53:29,0,2,0
94249,2025-07-10 11:48:29,0,2,0
94249,2025-07-10 11:43:29,0,2,0
94249,2025-07-10 11:38:29,0,2,0
94249,2025-07-10 11:33:29,0,2,0
94249,2025-07-10 11:28:30,0,2,0
94249,2025-07-10 11:23:29,0,2,0
94249,2025-07-10 11:18:30,0,2,0
94249,2025-07-10 11:13:29,0,2,0
94249,2025-07-10 11:08:29,0,2,0
94249,2025-07-10 11:03:29,0,2,0
94249,2025-07-10 10:58:29,0,2,0
94249,2025-07-10 10:53:29,0,2,0
94249,2025-07-10 10:48:29,0,2,0
94249,2025-07-10 10:43:29,0,2,0
94249,2025-07-10 10:38:29,0,2,0
94249,2025-07-10 10:33:29,0,2,0
94249,2025-07-10 10:28:29,0,2,0
94249,2025-07-10 10:23:30,0,2,0
94249,2025-07-10 10:18:29,0,2,0
94249,2025-07-10 10:13:29,0,2,0
94249,2025-07-10 10:08:29,0,2,0
94249,2025-07-10 10:03:29,0,2,0
94249,2025-07-10 09:58:29,0,2,0
94249,2025-07-10 09:53:29,0,2,0
94249,2025-07-10 09:48:29,0,2,0
94249,2025-07-10 09:43:29,0,2,0
94249,2025-07-10 09:38:29,0,2,0
94249,2025-07-10 09:33:29,0,2,0
94249,2025-07-10 09:28:29,0,2,0
94249,2025-07-10 09:23:29,0,2,0
94249,2025-07-10 09:18:29,0,2,0
94249,2025-07-10 09:13:29,0,2,0
94249,2025-07-10 09:08:29,0,2,0
94249,2025-07-10 09:03:29,0,2,0
94249,2025-07-10 08:58:29,0,2,0
94249,2025-07-10 08:53:29,0,2,0
94249,2025-07-10 08:48:29,0,2,0
94249,2025-07-10 08:43:29,0,2,0
94249,2025-07-10 08:38:29,0,2,0
94249,2025-07-10 08:33:29,0,2,0
94249,2025-07-10 08:28:29,0,2,0
94249,2025-07-10 08:23:29,0,2,0
94249,2025-07-10 08:18:29,0,2,0
94249,2025-07-10 08:13:29,0,2,0
94249,2025-07-10 08:08:29,0,2,0
94249,2025-07-10 08:03:29,0,2,0
94249,2025-07-10 07:58:29,0,2,0
94249,2025-07-10 07:53:29,0,2,0
94249,2025-07-10 07:48:29,0,2,0
94249,2025-07-10 07:43:29,0,2,0
94249,2025-07-10 07:38:29,0,2,0
94249,2025-07-10 07:33:29,0,2,0
94249,2025-07-10 07:28:29,1,2,0
94249,2025-07-10 07:23:29,1,2,0
94249,2025-07-10 07:18:29,1,2,0
94249,2025-07-10 07:13:29,1,2,0
94249,2025-07-10 07:08:29,1,2,0
94249,2025-07-10 07:03:29,1,2,0
94249,2025-07-10 06:58:29,1,2,0
94249,2025-07-10 06:53:29,1,2,0
94249,2025-07-10 06:48:29,1,2,0
94249,2025-07-10 06:43:29,1,2,0
94249,2025-07-10 06:38:29,1,2,0
94249,2025-07-10 06:33:29,1,2,0
94249,2025-07-10 06:28:29,1,2,0
94249,2025-07-10 06:23:29,1,2,0
94249,2025-07-10 06:18:29,1,2,0
94249,2025-07-10 06:13:29,1,2,0
94249,2025-07-10 06:08:29,1,2,0
94249,2025-07-10 06:03:29,1,2,0
94249,2025-07-10 05:58:29,1,2,0
94249,2025-07-10 05:53:29,1,2,0
94249,2025-07-10 05:48:29,1,2,0
94249,2025-07-10 05:43:29,1,2,0
94249,2025-07-10 05:38:29,1,2,0
94249,2025-07-10 05:33:29,1,2,0
94249,2025-07-10 05:28:29,1,2,0
94249,2025-07-10 05:23:29,1,2,0
94249,2025-07-10 05:18:29,0,2,0
94249,2025-07-10 05:13:29,0,2,0
94249,2025-07-10 05:08:29,0,2,0
94249,2025-07-10 05:03:29,0,2,0
94249,2025-07-10 04:58:29,0,2,0
94249,2025-07-10 04:53:29,0,2,0
94249,2025-07-10 04:48:29,0,2,0
94249,2025-07-10 04:43:29,0,2,0
94249,2025-07-10 04:38:29,0,2,0
94249,2025-07-10 04:33:29,0,2,0
94249,2025-07-10 04:28:29,0,2,0
94249,2025-07-10 04:23:29,0,2,0
94249,2025-07-10 04:18:29,0,2,0
94249,2025-07-10 04:13:29,0,2,0
94249,2025-07-10 04:08:29,0,2,0
94249,2025-07-10 04:03:29,0,2,0
94249,2025-07-10 03:58:29,0,2,0
94249,2025-07-10 03:53:30,0,2,0
94249,2025-07-10 03:48:29,0,2,0
94249,2025-07-10 03:43:29,0,2,0
94249,2025-07-10 03:38:29,0,2,0
94249,2025-07-10 03:33:29,0,2,0
94249,2025-07-10 03:28:29,0,2,0
94249,2025-07-10 03:23:29,0,2,0
94249,2025-07-10 03:18:29,1,2,0
94249,2025-07-10 03:13:29,1,2,0
94249,2025-07-10 03:08:29,1,2,0
94249,2025-07-10 03:03:29,1,2,0
94249,2025-07-10 02:58:29,1,2,0
94249,2025-07-10 02:53:29,1,2,0
94249,2025-07-10 02:48:29,1,2,0
94249,2025-07-10 02:43:29,0,2,0
94249,2025-07-10 02:38:29,0,2,0
94249,2025-07-10 02:33:29,0,2,0
94249,2025-07-10 02:28:29,0,2,0
94249,2025-07-10 02:23:29,0,2,0
94249,2025-07-10 02:18:30,0,2,0
94249,2025-07-10 02:13:30,0,2,0
94249,2025-07-10 02:08:30,0,2,0
94249,2025-07-10 02:03:30,0,2,0
94249,2025-07-10 01:58:30,0,2,0
94249,2025-07-10 01:53:30,0,2,0
94249,2025-07-10 01:48:31,0,2,0
94249,2025-07-10 01:43:30,0,2,0
94249,2025-07-10 01:38:30,0,2,0
94249,2025-07-10 01:33:30,0,2,0
94249,2025-07-10 01:28:30,0,2,0
94249,2025-07-10 01:23:30,0,2,0
94249,2025-07-10 01:18:29,0,2,0
94249,2025-07-10 01:13:29,0,2,0
94249,2025-07-10 01:08:29,0,2,0
94249,2025-07-10 01:03:31,0,2,0
94249,2025-07-10 00:58:29,0,2,0
94249,2025-07-10 00:53:29,0,2,0
94249,2025-07-10 00:48:30,0,2,0
94249,2025-07-10 00:43:29,0,2,0
94249,2025-07-10 00:38:29,0,2,0
94249,2025-07-10 00:33:30,0,2,0
94249,2025-07-10 00:28:30,0,2,0
94249,2025-07-10 00:23:29,0,2,0
94249,2025-07-10 00:18:29,0,2,0
94249,2025-07-10 00:13:30,0,2,0
94249,2025-07-10 00:08:29,0,2,0
94249,2025-07-10 00:03:29,0,2,0
94249,2025-07-09 23:58:29,0,2,0
94249,2025-07-09 23:53:30,0,2,0
94249,2025-07-09 23:48:30,0,2,0
94249,2025-07-09 23:43:30,0,2,0
94249,2025-07-09 23:38:30,0,2,0
94249,2025-07-09 23:33:29,0,2,0
94249,2025-07-09 23:28:30,0,2,0
94249,2025-07-09 23:23:29,0,2,0
94249,2025-07-09 23:18:30,0,2,0
94249,2025-07-09 23:13:30,0,2,0
94249,2025-07-09 23:08:30,0,2,0
94249,2025-07-09 23:03:29,0,2,0
94249,2025-07-09 22:58:30,1,2,0
94249,2025-07-09 22:53:29,1,2,0
94249,2025-07-09 22:48:29,1,2,0
94249,2025-07-09 22:43:29,1,2,0
94249,2025-07-09 22:38:29,1,2,0
94249,2025-07-09 22:33:29,1,2,0
94249,2025-07-09 22:28:30,1,2,0
94249,2025-07-09 22:23:29,1,2,0
94249,2025-07-09 22:18:29,1,2,0
94249,2025-07-09 22:13:29,1,2,0
94249,2025-07-09 22:08:29,1,2,0
94249,2025-07-09 22:03:29,1,2,0
94249,2025-07-09 21:58:29,1,2,0
94249,2025-07-09 21:53:29,1,2,0
94249,2025-07-09 21:48:29,2,2,0
94249,2025-07-09 21:43:30,2,2,0
94249,2025-07-09 21:38:29,2,2,0
94249,2025-07-09 21:33:29,2,2,0
94249,2025-07-09 21:28:30,2,2,0
94249,2025-07-09 21:23:30,2,2,0
94249,2025-07-09 21:18:29,2,2,0
94249,2025-07-09 21:13:29,2,2,0
94249,2025-07-09 21:08:29,2,2,0
94249,2025-07-09 21:03:29,2,2,0
94249,2025-07-09 20:59:03,2,2,0
94249,2025-07-09 20:56:49,2,2,0
