speed,length,time
23,0.50,08/05/2023 04:20:52 PM
27,0.50,08/05/2023 04:10:33 PM
28,0.50,08/05/2023 04:01:18 PM
-1,0.50,08/05/2023 03:50:29 PM
-1,0.50,08/05/2023 03:40:17 PM
25,0.50,08/05/2023 03:31:02 PM
31,0.50,08/05/2023 03:20:52 PM
20,0.50,08/05/2023 03:10:45 PM
-1,0.50,08/05/2023 03:01:30 PM
-1,0.50,08/05/2023 02:50:29 PM
27,0.50,08/05/2023 02:40:16 PM
-1,0.50,08/05/2023 02:31:03 PM
27,0.50,08/05/2023 02:20:54 PM
-1,0.50,08/05/2023 02:10:48 PM
-1,0.50,08/05/2023 02:01:18 PM
23,0.50,08/05/2023 01:50:28 PM
24,0.50,08/05/2023 01:40:17 PM
32,0.50,08/05/2023 01:31:02 PM
25,0.50,08/05/2023 01:20:52 PM
27,0.50,08/05/2023 01:10:32 PM
-1,0.50,08/05/2023 01:01:19 PM
27,0.50,08/05/2023 12:50:30 PM
34,0.50,08/05/2023 12:40:14 PM
20,0.50,08/05/2023 12:31:01 PM
24,0.50,08/05/2023 12:20:52 PM
-1,0.50,08/05/2023 12:10:30 PM
20,0.50,08/05/2023 12:01:19 PM
27,0.50,08/05/2023 11:50:29 AM
23,0.50,08/05/2023 11:40:15 AM
26,0.50,08/05/2023 11:31:00 AM
-1,0.50,08/05/2023 11:20:52 AM
-1,0.50,08/05/2023 11:10:31 AM
26,0.50,08/05/2023 11:01:19 AM
23,0.50,08/05/2023 10:50:27 AM
20,0.50,08/05/2023 10:40:15 AM
28,0.50,08/05/2023 10:31:00 AM
-1,0.50,08/05/2023 10:20:50 AM
28,0.50,08/05/2023 10:10:41 AM
25,0.50,08/05/2023 10:01:18 AM
25,0.50,08/05/2023 09:50:27 AM
27,0.50,08/05/2023 09:40:12 AM
-1,0.50,08/05/2023 09:30:58 AM
34,0.50,08/05/2023 09:20:48 AM
25,0.50,08/05/2023 09:10:27 AM
24,0.50,08/05/2023 09:01:16 AM
29,0.50,08/05/2023 08:50:26 AM
-1,0.50,08/05/2023 08:40:13 AM
28,0.50,08/05/2023 08:30:58 AM
21,0.50,08/05/2023 08:20:49 AM
26,0.50,08/05/2023 08:10:25 AM
34,0.50,08/05/2023 08:01:15 AM
-1,0.50,08/05/2023 07:50:24 AM
25,0.50,08/05/2023 07:40:11 AM
23,0.50,08/05/2023 07:30:56 AM
-1,0.50,08/05/2023 07:10:23 AM
36,0.50,08/05/2023 07:01:13 AM
27,0.50,08/05/2023 06:50:20 AM
34,0.50,08/05/2023 06:40:06 AM
-1,0.50,08/05/2023 06:30:52 AM
33,0.50,08/05/2023 06:20:41 AM
34,0.50,08/05/2023 06:10:20 AM
39,0.50,08/05/2023 06:01:11 AM
34,0.50,08/05/2023 05:50:19 AM
29,0.50,08/05/2023 05:40:05 AM
29,0.50,08/05/2023 05:30:51 AM
35,0.50,08/05/2023 05:10:18 AM
29,0.50,08/05/2023 05:01:05 AM
31,0.50,08/05/2023 04:50:17 AM
29,0.50,08/05/2023 04:40:02 AM
-1,0.50,08/05/2023 04:30:49 AM
23,0.50,08/05/2023 04:20:36 AM
-1,0.50,08/05/2023 04:10:16 AM
-1,0.50,08/05/2023 04:01:03 AM
34,0.50,08/05/2023 03:50:16 AM
-1,0.50,08/05/2023 03:40:01 AM
-1,0.50,08/05/2023 03:30:49 AM
-1,0.50,08/05/2023 03:20:34 AM
-1,0.50,08/05/2023 03:10:15 AM
-1,0.50,08/05/2023 03:01:03 AM
-1,0.50,08/05/2023 02:50:15 AM
-1,0.50,08/05/2023 02:40:01 AM
-1,0.50,08/05/2023 02:30:49 AM
-1,0.50,08/05/2023 02:20:34 AM
-1,0.50,08/05/2023 02:10:18 AM
-1,0.50,08/05/2023 01:50:16 AM
-1,0.50,08/05/2023 01:40:02 AM
-1,0.50,08/05/2023 01:30:49 AM
-1,0.50,08/05/2023 01:20:36 AM
-1,0.50,08/05/2023 01:10:17 AM
-1,0.50,08/05/2023 01:01:06 AM
25,0.50,08/05/2023 12:40:05 AM
28,0.50,08/05/2023 12:30:53 AM
17,0.50,08/05/2023 12:20:41 AM
19,0.50,08/05/2023 12:10:19 AM
-1,0.50,08/05/2023 12:01:08 AM
28,0.50,08/04/2023 11:50:21 PM
-1,0.50,08/04/2023 11:40:06 PM
26,0.50,08/04/2023 11:30:53 PM
-1,0.50,08/04/2023 11:20:43 PM
29,0.50,08/04/2023 11:10:23 PM
29,0.50,08/04/2023 11:01:10 PM
26,0.50,08/04/2023 10:50:23 PM
-1,0.50,08/04/2023 10:40:08 PM
-1,0.50,08/04/2023 10:30:55 PM
31,0.50,08/04/2023 10:10:31 PM
-1,0.50,08/04/2023 09:50:24 PM
-1,0.50,08/04/2023 09:30:56 PM
-1,0.50,08/04/2023 09:10:27 PM
29,0.50,08/04/2023 09:01:14 PM
-1,0.50,08/04/2023 08:50:26 PM
28,0.50,08/04/2023 08:40:11 PM
29,0.50,08/04/2023 08:20:48 PM
-1,0.50,08/04/2023 08:01:14 PM
28,0.50,08/04/2023 07:50:27 PM
14,0.50,08/04/2023 07:30:59 PM
44,0.50,08/04/2023 07:10:32 PM
31,0.50,08/04/2023 07:01:18 PM
34,0.50,08/04/2023 06:50:32 PM
23,0.50,08/04/2023 06:31:05 PM
-1,0.50,08/04/2023 06:20:58 PM
44,0.50,08/04/2023 06:10:41 PM
21,0.50,08/04/2023 06:01:22 PM
24,0.50,08/04/2023 05:40:23 PM
26,0.50,08/04/2023 05:31:10 PM
-1,0.50,08/04/2023 05:20:59 PM
44,0.50,08/04/2023 05:10:43 PM
25,0.50,08/04/2023 05:01:25 PM
-1,0.50,08/04/2023 04:50:40 PM
23,0.50,08/04/2023 04:31:14 PM
44,0.50,08/04/2023 04:10:41 PM
29,0.50,08/04/2023 04:01:26 PM
25,0.50,08/04/2023 03:50:41 PM
27,0.50,08/04/2023 03:40:21 PM
0,0.50,08/04/2023 03:31:10 PM
44,0.50,08/04/2023 03:20:57 PM
-1,0.50,08/04/2023 03:10:56 PM
31,0.50,08/04/2023 03:01:40 PM
29,0.50,08/04/2023 02:50:36 PM
16,0.50,08/04/2023 02:40:20 PM
23,0.50,08/04/2023 02:31:06 PM
-1,0.50,08/04/2023 02:20:54 PM
29,0.50,08/04/2023 02:10:34 PM
25,0.50,08/04/2023 01:50:31 PM
-1,0.50,08/04/2023 01:40:17 PM
0,0.50,08/04/2023 01:31:01 PM
25,0.50,08/04/2023 01:20:52 PM
-1,0.50,08/04/2023 01:10:32 PM
23,0.50,08/04/2023 12:50:27 PM
1,0.50,08/04/2023 12:40:16 PM
19,0.50,08/04/2023 12:31:00 PM
35,0.50,08/04/2023 12:20:52 PM
14,0.50,08/04/2023 12:10:30 PM
-1,0.50,08/04/2023 12:01:18 PM
24,0.50,08/04/2023 11:50:27 AM
11,0.50,08/04/2023 11:40:13 AM
-1,0.50,08/04/2023 11:31:01 AM
30,0.50,08/04/2023 11:20:52 AM
34,0.50,08/04/2023 11:10:32 AM
23,0.50,08/04/2023 11:01:19 AM
27,0.50,08/04/2023 10:50:28 AM
-1,0.50,08/04/2023 10:40:16 AM
27,0.50,08/04/2023 10:31:06 AM
-1,0.50,08/04/2023 10:20:53 AM
29,0.50,08/04/2023 10:10:31 AM
25,0.50,08/04/2023 09:50:30 AM
-1,0.50,08/04/2023 09:40:18 AM
0,0.50,08/04/2023 09:31:08 AM
24,0.50,08/04/2023 09:20:55 AM
19,0.50,08/04/2023 09:10:39 AM
15,0.50,08/04/2023 09:01:23 AM
27,0.50,08/04/2023 08:50:39 AM
34,0.50,08/04/2023 08:40:24 AM
0,0.50,08/04/2023 08:31:12 AM
25,0.50,08/04/2023 08:20:57 AM
18,0.50,08/04/2023 08:10:43 AM
23,0.50,08/04/2023 08:01:25 AM
17,0.50,08/04/2023 07:50:37 AM
24,0.50,08/04/2023 07:40:22 AM
26,0.50,08/04/2023 07:31:12 AM
28,0.50,08/04/2023 07:20:57 AM
38,0.50,08/04/2023 07:10:37 AM
32,0.50,08/04/2023 07:01:23 AM
37,0.50,08/04/2023 06:50:30 AM
32,0.50,08/04/2023 06:40:18 AM
25,0.50,08/04/2023 06:31:05 AM
31,0.50,08/04/2023 06:20:51 AM
-1,0.50,08/04/2023 06:10:27 AM
27,0.50,08/04/2023 06:01:16 AM
44,0.50,08/04/2023 05:50:25 AM
29,0.50,08/04/2023 05:40:09 AM
44,0.50,08/04/2023 05:30:58 AM
39,0.50,08/04/2023 05:20:46 AM
34,0.50,08/04/2023 05:10:21 AM
34,0.50,08/04/2023 05:01:09 AM
33,0.50,08/04/2023 04:50:22 AM
-1,0.50,08/04/2023 04:40:06 AM
31,0.50,08/04/2023 04:30:53 AM
43,0.50,08/04/2023 04:20:38 AM
34,0.50,08/04/2023 04:10:17 AM
31,0.50,08/04/2023 04:01:05 AM
-1,0.50,08/04/2023 03:50:16 AM
-1,0.50,08/04/2023 03:40:02 AM
-1,0.50,08/04/2023 03:30:50 AM
-1,0.50,08/04/2023 03:20:35 AM
-1,0.50,08/04/2023 03:10:16 AM
-1,0.50,08/04/2023 03:01:04 AM
-1,0.50,08/04/2023 02:50:16 AM
-1,0.50,08/04/2023 02:40:01 AM
-1,0.50,08/04/2023 02:30:49 AM
-1,0.50,08/04/2023 02:20:36 AM
-1,0.50,08/04/2023 02:10:19 AM
-1,0.50,08/04/2023 02:01:06 AM
-1,0.50,08/04/2023 01:50:16 AM
-1,0.50,08/04/2023 01:40:02 AM
-1,0.50,08/04/2023 01:30:51 AM
-1,0.50,08/04/2023 01:20:38 AM
-1,0.50,08/04/2023 01:10:18 AM
-1,0.50,08/04/2023 01:01:06 AM
-1,0.50,08/04/2023 12:50:18 AM
-1,0.50,08/04/2023 12:40:04 AM
31,0.50,08/04/2023 12:30:52 AM
23,0.50,08/04/2023 12:20:42 AM
-1,0.50,08/04/2023 12:10:20 AM
-1,0.50,08/04/2023 12:01:09 AM
30,0.50,08/03/2023 11:50:22 PM
23,0.50,08/03/2023 11:40:06 PM
38,0.50,08/03/2023 11:30:54 PM
-1,0.50,08/03/2023 11:20:44 PM
25,0.50,08/03/2023 11:10:25 PM
25,0.50,08/03/2023 11:01:10 PM
20,0.50,08/03/2023 10:50:23 PM
34,0.50,08/03/2023 10:40:09 PM
26,0.50,08/03/2023 10:30:55 PM
25,0.50,08/03/2023 10:20:54 PM
-1,0.50,08/03/2023 10:10:34 PM
20,0.50,08/03/2023 10:01:25 PM
26,0.50,08/03/2023 09:50:24 PM
20,0.50,08/03/2023 09:40:10 PM
-1,0.50,08/03/2023 09:30:56 PM
26,0.50,08/03/2023 09:20:47 PM
-1,0.50,08/03/2023 09:10:26 PM
20,0.50,08/03/2023 09:01:12 PM
21,0.50,08/03/2023 08:50:28 PM
-1,0.50,08/03/2023 08:40:14 PM
-1,0.50,08/03/2023 08:30:57 PM
25,0.50,08/03/2023 08:20:49 PM
-1,0.50,08/03/2023 08:10:29 PM
22,0.50,08/03/2023 08:01:14 PM
16,0.50,08/03/2023 07:50:27 PM
-1,0.50,08/03/2023 07:40:15 PM
-1,0.50,08/03/2023 07:31:00 PM
25,0.50,08/03/2023 07:20:52 PM
21,0.50,08/03/2023 07:10:33 PM
21,0.50,08/03/2023 07:01:19 PM
-1,0.50,08/03/2023 06:50:35 PM
33,0.50,08/03/2023 06:40:20 PM
21,0.50,08/03/2023 06:31:04 PM
25,0.50,08/03/2023 06:20:58 PM
20,0.50,08/03/2023 06:10:41 PM
21,0.50,08/03/2023 06:01:23 PM
-1,0.50,08/03/2023 05:50:38 PM
21,0.50,08/03/2023 05:40:23 PM
29,0.50,08/03/2023 05:31:11 PM
28,0.50,08/03/2023 05:20:59 PM
18,0.50,08/03/2023 05:10:44 PM
19,0.50,08/03/2023 05:01:26 PM
23,0.50,08/03/2023 04:50:41 PM
27,0.50,08/03/2023 04:40:23 PM
25,0.50,08/03/2023 04:31:11 PM
29,0.50,08/03/2023 04:20:59 PM
25,0.50,08/03/2023 04:10:43 PM
25,0.50,08/03/2023 04:01:25 PM
23,0.50,08/03/2023 03:50:40 PM
24,0.50,08/03/2023 03:40:22 PM
28,0.50,08/03/2023 03:31:10 PM
21,0.50,08/03/2023 03:20:57 PM
21,0.50,08/03/2023 03:10:56 PM
29,0.50,08/03/2023 03:01:39 PM
30,0.50,08/03/2023 02:50:35 PM
30,0.50,08/03/2023 02:40:18 PM
27,0.50,08/03/2023 02:31:07 PM
33,0.50,08/03/2023 02:20:54 PM
24,0.50,08/03/2023 02:10:35 PM
34,0.50,08/03/2023 02:01:20 PM
23,0.50,08/03/2023 01:50:29 PM
27,0.50,08/03/2023 01:40:15 PM
34,0.50,08/03/2023 01:31:04 PM
33,0.50,08/03/2023 01:20:54 PM
27,0.50,08/03/2023 01:10:34 PM
17,0.50,08/03/2023 01:01:20 PM
23,0.50,08/03/2023 12:50:28 PM
30,0.50,08/03/2023 12:40:13 PM
34,0.50,08/03/2023 12:31:00 PM
26,0.50,08/03/2023 12:20:51 PM
24,0.50,08/03/2023 12:10:33 PM
27,0.50,08/03/2023 12:01:17 PM
23,0.50,08/03/2023 11:50:28 AM
29,0.50,08/03/2023 11:40:14 AM
29,0.50,08/03/2023 11:31:00 AM
26,0.50,08/03/2023 11:20:51 AM
22,0.50,08/03/2023 11:10:31 AM
20,0.50,08/03/2023 11:01:17 AM
25,0.50,08/03/2023 10:50:27 AM
24,0.50,08/03/2023 10:40:15 AM
-1,0.50,08/03/2023 10:31:01 AM
22,0.50,08/03/2023 10:20:53 AM
17,0.50,08/03/2023 10:10:31 AM
29,0.50,08/03/2023 10:01:19 AM
25,0.50,08/03/2023 09:50:33 AM
-1,0.50,08/03/2023 09:40:18 AM
23,0.50,08/03/2023 09:31:06 AM
20,0.50,08/03/2023 09:20:55 AM
22,0.50,08/03/2023 09:10:39 AM
25,0.50,08/03/2023 09:01:22 AM
-1,0.50,08/03/2023 08:50:34 AM
20,0.50,08/03/2023 08:40:23 AM
26,0.50,08/03/2023 08:31:10 AM
26,0.50,08/03/2023 08:21:00 AM
21,0.50,08/03/2023 08:10:41 AM
23,0.50,08/03/2023 08:01:23 AM
20,0.50,08/03/2023 07:50:44 AM
24,0.50,08/03/2023 07:40:25 AM
27,0.50,08/03/2023 07:31:13 AM
30,0.50,08/03/2023 07:20:58 AM
27,0.50,08/03/2023 07:10:41 AM
31,0.50,08/03/2023 07:01:21 AM
25,0.50,08/03/2023 06:50:30 AM
36,0.50,08/03/2023 06:40:18 AM
26,0.50,08/03/2023 06:31:04 AM
35,0.50,08/03/2023 06:20:51 AM
27,0.50,08/03/2023 06:10:27 AM
34,0.50,08/03/2023 06:01:16 AM
29,0.50,08/03/2023 05:50:26 AM
26,0.50,08/03/2023 05:40:12 AM
28,0.50,08/03/2023 05:30:56 AM
44,0.50,08/03/2023 05:20:45 AM
44,0.50,08/03/2023 05:10:22 AM
29,0.50,08/03/2023 05:01:09 AM
33,0.50,08/03/2023 04:50:20 AM
44,0.50,08/03/2023 04:40:05 AM
29,0.50,08/03/2023 04:30:51 AM
38,0.50,08/03/2023 04:20:39 AM
34,0.50,08/03/2023 04:10:17 AM
-1,0.50,08/03/2023 04:01:05 AM
33,0.50,08/03/2023 03:50:17 AM
-1,0.50,08/03/2023 03:40:02 AM
-1,0.50,08/03/2023 03:30:49 AM
-1,0.50,08/03/2023 03:20:35 AM
-1,0.50,08/03/2023 03:10:16 AM
-1,0.50,08/03/2023 03:01:04 AM
-1,0.50,08/03/2023 02:50:16 AM
-1,0.50,08/03/2023 02:40:02 AM
-1,0.50,08/03/2023 02:30:49 AM
-1,0.50,08/03/2023 02:20:36 AM
-1,0.50,08/03/2023 02:10:17 AM
-1,0.50,08/03/2023 02:01:06 AM
-1,0.50,08/03/2023 01:50:16 AM
-1,0.50,08/03/2023 01:40:03 AM
-1,0.50,08/03/2023 01:30:50 AM
-1,0.50,08/03/2023 01:20:38 AM
-1,0.50,08/03/2023 01:10:18 AM
-1,0.50,08/03/2023 01:01:06 AM
-1,0.50,08/03/2023 12:50:18 AM
-1,0.50,08/03/2023 12:40:05 AM
26,0.50,08/03/2023 12:30:52 AM
-1,0.50,08/03/2023 12:20:42 AM
23,0.50,08/03/2023 12:10:21 AM
-1,0.50,08/03/2023 12:01:08 AM
19,0.50,08/02/2023 11:50:22 PM
-1,0.50,08/02/2023 11:40:07 PM
29,0.50,08/02/2023 11:30:54 PM
-1,0.50,08/02/2023 11:20:45 PM
34,0.50,08/02/2023 11:10:25 PM
22,0.50,08/02/2023 11:01:12 PM
30,0.50,08/02/2023 10:50:23 PM
25,0.50,08/02/2023 10:40:08 PM
34,0.50,08/02/2023 10:30:55 PM
18,0.50,08/02/2023 10:20:51 PM
-1,0.50,08/02/2023 10:10:32 PM
24,0.50,08/02/2023 10:01:26 PM
29,0.50,08/02/2023 09:50:24 PM
19,0.50,08/02/2023 09:40:10 PM
-1,0.50,08/02/2023 09:30:56 PM
26,0.50,08/02/2023 09:20:48 PM
-1,0.50,08/02/2023 09:10:27 PM
22,0.50,08/02/2023 09:01:13 PM
-1,0.50,08/02/2023 08:50:25 PM
22,0.50,08/02/2023 08:40:11 PM
-1,0.50,08/02/2023 08:31:01 PM
17,0.50,08/02/2023 08:20:50 PM
-1,0.50,08/02/2023 08:10:27 PM
24,0.50,08/02/2023 08:01:14 PM
34,0.50,08/02/2023 07:50:29 PM
22,0.50,08/02/2023 07:40:14 PM
-1,0.50,08/02/2023 07:31:02 PM
25,0.50,08/02/2023 07:20:53 PM
29,0.50,08/02/2023 07:10:36 PM
22,0.50,08/02/2023 07:01:19 PM
34,0.50,08/02/2023 06:50:34 PM
21,0.50,08/02/2023 06:40:20 PM
44,0.50,08/02/2023 06:31:06 PM
26,0.50,08/02/2023 06:21:00 PM
24,0.50,08/02/2023 06:10:41 PM
-1,0.50,08/02/2023 05:50:40 PM
23,0.50,08/02/2023 05:40:23 PM
23,0.50,08/02/2023 05:21:00 PM
19,0.50,08/02/2023 05:10:46 PM
20,0.50,08/02/2023 04:50:42 PM
23,0.50,08/02/2023 04:40:27 PM
26,0.50,08/02/2023 04:21:02 PM
31,0.50,08/02/2023 04:10:47 PM
23,0.50,08/02/2023 03:50:40 PM
44,0.50,08/02/2023 03:40:23 PM
25,0.50,08/02/2023 03:20:59 PM
26,0.50,08/02/2023 03:11:00 PM
25,0.50,08/02/2023 03:01:42 PM
25,0.50,08/02/2023 02:50:36 PM
26,0.50,08/02/2023 02:40:20 PM
33,0.50,08/02/2023 02:20:54 PM
21,0.50,08/02/2023 02:10:35 PM
25,0.50,08/02/2023 01:50:30 PM
27,0.50,08/02/2023 01:40:17 PM
24,0.50,08/02/2023 01:20:53 PM
28,0.50,08/02/2023 01:01:16 PM
34,0.50,08/02/2023 12:50:29 PM
28,0.50,08/02/2023 12:40:17 PM
23,0.50,08/02/2023 12:20:51 PM
24,0.50,08/02/2023 12:10:30 PM
24,0.50,08/02/2023 11:50:28 AM
29,0.50,08/02/2023 11:40:14 AM
29,0.50,08/02/2023 11:20:50 AM
34,0.50,08/02/2023 11:10:32 AM
31,0.50,08/02/2023 10:50:27 AM
27,0.50,08/02/2023 10:40:16 AM
26,0.50,08/02/2023 10:20:52 AM
22,0.50,08/02/2023 10:10:32 AM
25,0.50,08/02/2023 09:50:29 AM
34,0.50,08/02/2023 09:40:19 AM
21,0.50,08/02/2023 09:20:55 AM
23,0.50,08/02/2023 09:10:39 AM
29,0.50,08/02/2023 09:01:25 AM
20,0.50,08/02/2023 08:50:37 AM
34,0.50,08/02/2023 08:40:22 AM
24,0.50,08/02/2023 08:21:00 AM
30,0.50,08/02/2023 08:10:43 AM
19,0.50,08/02/2023 08:01:25 AM
29,0.50,08/02/2023 07:50:38 AM
28,0.50,08/02/2023 07:40:22 AM
27,0.50,08/02/2023 07:31:10 AM
26,0.50,08/02/2023 07:20:57 AM
30,0.50,08/02/2023 07:10:43 AM
29,0.50,08/02/2023 07:01:21 AM
34,0.50,08/02/2023 06:50:33 AM
35,0.50,08/02/2023 06:40:21 AM
33,0.50,08/02/2023 06:20:52 AM
29,0.50,08/02/2023 06:10:28 AM
35,0.50,08/02/2023 05:50:25 AM
29,0.50,08/02/2023 05:40:09 AM
35,0.50,08/02/2023 05:20:46 AM
31,0.50,08/02/2023 05:10:22 AM
30,0.50,08/02/2023 04:50:19 AM
31,0.50,08/02/2023 04:40:05 AM
31,0.50,08/02/2023 04:30:51 AM
27,0.50,08/02/2023 04:20:39 AM
37,0.50,08/02/2023 04:10:18 AM
29,0.50,08/02/2023 03:50:16 AM
-1,0.50,08/02/2023 03:40:01 AM
-1,0.50,08/02/2023 03:30:48 AM
-1,0.50,08/02/2023 03:20:35 AM
-1,0.50,08/02/2023 03:10:15 AM
-1,0.50,08/02/2023 02:50:16 AM
-1,0.50,08/02/2023 02:40:01 AM
-1,0.50,08/02/2023 02:30:49 AM
-1,0.50,08/02/2023 02:20:36 AM
-1,0.50,08/02/2023 02:10:18 AM
-1,0.50,08/02/2023 01:50:17 AM
-1,0.50,08/02/2023 01:40:03 AM
-1,0.50,08/02/2023 01:20:38 AM
-1,0.50,08/02/2023 01:10:18 AM
-1,0.50,08/02/2023 12:50:18 AM
-1,0.50,08/02/2023 12:40:04 AM
-1,0.50,08/02/2023 12:20:41 AM
25,0.50,08/02/2023 12:10:20 AM
27,0.50,08/01/2023 11:50:22 PM
34,0.50,08/01/2023 11:40:08 PM
-1,0.50,08/01/2023 11:20:45 PM
31,0.50,08/01/2023 11:10:25 PM
33,0.50,08/01/2023 11:01:10 PM
-1,0.50,08/01/2023 10:50:23 PM
22,0.50,08/01/2023 10:40:08 PM
28,0.50,08/01/2023 10:20:54 PM
34,0.50,08/01/2023 10:10:34 PM
25,0.50,08/01/2023 10:01:28 PM
15,0.50,08/01/2023 09:50:24 PM
21,0.50,08/01/2023 09:40:10 PM
-1,0.50,08/01/2023 09:30:58 PM
30,0.50,08/01/2023 09:20:48 PM
-1,0.50,08/01/2023 09:10:27 PM
23,0.50,08/01/2023 09:01:12 PM
-1,0.50,08/01/2023 08:50:25 PM
26,0.50,08/01/2023 08:40:10 PM
-1,0.50,08/01/2023 08:30:58 PM
20,0.50,08/01/2023 08:20:48 PM
-1,0.50,08/01/2023 08:10:28 PM
24,0.50,08/01/2023 08:01:14 PM
34,0.50,08/01/2023 07:50:28 PM
23,0.50,08/01/2023 07:40:15 PM
-1,0.50,08/01/2023 07:31:01 PM
27,0.50,08/01/2023 07:20:52 PM
23,0.50,08/01/2023 07:10:35 PM
-1,0.50,08/01/2023 07:01:19 PM
26,0.50,08/01/2023 06:50:34 PM
24,0.50,08/01/2023 06:40:20 PM
-1,0.50,08/01/2023 06:31:06 PM
28,0.50,08/01/2023 06:20:57 PM
25,0.50,08/01/2023 06:10:41 PM
23,0.50,08/01/2023 06:01:21 PM
26,0.50,08/01/2023 05:50:38 PM
27,0.50,08/01/2023 05:40:22 PM
27,0.50,08/01/2023 05:31:09 PM
24,0.50,08/01/2023 05:20:58 PM
25,0.50,08/01/2023 05:10:45 PM
23,0.50,08/01/2023 05:01:23 PM
30,0.50,08/01/2023 04:50:41 PM
33,0.50,08/01/2023 04:40:24 PM
25,0.50,08/01/2023 04:31:10 PM
25,0.50,08/01/2023 04:20:59 PM
29,0.50,08/01/2023 04:10:44 PM
24,0.50,08/01/2023 04:01:25 PM
29,0.50,08/01/2023 03:50:40 PM
29,0.50,08/01/2023 03:40:22 PM
29,0.50,08/01/2023 03:31:11 PM
25,0.50,08/01/2023 03:20:57 PM
24,0.50,08/01/2023 03:10:56 PM
37,0.50,08/01/2023 03:01:38 PM
27,0.50,08/01/2023 02:50:33 PM
34,0.50,08/01/2023 02:40:19 PM
27,0.50,08/01/2023 02:31:07 PM
-1,0.50,08/01/2023 02:20:54 PM
25,0.50,08/01/2023 02:10:35 PM
29,0.50,08/01/2023 02:01:19 PM
28,0.50,08/01/2023 01:50:34 PM
22,0.50,08/01/2023 01:40:16 PM
23,0.50,08/01/2023 01:31:04 PM
23,0.50,08/01/2023 01:20:51 PM
25,0.50,08/01/2023 01:10:30 PM
34,0.50,08/01/2023 01:01:17 PM
22,0.50,08/01/2023 12:50:29 PM
27,0.50,08/01/2023 12:40:16 PM
28,0.50,08/01/2023 12:31:03 PM
29,0.50,08/01/2023 12:20:51 PM
29,0.50,08/01/2023 12:10:29 PM
30,0.50,08/01/2023 12:01:16 PM
26,0.50,08/01/2023 11:50:27 AM
26,0.50,08/01/2023 11:40:15 AM
26,0.50,08/01/2023 11:31:03 AM
21,0.50,08/01/2023 11:20:51 AM
-1,0.50,08/01/2023 11:10:29 AM
26,0.50,08/01/2023 11:01:16 AM
25,0.50,08/01/2023 10:50:28 AM
30,0.50,08/01/2023 10:40:17 AM
30,0.50,08/01/2023 10:31:03 AM
32,0.50,08/01/2023 10:20:51 AM
-1,0.50,08/01/2023 10:10:31 AM
26,0.50,08/01/2023 10:01:17 AM
23,0.50,08/01/2023 09:50:30 AM
25,0.50,08/01/2023 09:40:20 AM
-1,0.50,08/01/2023 09:31:08 AM
28,0.50,08/01/2023 09:20:56 AM
23,0.50,08/01/2023 09:10:38 AM
24,0.50,08/01/2023 09:01:20 AM
-1,0.50,08/01/2023 08:50:35 AM
26,0.50,08/01/2023 08:40:21 AM
29,0.50,08/01/2023 08:31:10 AM
25,0.50,08/01/2023 08:20:59 AM
23,0.50,08/01/2023 08:10:42 AM
28,0.50,08/01/2023 08:01:24 AM
32,0.50,08/01/2023 07:50:36 AM
30,0.50,08/01/2023 07:40:23 AM
21,0.50,08/01/2023 07:31:12 AM
27,0.50,08/01/2023 07:20:57 AM
28,0.50,08/01/2023 07:10:39 AM
26,0.50,08/01/2023 07:01:20 AM
27,0.50,08/01/2023 06:50:33 AM
27,0.50,08/01/2023 06:40:18 AM
29,0.50,08/01/2023 06:31:04 AM
35,0.50,08/01/2023 06:20:50 AM
27,0.50,08/01/2023 06:10:29 AM
29,0.50,08/01/2023 06:01:13 AM
35,0.50,08/01/2023 05:50:25 AM
29,0.50,08/01/2023 05:40:11 AM
31,0.50,08/01/2023 05:30:56 AM
31,0.50,08/01/2023 05:20:44 AM
32,0.50,08/01/2023 05:10:23 AM
31,0.50,08/01/2023 05:01:08 AM
33,0.50,08/01/2023 04:50:20 AM
34,0.50,08/01/2023 04:40:05 AM
30,0.50,08/01/2023 04:30:51 AM
34,0.50,08/01/2023 04:20:38 AM
-1,0.50,08/01/2023 04:10:17 AM
-1,0.50,08/01/2023 04:01:04 AM
35,0.50,08/01/2023 03:50:17 AM
34,0.50,08/01/2023 03:40:02 AM
-1,0.50,08/01/2023 03:30:49 AM
-1,0.50,08/01/2023 03:20:35 AM
-1,0.50,08/01/2023 03:10:16 AM
-1,0.50,08/01/2023 03:01:04 AM
-1,0.50,08/01/2023 02:50:16 AM
-1,0.50,08/01/2023 02:40:02 AM
-1,0.50,08/01/2023 02:30:49 AM
-1,0.50,08/01/2023 02:20:35 AM
-1,0.50,08/01/2023 02:10:17 AM
-1,0.50,08/01/2023 02:01:06 AM
-1,0.50,08/01/2023 01:50:17 AM
-1,0.50,08/01/2023 01:40:03 AM
-1,0.50,08/01/2023 01:30:50 AM
-1,0.50,08/01/2023 01:20:38 AM
-1,0.50,08/01/2023 01:10:18 AM
-1,0.50,08/01/2023 01:01:06 AM
-1,0.50,08/01/2023 12:50:17 AM
-1,0.50,08/01/2023 12:40:04 AM
31,0.50,08/01/2023 12:30:51 AM
23,0.50,08/01/2023 12:20:39 AM
-1,0.50,08/01/2023 12:10:18 AM
-1,0.50,08/01/2023 12:01:06 AM
26,0.50,07/31/2023 11:50:20 PM
21,0.50,07/31/2023 11:40:05 PM
-1,0.50,07/31/2023 11:30:52 PM
-1,0.50,07/31/2023 11:20:41 PM
26,0.50,07/31/2023 11:10:21 PM
20,0.50,07/31/2023 11:01:08 PM
34,0.50,07/31/2023 10:50:21 PM
21,0.50,07/31/2023 10:40:06 PM
-1,0.50,07/31/2023 10:30:54 PM
25,0.50,07/31/2023 10:20:47 PM
27,0.50,07/31/2023 10:10:26 PM
30,0.50,07/31/2023 10:01:16 PM
-1,0.50,07/31/2023 09:50:22 PM
23,0.50,07/31/2023 09:40:07 PM
-1,0.50,07/31/2023 09:30:54 PM
24,0.50,07/31/2023 09:20:44 PM
-1,0.50,07/31/2023 09:10:24 PM
26,0.50,07/31/2023 09:01:09 PM
14,0.50,07/31/2023 08:50:23 PM
14,0.50,07/31/2023 08:40:08 PM
-1,0.50,07/31/2023 08:30:55 PM
26,0.50,07/31/2023 08:20:44 PM
-1,0.50,07/31/2023 08:10:26 PM
25,0.50,07/31/2023 08:01:10 PM
-1,0.50,07/31/2023 07:50:23 PM
23,0.50,07/31/2023 07:40:09 PM
-1,0.50,07/31/2023 07:30:56 PM
22,0.50,07/31/2023 07:20:46 PM
24,0.50,07/31/2023 07:10:26 PM
27,0.50,07/31/2023 07:01:13 PM
23,0.50,07/31/2023 06:50:26 PM
34,0.50,07/31/2023 06:40:13 PM
23,0.50,07/31/2023 06:31:00 PM
26,0.50,07/31/2023 06:20:50 PM
29,0.50,07/31/2023 06:10:33 PM
26,0.50,07/31/2023 06:01:15 PM
23,0.50,07/31/2023 05:50:29 PM
27,0.50,07/31/2023 05:40:16 PM
27,0.50,07/31/2023 05:31:04 PM
20,0.50,07/31/2023 05:20:52 PM
27,0.50,07/31/2023 05:10:31 PM
23,0.50,07/31/2023 05:01:17 PM
21,0.50,07/31/2023 04:50:30 PM
25,0.50,07/31/2023 04:40:17 PM
31,0.50,07/31/2023 04:31:05 PM
26,0.50,07/31/2023 04:20:51 PM
33,0.50,07/31/2023 04:10:32 PM
24,0.50,07/31/2023 04:01:16 PM
29,0.50,07/31/2023 03:50:29 PM
27,0.50,07/31/2023 03:40:17 PM
25,0.50,07/31/2023 03:31:05 PM
28,0.50,07/31/2023 03:20:52 PM
27,0.50,07/31/2023 03:10:42 PM
25,0.50,07/31/2023 03:01:27 PM
27,0.50,07/31/2023 02:50:27 PM
31,0.50,07/31/2023 02:40:15 PM
28,0.50,07/31/2023 02:31:02 PM
27,0.50,07/31/2023 02:20:47 PM
25,0.50,07/31/2023 02:10:27 PM
31,0.50,07/31/2023 02:01:14 PM
23,0.50,07/31/2023 01:50:25 PM
22,0.50,07/31/2023 01:40:10 PM
29,0.50,07/31/2023 01:30:59 PM
27,0.50,07/31/2023 01:20:46 PM
27,0.50,07/31/2023 01:10:26 PM
34,0.50,07/31/2023 01:01:12 PM
25,0.50,07/31/2023 12:50:23 PM
26,0.50,07/31/2023 12:40:10 PM
30,0.50,07/31/2023 12:30:58 PM
19,0.50,07/31/2023 12:20:46 PM
29,0.50,07/31/2023 12:10:24 PM
-1,0.50,07/31/2023 12:01:11 PM
25,0.50,07/31/2023 11:50:23 AM
27,0.50,07/31/2023 11:40:09 AM
-1,0.50,07/31/2023 11:30:58 AM
18,0.50,07/31/2023 11:20:45 AM
26,0.50,07/31/2023 11:10:25 AM
27,0.50,07/31/2023 11:01:12 AM
30,0.50,07/31/2023 10:50:23 AM
-1,0.50,07/31/2023 10:40:10 AM
-1,0.50,07/31/2023 10:30:58 AM
31,0.50,07/31/2023 10:20:47 AM
29,0.50,07/31/2023 10:10:25 AM
-1,0.50,07/31/2023 10:01:15 AM
24,0.50,07/31/2023 09:50:26 AM
34,0.50,07/31/2023 09:40:12 AM
44,0.50,07/31/2023 09:31:01 AM
25,0.50,07/31/2023 09:20:49 AM
27,0.50,07/31/2023 09:10:29 AM
27,0.50,07/31/2023 09:01:15 AM
34,0.50,07/31/2023 08:50:27 AM
27,0.50,07/31/2023 08:40:17 AM
44,0.50,07/31/2023 08:31:04 AM
23,0.50,07/31/2023 08:20:51 AM
24,0.50,07/31/2023 08:10:32 AM
28,0.50,07/31/2023 08:01:16 AM
-1,0.50,07/31/2023 07:50:27 AM
44,0.50,07/31/2023 07:40:18 AM
23,0.50,07/31/2023 07:31:03 AM
28,0.50,07/31/2023 07:20:49 AM
28,0.50,07/31/2023 07:10:29 AM
29,0.50,07/31/2023 07:01:16 AM
44,0.50,07/31/2023 06:50:27 AM
27,0.50,07/31/2023 06:40:14 AM
29,0.50,07/31/2023 06:30:59 AM
26,0.50,07/31/2023 06:20:45 AM
29,0.50,07/31/2023 06:10:25 AM
35,0.50,07/31/2023 06:01:12 AM
31,0.50,07/31/2023 05:50:21 AM
29,0.50,07/31/2023 05:40:06 AM
29,0.50,07/31/2023 05:30:54 AM
34,0.50,07/31/2023 05:20:43 AM
28,0.50,07/31/2023 05:10:22 AM
-1,0.50,07/31/2023 05:01:06 AM
31,0.50,07/31/2023 04:50:19 AM
-1,0.50,07/31/2023 04:40:03 AM
27,0.50,07/31/2023 04:30:50 AM
36,0.50,07/31/2023 04:20:37 AM
34,0.50,07/31/2023 04:10:16 AM
33,0.50,07/31/2023 04:01:04 AM
35,0.50,07/31/2023 03:50:16 AM
-1,0.50,07/31/2023 03:40:01 AM
-1,0.50,07/31/2023 03:30:48 AM
-1,0.50,07/31/2023 03:20:34 AM
-1,0.50,07/31/2023 03:10:15 AM
-1,0.50,07/31/2023 03:01:03 AM
-1,0.50,07/31/2023 02:50:15 AM
-1,0.50,07/31/2023 02:40:02 AM
-1,0.50,07/31/2023 02:30:49 AM
-1,0.50,07/31/2023 02:20:34 AM
-1,0.50,07/31/2023 02:10:16 AM
-1,0.50,07/31/2023 02:01:05 AM
-1,0.50,07/31/2023 01:50:16 AM
-1,0.50,07/31/2023 01:40:02 AM
-1,0.50,07/31/2023 01:30:49 AM
-1,0.50,07/31/2023 01:20:36 AM
-1,0.50,07/31/2023 01:10:17 AM
-1,0.50,07/31/2023 01:01:04 AM
-1,0.50,07/31/2023 12:50:17 AM
-1,0.50,07/31/2023 12:40:03 AM
28,0.50,07/31/2023 12:30:51 AM
-1,0.50,07/31/2023 12:20:38 AM
27,0.50,07/31/2023 12:10:19 AM
-1,0.50,07/31/2023 12:01:07 AM
25,0.50,07/30/2023 11:50:21 PM
-1,0.50,07/30/2023 11:40:07 PM
24,0.50,07/30/2023 11:30:54 PM
21,0.50,07/30/2023 11:20:42 PM
-1,0.50,07/30/2023 11:10:22 PM
31,0.50,07/30/2023 11:01:09 PM
20,0.50,07/30/2023 10:50:22 PM
-1,0.50,07/30/2023 10:40:07 PM
-1,0.50,07/30/2023 10:30:55 PM
30,0.50,07/30/2023 10:20:44 PM
30,0.50,07/30/2023 10:10:23 PM
30,0.50,07/30/2023 10:01:10 PM
23,0.50,07/30/2023 09:50:23 PM
-1,0.50,07/30/2023 09:40:08 PM
29,0.50,07/30/2023 09:30:56 PM
27,0.50,07/30/2023 09:20:44 PM
20,0.50,07/30/2023 09:10:23 PM
-1,0.50,07/30/2023 09:01:11 PM
30,0.50,07/30/2023 08:50:25 PM
32,0.50,07/30/2023 08:40:10 PM
28,0.50,07/30/2023 08:30:56 PM
22,0.50,07/30/2023 08:20:45 PM
-1,0.50,07/30/2023 08:10:24 PM
28,0.50,07/30/2023 08:01:11 PM
29,0.50,07/30/2023 07:50:24 PM
-1,0.50,07/30/2023 07:40:10 PM
18,0.50,07/30/2023 07:30:57 PM
25,0.50,07/30/2023 07:20:45 PM
-1,0.50,07/30/2023 07:10:26 PM
18,0.50,07/30/2023 07:01:13 PM
34,0.50,07/30/2023 06:50:25 PM
25,0.50,07/30/2023 06:40:11 PM
29,0.50,07/30/2023 06:30:58 PM
-1,0.50,07/30/2023 06:20:47 PM
33,0.50,07/30/2023 06:10:27 PM
26,0.50,07/30/2023 06:01:14 PM
26,0.50,07/30/2023 05:50:26 PM
31,0.50,07/30/2023 05:40:12 PM
-1,0.50,07/30/2023 05:31:01 PM
30,0.50,07/30/2023 05:20:48 PM
-1,0.50,07/30/2023 05:10:28 PM
19,0.50,07/30/2023 04:50:26 PM
27,0.50,07/30/2023 04:40:13 PM
24,0.50,07/30/2023 04:31:01 PM
-1,0.50,07/30/2023 04:20:49 PM
27,0.50,07/30/2023 04:10:28 PM
24,0.50,07/30/2023 04:01:15 PM
31,0.50,07/30/2023 03:50:25 PM
34,0.50,07/30/2023 03:40:12 PM
19,0.50,07/30/2023 03:31:01 PM
27,0.50,07/30/2023 03:20:47 PM
-1,0.50,07/30/2023 03:10:32 PM
25,0.50,07/30/2023 03:01:19 PM
32,0.50,07/30/2023 02:50:23 PM
25,0.50,07/30/2023 02:40:09 PM
25,0.50,07/30/2023 02:30:58 PM
-1,0.50,07/30/2023 02:20:45 PM
26,0.50,07/30/2023 02:10:26 PM
26,0.50,07/30/2023 02:01:11 PM
27,0.50,07/30/2023 01:50:23 PM
30,0.50,07/30/2023 01:40:09 PM
15,0.50,07/30/2023 01:30:58 PM
29,0.50,07/30/2023 01:20:47 PM
-1,0.50,07/30/2023 01:10:28 PM
31,0.50,07/30/2023 01:01:16 PM
-1,0.50,07/30/2023 12:50:25 PM
25,0.50,07/30/2023 12:40:13 PM
31,0.50,07/30/2023 12:31:00 PM
-1,0.50,07/30/2023 12:20:48 PM
30,0.50,07/30/2023 12:10:27 PM
34,0.50,07/30/2023 12:01:13 PM
31,0.50,07/30/2023 11:50:25 AM
34,0.50,07/30/2023 11:40:12 AM
34,0.50,07/30/2023 11:30:59 AM
32,0.50,07/30/2023 11:20:47 AM
26,0.50,07/30/2023 11:10:26 AM
27,0.50,07/30/2023 10:50:25 AM
26,0.50,07/30/2023 10:40:11 AM
-1,0.50,07/30/2023 10:31:00 AM
29,0.50,07/30/2023 10:20:47 AM
30,0.50,07/30/2023 10:10:26 AM
-1,0.50,07/30/2023 10:01:12 AM
31,0.50,07/30/2023 09:50:25 AM
31,0.50,07/30/2023 09:40:13 AM
26,0.50,07/30/2023 09:20:46 AM
28,0.50,07/30/2023 09:10:25 AM
29,0.50,07/30/2023 09:01:11 AM
27,0.50,07/30/2023 08:50:23 AM
17,0.50,07/30/2023 08:40:10 AM
30,0.50,07/30/2023 08:20:45 AM
29,0.50,07/30/2023 08:10:24 AM
26,0.50,07/30/2023 07:50:22 AM
34,0.50,07/30/2023 07:40:08 AM
25,0.50,07/30/2023 07:30:56 AM
27,0.50,07/30/2023 07:10:21 AM
-1,0.50,07/30/2023 07:01:09 AM
25,0.50,07/30/2023 06:50:21 AM
34,0.50,07/30/2023 06:40:06 AM
23,0.50,07/30/2023 06:30:53 AM
34,0.50,07/30/2023 06:20:45 AM
29,0.50,07/30/2023 06:10:23 AM
25,0.50,07/30/2023 05:50:19 AM
31,0.50,07/30/2023 05:30:51 AM
29,0.50,07/30/2023 05:20:38 AM
26,0.50,07/30/2023 05:10:18 AM
-1,0.50,07/30/2023 05:01:05 AM
34,0.50,07/30/2023 04:50:17 AM
31,0.50,07/30/2023 04:30:50 AM
34,0.50,07/30/2023 04:20:36 AM
34,0.50,07/30/2023 04:10:16 AM
21,0.50,07/30/2023 04:01:04 AM
-1,0.50,07/30/2023 03:50:16 AM
-1,0.50,07/30/2023 03:40:02 AM
-1,0.50,07/30/2023 03:30:48 AM
-1,0.50,07/30/2023 03:20:35 AM
-1,0.50,07/30/2023 03:10:15 AM
-1,0.50,07/30/2023 02:50:15 AM
-1,0.50,07/30/2023 02:40:02 AM
-1,0.50,07/30/2023 02:30:49 AM
-1,0.50,07/30/2023 02:10:17 AM
-1,0.50,07/30/2023 02:01:07 AM
-1,0.50,07/30/2023 01:50:16 AM
-1,0.50,07/30/2023 01:30:51 AM
-1,0.50,07/30/2023 01:20:40 AM
-1,0.50,07/30/2023 01:10:18 AM
-1,0.50,07/30/2023 01:01:06 AM
-1,0.50,07/30/2023 12:50:18 AM
-1,0.50,07/30/2023 12:40:05 AM
27,0.50,07/30/2023 12:30:52 AM
-1,0.50,07/30/2023 12:20:42 AM
23,0.50,07/30/2023 12:10:20 AM
-1,0.50,07/30/2023 12:01:08 AM
27,0.50,07/29/2023 11:50:21 PM
-1,0.50,07/29/2023 11:40:06 PM
26,0.50,07/29/2023 11:30:54 PM
25,0.50,07/29/2023 11:20:44 PM
-1,0.50,07/29/2023 11:10:24 PM
28,0.50,07/29/2023 11:01:09 PM
23,0.50,07/29/2023 10:50:22 PM
-1,0.50,07/29/2023 10:40:08 PM
27,0.50,07/29/2023 10:30:56 PM
20,0.50,07/29/2023 10:20:52 PM
23,0.50,07/29/2023 10:10:29 PM
29,0.50,07/29/2023 10:01:12 PM
24,0.50,07/29/2023 09:50:23 PM
-1,0.50,07/29/2023 09:40:09 PM
-1,0.50,07/29/2023 09:30:57 PM
33,0.50,07/29/2023 09:20:47 PM
30,0.50,07/29/2023 09:10:27 PM
12,0.50,07/29/2023 09:01:13 PM
34,0.50,07/29/2023 08:50:25 PM
-1,0.50,07/29/2023 08:40:10 PM
28,0.50,07/29/2023 08:30:58 PM
-1,0.50,07/29/2023 08:20:47 PM
29,0.50,07/29/2023 08:10:27 PM
22,0.50,07/29/2023 08:01:14 PM
20,0.50,07/29/2023 07:50:26 PM
-1,0.50,07/29/2023 07:40:12 PM
22,0.50,07/29/2023 07:30:59 PM
15,0.50,07/29/2023 07:20:50 PM
25,0.50,07/29/2023 07:10:29 PM
25,0.50,07/29/2023 07:01:15 PM
22,0.50,07/29/2023 06:50:29 PM
23,0.50,07/29/2023 06:40:13 PM
29,0.50,07/29/2023 06:31:01 PM
-1,0.50,07/29/2023 06:20:52 PM
31,0.50,07/29/2023 06:10:31 PM
22,0.50,07/29/2023 06:01:30 PM
26,0.50,07/29/2023 05:50:29 PM
29,0.50,07/29/2023 05:40:15 PM
-1,0.50,07/29/2023 05:31:04 PM
34,0.50,07/29/2023 05:20:53 PM
25,0.50,07/29/2023 05:10:34 PM
25,0.50,07/29/2023 05:01:16 PM
23,0.50,07/29/2023 04:50:29 PM
27,0.50,07/29/2023 04:40:18 PM
-1,0.50,07/29/2023 04:31:04 PM
31,0.50,07/29/2023 04:20:53 PM
23,0.50,07/29/2023 04:10:31 PM
24,0.50,07/29/2023 04:01:16 PM
29,0.50,07/29/2023 03:50:30 PM
-1,0.50,07/29/2023 03:40:16 PM
29,0.50,07/29/2023 03:31:04 PM
34,0.50,07/29/2023 03:20:54 PM
21,0.50,07/29/2023 03:10:47 PM
-1,0.50,07/29/2023 03:01:27 PM
33,0.50,07/29/2023 02:50:29 PM
26,0.50,07/29/2023 02:40:17 PM
27,0.50,07/29/2023 02:31:05 PM
-1,0.50,07/29/2023 02:20:52 PM
26,0.50,07/29/2023 02:10:33 PM
-1,0.50,07/29/2023 02:01:30 PM
26,0.50,07/29/2023 01:50:30 PM
31,0.50,07/29/2023 01:40:17 PM
35,0.50,07/29/2023 01:31:04 PM
27,0.50,07/29/2023 01:20:53 PM
28,0.50,07/29/2023 01:10:33 PM
44,0.50,07/29/2023 01:01:16 PM
25,0.50,07/29/2023 12:50:29 PM
29,0.50,07/29/2023 12:40:18 PM
23,0.50,07/29/2023 12:31:04 PM
26,0.50,07/29/2023 12:20:54 PM
32,0.50,07/29/2023 12:10:30 PM
27,0.50,07/29/2023 12:01:16 PM
31,0.50,07/29/2023 11:50:29 AM
25,0.50,07/29/2023 11:40:16 AM
26,0.50,07/29/2023 11:31:03 AM
29,0.50,07/29/2023 11:20:52 AM
26,0.50,07/29/2023 11:10:29 AM
28,0.50,07/29/2023 11:01:15 AM
25,0.50,07/29/2023 10:50:27 AM
25,0.50,07/29/2023 10:40:15 AM
30,0.50,07/29/2023 10:31:01 AM
28,0.50,07/29/2023 10:20:51 AM
27,0.50,07/29/2023 10:10:27 AM
27,0.50,07/29/2023 10:01:24 AM
28,0.50,07/29/2023 09:50:27 AM
25,0.50,07/29/2023 09:40:14 AM
25,0.50,07/29/2023 09:31:00 AM
27,0.50,07/29/2023 09:20:50 AM
24,0.50,07/29/2023 09:10:27 AM
28,0.50,07/29/2023 09:01:13 AM
23,0.50,07/29/2023 08:50:26 AM
35,0.50,07/29/2023 08:40:13 AM
34,0.50,07/29/2023 08:31:00 AM
37,0.50,07/29/2023 08:20:48 AM
34,0.50,07/29/2023 08:10:28 AM
28,0.50,07/29/2023 08:01:12 AM
35,0.50,07/29/2023 07:50:24 AM
-1,0.50,07/29/2023 07:40:12 AM
25,0.50,07/29/2023 07:30:58 AM
32,0.50,07/29/2023 07:20:48 AM
34,0.50,07/29/2023 07:10:27 AM
31,0.50,07/29/2023 07:01:11 AM
28,0.50,07/29/2023 06:50:23 AM
33,0.50,07/29/2023 06:40:10 AM
-1,0.50,07/29/2023 06:30:57 AM
29,0.50,07/29/2023 06:20:46 AM
35,0.50,07/29/2023 06:10:23 AM
28,0.50,07/29/2023 06:01:17 AM
32,0.50,07/29/2023 05:50:21 AM
31,0.50,07/29/2023 05:40:07 AM
31,0.50,07/29/2023 05:30:53 AM
35,0.50,07/29/2023 05:20:41 AM
31,0.50,07/29/2023 05:10:20 AM
41,0.50,07/29/2023 05:01:07 AM
27,0.50,07/29/2023 04:50:18 AM
29,0.50,07/29/2023 04:40:04 AM
37,0.50,07/29/2023 04:30:50 AM
25,0.50,07/29/2023 04:20:37 AM
-1,0.50,07/29/2023 04:10:18 AM
-1,0.50,07/29/2023 04:01:05 AM
25,0.50,07/29/2023 03:50:16 AM
-1,0.50,07/29/2023 03:40:02 AM
-1,0.50,07/29/2023 03:30:49 AM
-1,0.50,07/29/2023 03:20:35 AM
-1,0.50,07/29/2023 03:10:16 AM
-1,0.50,07/29/2023 03:01:04 AM
-1,0.50,07/29/2023 02:50:16 AM
-1,0.50,07/29/2023 02:40:02 AM
-1,0.50,07/29/2023 02:30:49 AM
-1,0.50,07/29/2023 02:20:35 AM
-1,0.50,07/29/2023 02:10:20 AM
-1,0.50,07/29/2023 02:01:06 AM
-1,0.50,07/29/2023 01:50:16 AM
-1,0.50,07/29/2023 01:40:03 AM
-1,0.50,07/29/2023 01:30:50 AM
-1,0.50,07/29/2023 01:20:38 AM
-1,0.50,07/29/2023 01:10:18 AM
-1,0.50,07/29/2023 01:01:06 AM
-1,0.50,07/29/2023 12:50:18 AM
-1,0.50,07/29/2023 12:40:05 AM
27,0.50,07/29/2023 12:30:52 AM
-1,0.50,07/29/2023 12:20:41 AM
23,0.50,07/29/2023 12:10:20 AM
-1,0.50,07/29/2023 12:01:08 AM
20,0.50,07/28/2023 11:50:21 PM
-1,0.50,07/28/2023 11:40:06 PM
36,0.50,07/28/2023 11:30:54 PM
27,0.50,07/28/2023 11:20:44 PM
27,0.50,07/28/2023 11:10:24 PM
25,0.50,07/28/2023 11:01:10 PM
-1,0.50,07/28/2023 10:50:23 PM
26,0.50,07/28/2023 10:40:08 PM
-1,0.50,07/28/2023 10:30:55 PM
20,0.50,07/28/2023 10:20:48 PM
35,0.50,07/28/2023 10:10:30 PM
26,0.50,07/28/2023 10:01:26 PM
-1,0.50,07/28/2023 09:50:24 PM
29,0.50,07/28/2023 09:40:09 PM
-1,0.50,07/28/2023 09:30:56 PM
26,0.50,07/28/2023 09:20:47 PM
-1,0.50,07/28/2023 09:10:26 PM
23,0.50,07/28/2023 09:01:11 PM
-1,0.50,07/28/2023 08:50:25 PM
25,0.50,07/28/2023 08:40:10 PM
-1,0.50,07/28/2023 08:30:57 PM
-1,0.50,07/28/2023 08:20:48 PM
-1,0.50,07/28/2023 08:10:27 PM
23,0.50,07/28/2023 08:01:13 PM
-1,0.50,07/28/2023 07:50:26 PM
28,0.50,07/28/2023 07:40:13 PM
20,0.50,07/28/2023 07:30:59 PM
-1,0.50,07/28/2023 07:20:51 PM
27,0.50,07/28/2023 07:10:30 PM
27,0.50,07/28/2023 07:01:17 PM
16,0.50,07/28/2023 06:50:29 PM
27,0.50,07/28/2023 06:40:18 PM
29,0.50,07/28/2023 06:31:03 PM
25,0.50,07/28/2023 06:20:55 PM
-1,0.50,07/28/2023 06:10:37 PM
44,0.50,07/28/2023 06:01:19 PM
28,0.50,07/28/2023 05:50:34 PM
28,0.50,07/28/2023 05:40:20 PM
25,0.50,07/28/2023 05:31:08 PM
-1,0.50,07/28/2023 05:20:58 PM
-1,0.50,07/28/2023 05:10:38 PM
-1,0.50,07/28/2023 05:01:21 PM
27,0.50,07/28/2023 04:50:41 PM
28,0.50,07/28/2023 04:40:22 PM
29,0.50,07/28/2023 04:31:09 PM
25,0.50,07/28/2023 04:20:58 PM
29,0.50,07/28/2023 04:10:39 PM
31,0.50,07/28/2023 04:01:21 PM
26,0.50,07/28/2023 03:50:36 PM
31,0.50,07/28/2023 03:40:20 PM
36,0.50,07/28/2023 03:31:08 PM
-1,0.50,07/28/2023 03:20:57 PM
32,0.50,07/28/2023 03:10:56 PM
28,0.50,07/28/2023 02:50:36 PM
25,0.50,07/28/2023 02:40:20 PM
24,0.50,07/28/2023 02:31:05 PM
24,0.50,07/28/2023 02:20:55 PM
44,0.50,07/28/2023 02:10:34 PM
27,0.50,07/28/2023 02:01:16 PM
23,0.50,07/28/2023 01:50:29 PM
23,0.50,07/28/2023 01:40:15 PM
18,0.50,07/28/2023 01:31:02 PM
23,0.50,07/28/2023 01:20:51 PM
22,0.50,07/28/2023 01:10:29 PM
23,0.50,07/28/2023 01:01:15 PM
38,0.50,07/28/2023 12:50:27 PM
31,0.50,07/28/2023 12:40:16 PM
32,0.50,07/28/2023 12:31:02 PM
29,0.50,07/28/2023 12:20:52 PM
23,0.50,07/28/2023 12:10:29 PM
-1,0.50,07/28/2023 12:01:14 PM
25,0.50,07/28/2023 11:50:26 AM
31,0.50,07/28/2023 11:40:14 AM
-1,0.50,07/28/2023 11:31:01 AM
-1,0.50,07/28/2023 11:20:51 AM
-1,0.50,07/28/2023 11:10:28 AM
20,0.50,07/28/2023 11:01:15 AM
31,0.50,07/28/2023 10:50:28 AM
29,0.50,07/28/2023 10:40:16 AM
-1,0.50,07/28/2023 10:31:02 AM
24,0.50,07/28/2023 10:20:53 AM
34,0.50,07/28/2023 10:10:30 AM
30,0.50,07/28/2023 10:01:17 AM
29,0.50,07/28/2023 09:50:30 AM
26,0.50,07/28/2023 09:40:19 AM
26,0.50,07/28/2023 09:31:06 AM
27,0.50,07/28/2023 09:20:56 AM
21,0.50,07/28/2023 09:10:38 AM
24,0.50,07/28/2023 09:01:23 AM
-1,0.50,07/28/2023 08:50:34 AM
30,0.50,07/28/2023 08:40:21 AM
27,0.50,07/28/2023 08:31:11 AM
25,0.50,07/28/2023 08:20:59 AM
24,0.50,07/28/2023 08:10:40 AM
21,0.50,07/28/2023 08:01:21 AM
25,0.50,07/28/2023 07:50:36 AM
23,0.50,07/28/2023 07:40:22 AM
26,0.50,07/28/2023 07:31:09 AM
25,0.50,07/28/2023 07:20:57 AM
27,0.50,07/28/2023 07:10:38 AM
27,0.50,07/28/2023 07:01:21 AM
30,0.50,07/28/2023 06:50:32 AM
27,0.50,07/28/2023 06:40:20 AM
25,0.50,07/28/2023 06:31:03 AM
31,0.50,07/28/2023 06:20:52 AM
30,0.50,07/28/2023 06:10:28 AM
29,0.50,07/28/2023 06:01:14 AM
29,0.50,07/28/2023 05:50:24 AM
26,0.50,07/28/2023 05:40:10 AM
27,0.50,07/28/2023 05:30:56 AM
44,0.50,07/28/2023 05:20:46 AM
27,0.50,07/28/2023 05:10:23 AM
30,0.50,07/28/2023 05:01:09 AM
29,0.50,07/28/2023 04:50:20 AM
33,0.50,07/28/2023 04:40:06 AM
28,0.50,07/28/2023 04:30:51 AM
34,0.50,07/28/2023 04:20:39 AM
31,0.50,07/28/2023 04:10:17 AM
34,0.50,07/28/2023 04:01:05 AM
34,0.50,07/28/2023 03:50:16 AM
33,0.50,07/28/2023 03:40:02 AM
-1,0.50,07/28/2023 03:30:49 AM
-1,0.50,07/28/2023 03:20:34 AM
-1,0.50,07/28/2023 03:10:15 AM
-1,0.50,07/28/2023 03:01:03 AM
-1,0.50,07/28/2023 02:50:16 AM
-1,0.50,07/28/2023 02:40:02 AM
-1,0.50,07/28/2023 02:30:49 AM
-1,0.50,07/28/2023 02:20:35 AM
-1,0.50,07/28/2023 02:10:19 AM
-1,0.50,07/28/2023 02:01:06 AM
-1,0.50,07/28/2023 01:50:17 AM
-1,0.50,07/28/2023 01:40:03 AM
-1,0.50,07/28/2023 01:30:50 AM
-1,0.50,07/28/2023 01:20:38 AM
-1,0.50,07/28/2023 01:10:18 AM
-1,0.50,07/28/2023 01:01:06 AM
-1,0.50,07/28/2023 12:50:18 AM
-1,0.50,07/28/2023 12:40:05 AM
25,0.50,07/28/2023 12:30:52 AM
-1,0.50,07/28/2023 12:20:41 AM
22,0.50,07/28/2023 12:10:19 AM
-1,0.50,07/28/2023 12:01:07 AM
30,0.50,07/27/2023 11:50:21 PM
-1,0.50,07/27/2023 11:40:07 PM
25,0.50,07/27/2023 11:30:54 PM
-1,0.50,07/27/2023 11:20:44 PM
30,0.50,07/27/2023 11:10:23 PM
27,0.50,07/27/2023 11:01:09 PM
-1,0.50,07/27/2023 10:50:22 PM
-1,0.50,07/27/2023 10:40:08 PM
27,0.50,07/27/2023 10:30:55 PM
22,0.50,07/27/2023 10:20:53 PM
-1,0.50,07/27/2023 10:10:33 PM
23,0.50,07/27/2023 09:50:24 PM
27,0.50,07/27/2023 09:40:09 PM
-1,0.50,07/27/2023 09:30:56 PM
23,0.50,07/27/2023 09:20:48 PM
-1,0.50,07/27/2023 09:10:27 PM
20,0.50,07/27/2023 08:50:25 PM
34,0.50,07/27/2023 08:40:10 PM
-1,0.50,07/27/2023 08:30:58 PM
22,0.50,07/27/2023 08:20:49 PM
-1,0.50,07/27/2023 08:10:29 PM
34,0.50,07/27/2023 07:50:27 PM
25,0.50,07/27/2023 07:40:14 PM
25,0.50,07/27/2023 07:20:53 PM
18,0.50,07/27/2023 07:10:33 PM
21,0.50,07/27/2023 07:01:18 PM
18,0.50,07/27/2023 06:50:32 PM
22,0.50,07/27/2023 06:40:20 PM
29,0.50,07/27/2023 06:20:58 PM
24,0.50,07/27/2023 06:10:42 PM
20,0.50,07/27/2023 06:01:21 PM
-1,0.50,07/27/2023 05:50:38 PM
26,0.50,07/27/2023 05:40:22 PM
-1,0.50,07/27/2023 05:31:09 PM
22,0.50,07/27/2023 05:20:59 PM
27,0.50,07/27/2023 05:10:43 PM
25,0.50,07/27/2023 05:01:23 PM
34,0.50,07/27/2023 04:50:39 PM
33,0.50,07/27/2023 04:40:24 PM
33,0.50,07/27/2023 04:31:11 PM
25,0.50,07/27/2023 04:21:00 PM
25,0.50,07/27/2023 04:10:46 PM
20,0.50,07/27/2023 04:01:22 PM
27,0.50,07/27/2023 03:50:40 PM
27,0.50,07/27/2023 03:40:24 PM
30,0.50,07/27/2023 03:31:09 PM
20,0.50,07/27/2023 03:20:58 PM
26,0.50,07/27/2023 03:10:56 PM
29,0.50,07/27/2023 03:01:38 PM
29,0.50,07/27/2023 02:50:35 PM
22,0.50,07/27/2023 02:40:19 PM
25,0.50,07/27/2023 02:31:06 PM
30,0.50,07/27/2023 02:20:54 PM
23,0.50,07/27/2023 02:10:34 PM
32,0.50,07/27/2023 02:01:18 PM
25,0.50,07/27/2023 01:50:29 PM
25,0.50,07/27/2023 01:40:17 PM
27,0.50,07/27/2023 01:31:03 PM
25,0.50,07/27/2023 01:20:52 PM
27,0.50,07/27/2023 01:10:30 PM
34,0.50,07/27/2023 01:01:16 PM
24,0.50,07/27/2023 12:50:27 PM
44,0.50,07/27/2023 12:40:13 PM
24,0.50,07/27/2023 12:20:52 PM
26,0.50,07/27/2023 12:10:29 PM
34,0.50,07/27/2023 12:01:16 PM
25,0.50,07/27/2023 11:50:29 AM
30,0.50,07/27/2023 11:40:15 AM
32,0.50,07/27/2023 11:31:02 AM
22,0.50,07/27/2023 11:20:52 AM
29,0.50,07/27/2023 11:10:31 AM
29,0.50,07/27/2023 11:01:16 AM
25,0.50,07/27/2023 10:50:28 AM
34,0.50,07/27/2023 10:40:16 AM
33,0.50,07/27/2023 10:31:03 AM
35,0.50,07/27/2023 10:20:53 AM
34,0.50,07/27/2023 10:10:31 AM
25,0.50,07/27/2023 10:01:18 AM
34,0.50,07/27/2023 09:50:31 AM
27,0.50,07/27/2023 09:40:20 AM
27,0.50,07/27/2023 09:31:08 AM
25,0.50,07/27/2023 09:20:57 AM
-1,0.50,07/27/2023 09:10:38 AM
27,0.50,07/27/2023 09:01:22 AM
34,0.50,07/27/2023 08:50:38 AM
28,0.50,07/27/2023 08:40:24 AM
34,0.50,07/27/2023 08:31:09 AM
25,0.50,07/27/2023 08:20:59 AM
25,0.50,07/27/2023 08:10:41 AM
15,0.50,07/27/2023 08:01:23 AM
20,0.50,07/27/2023 07:50:36 AM
27,0.50,07/27/2023 07:40:22 AM
31,0.50,07/27/2023 07:31:10 AM
27,0.50,07/27/2023 07:20:59 AM
25,0.50,07/27/2023 07:10:41 AM
29,0.50,07/27/2023 07:01:20 AM
25,0.50,07/27/2023 06:50:32 AM
18,0.50,07/27/2023 06:40:19 AM
27,0.50,07/27/2023 06:31:04 AM
31,0.50,07/27/2023 06:20:52 AM
26,0.50,07/27/2023 06:10:29 AM
27,0.50,07/27/2023 06:01:14 AM
33,0.50,07/27/2023 05:50:25 AM
31,0.50,07/27/2023 05:40:10 AM
31,0.50,07/27/2023 05:30:56 AM
31,0.50,07/27/2023 05:20:45 AM
28,0.50,07/27/2023 05:10:23 AM
30,0.50,07/27/2023 05:01:08 AM
31,0.50,07/27/2023 04:50:20 AM
31,0.50,07/27/2023 04:40:05 AM
44,0.50,07/27/2023 04:20:39 AM
-1,0.50,07/27/2023 04:10:17 AM
33,0.50,07/27/2023 04:01:04 AM
31,0.50,07/27/2023 03:50:16 AM
-1,0.50,07/27/2023 03:40:02 AM
-1,0.50,07/27/2023 03:20:35 AM
-1,0.50,07/27/2023 03:10:15 AM
-1,0.50,07/27/2023 02:50:15 AM
-1,0.50,07/27/2023 02:40:02 AM
-1,0.50,07/27/2023 02:20:36 AM
-1,0.50,07/27/2023 02:10:18 AM
-1,0.50,07/27/2023 02:01:06 AM
-1,0.50,07/27/2023 01:50:17 AM
-1,0.50,07/27/2023 01:40:03 AM
-1,0.50,07/27/2023 01:20:38 AM
-1,0.50,07/27/2023 01:10:18 AM
-1,0.50,07/27/2023 01:01:06 AM
-1,0.50,07/27/2023 12:50:18 AM
-1,0.50,07/27/2023 12:40:05 AM
25,0.50,07/27/2023 12:30:52 AM
-1,0.50,07/27/2023 12:20:41 AM
23,0.50,07/27/2023 12:10:20 AM
-1,0.50,07/27/2023 12:01:09 AM
25,0.50,07/26/2023 11:50:22 PM
34,0.50,07/26/2023 11:40:06 PM
21,0.50,07/26/2023 11:30:53 PM
34,0.50,07/26/2023 11:20:45 PM
44,0.50,07/26/2023 11:10:24 PM
23,0.50,07/26/2023 11:01:10 PM
20,0.50,07/26/2023 10:50:23 PM
21,0.50,07/26/2023 10:40:08 PM
34,0.50,07/26/2023 10:30:56 PM
25,0.50,07/26/2023 10:20:53 PM
-1,0.50,07/26/2023 10:10:31 PM
-1,0.50,07/26/2023 10:01:23 PM
-1,0.50,07/26/2023 09:50:24 PM
21,0.50,07/26/2023 09:40:10 PM
-1,0.50,07/26/2023 09:30:57 PM
25,0.50,07/26/2023 09:20:48 PM
-1,0.50,07/26/2023 09:10:26 PM
-1,0.50,07/26/2023 09:01:12 PM
-1,0.50,07/26/2023 08:50:24 PM
20,0.50,07/26/2023 08:40:11 PM
-1,0.50,07/26/2023 08:30:57 PM
25,0.50,07/26/2023 08:20:49 PM
-1,0.50,07/26/2023 08:10:28 PM
-1,0.50,07/26/2023 08:01:13 PM
-1,0.50,07/26/2023 07:50:26 PM
-1,0.50,07/26/2023 07:40:13 PM
-1,0.50,07/26/2023 07:31:00 PM
28,0.50,07/26/2023 07:20:52 PM
20,0.50,07/26/2023 07:10:30 PM
34,0.50,07/26/2023 07:01:17 PM
34,0.50,07/26/2023 06:50:34 PM
44,0.50,07/26/2023 06:40:19 PM
33,0.50,07/26/2023 06:31:04 PM
22,0.50,07/26/2023 06:20:57 PM
32,0.50,07/26/2023 06:10:39 PM
25,0.50,07/26/2023 06:01:22 PM
25,0.50,07/26/2023 05:50:39 PM
44,0.50,07/26/2023 05:40:22 PM
31,0.50,07/26/2023 05:31:10 PM
28,0.50,07/26/2023 05:21:01 PM
27,0.50,07/26/2023 05:10:44 PM
21,0.50,07/26/2023 05:01:23 PM
27,0.50,07/26/2023 04:50:42 PM
44,0.50,07/26/2023 04:40:25 PM
25,0.50,07/26/2023 04:31:09 PM
25,0.50,07/26/2023 04:21:00 PM
33,0.50,07/26/2023 04:10:42 PM
23,0.50,07/26/2023 04:01:23 PM
44,0.50,07/26/2023 03:50:38 PM
44,0.50,07/26/2023 03:40:22 PM
25,0.50,07/26/2023 03:31:08 PM
34,0.50,07/26/2023 03:20:57 PM
27,0.50,07/26/2023 03:10:58 PM
31,0.50,07/26/2023 03:01:37 PM
44,0.50,07/26/2023 02:50:37 PM
23,0.50,07/26/2023 02:40:21 PM
-1,0.50,07/26/2023 02:31:04 PM
20,0.50,07/26/2023 02:20:54 PM
25,0.50,07/26/2023 02:10:35 PM
27,0.50,07/26/2023 02:01:18 PM
44,0.50,07/26/2023 01:50:29 PM
29,0.50,07/26/2023 01:40:18 PM
27,0.50,07/26/2023 01:31:03 PM
35,0.50,07/26/2023 01:20:53 PM
29,0.50,07/26/2023 01:10:32 PM
27,0.50,07/26/2023 01:01:16 PM
44,0.50,07/26/2023 12:50:27 PM
26,0.50,07/26/2023 12:40:16 PM
28,0.50,07/26/2023 12:31:02 PM
31,0.50,07/26/2023 12:20:52 PM
-1,0.50,07/26/2023 12:10:30 PM
29,0.50,07/26/2023 12:01:16 PM
44,0.50,07/26/2023 11:50:26 AM
29,0.50,07/26/2023 11:40:15 AM
26,0.50,07/26/2023 11:31:00 AM
26,0.50,07/26/2023 11:20:51 AM
34,0.50,07/26/2023 11:10:29 AM
21,0.50,07/26/2023 11:01:17 AM
44,0.50,07/26/2023 10:50:28 AM
-1,0.50,07/26/2023 10:40:16 AM
20,0.50,07/26/2023 10:31:02 AM
21,0.50,07/26/2023 10:20:54 AM
25,0.50,07/26/2023 10:10:31 AM
25,0.50,07/26/2023 10:01:17 AM
44,0.50,07/26/2023 09:50:30 AM
28,0.50,07/26/2023 09:40:20 AM
25,0.50,07/26/2023 09:31:05 AM
24,0.50,07/26/2023 09:20:56 AM
25,0.50,07/26/2023 09:10:38 AM
22,0.50,07/26/2023 09:01:20 AM
-1,0.50,07/26/2023 08:50:38 AM
44,0.50,07/26/2023 08:40:23 AM
32,0.50,07/26/2023 08:31:08 AM
27,0.50,07/26/2023 08:20:59 AM
20,0.50,07/26/2023 08:10:43 AM
30,0.50,07/26/2023 08:01:22 AM
44,0.50,07/26/2023 07:50:41 AM
25,0.50,07/26/2023 07:40:26 AM
26,0.50,07/26/2023 07:31:07 AM
28,0.50,07/26/2023 07:20:58 AM
29,0.50,07/26/2023 07:10:37 AM
25,0.50,07/26/2023 07:01:20 AM
44,0.50,07/26/2023 06:50:30 AM
32,0.50,07/26/2023 06:40:18 AM
29,0.50,07/26/2023 06:31:03 AM
26,0.50,07/26/2023 06:20:53 AM
29,0.50,07/26/2023 06:10:28 AM
26,0.50,07/26/2023 06:01:15 AM
44,0.50,07/26/2023 05:50:26 AM
30,0.50,07/26/2023 05:40:09 AM
34,0.50,07/26/2023 05:30:55 AM
35,0.50,07/26/2023 05:20:46 AM
31,0.50,07/26/2023 05:10:21 AM
-1,0.50,07/26/2023 05:01:09 AM
28,0.50,07/26/2023 04:50:19 AM
34,0.50,07/26/2023 04:40:05 AM
30,0.50,07/26/2023 04:30:51 AM
37,0.50,07/26/2023 04:20:39 AM
-1,0.50,07/26/2023 04:10:17 AM
-1,0.50,07/26/2023 04:01:05 AM
35,0.50,07/26/2023 03:50:16 AM
34,0.50,07/26/2023 03:40:02 AM
-1,0.50,07/26/2023 03:30:48 AM
-1,0.50,07/26/2023 03:20:35 AM
-1,0.50,07/26/2023 03:10:15 AM
-1,0.50,07/26/2023 03:01:04 AM
-1,0.50,07/26/2023 02:50:15 AM
-1,0.50,07/26/2023 02:40:01 AM
-1,0.50,07/26/2023 02:30:48 AM
-1,0.50,07/26/2023 02:20:36 AM
-1,0.50,07/26/2023 02:10:18 AM
-1,0.50,07/26/2023 02:01:06 AM
-1,0.50,07/26/2023 01:50:16 AM
-1,0.50,07/26/2023 01:40:03 AM
-1,0.50,07/26/2023 01:30:50 AM
-1,0.50,07/26/2023 01:20:39 AM
-1,0.50,07/26/2023 01:10:17 AM
-1,0.50,07/26/2023 01:01:06 AM
-1,0.50,07/26/2023 12:50:18 AM
-1,0.50,07/26/2023 12:40:06 AM
31,0.50,07/26/2023 12:30:52 AM
-1,0.50,07/26/2023 12:20:41 AM
24,0.50,07/26/2023 12:10:20 AM
-1,0.50,07/26/2023 12:01:09 AM
25,0.50,07/25/2023 11:50:21 PM
-1,0.50,07/25/2023 11:40:07 PM
20,0.50,07/25/2023 11:30:54 PM
-1,0.50,07/25/2023 11:20:45 PM
28,0.50,07/25/2023 11:10:24 PM
29,0.50,07/25/2023 11:01:10 PM
-1,0.50,07/25/2023 10:50:23 PM
23,0.50,07/25/2023 10:40:09 PM
34,0.50,07/25/2023 10:30:57 PM
27,0.50,07/25/2023 10:20:54 PM
-1,0.50,07/25/2023 10:10:32 PM
24,0.50,07/25/2023 10:01:34 PM
-1,0.50,07/25/2023 09:50:25 PM
18,0.50,07/25/2023 09:40:10 PM
-1,0.50,07/25/2023 09:30:57 PM
29,0.50,07/25/2023 09:20:48 PM
-1,0.50,07/25/2023 09:10:26 PM
22,0.50,07/25/2023 09:01:12 PM
-1,0.50,07/25/2023 08:50:26 PM
19,0.50,07/25/2023 08:40:11 PM
-1,0.50,07/25/2023 08:30:57 PM
22,0.50,07/25/2023 08:20:49 PM
30,0.50,07/25/2023 08:10:27 PM
27,0.50,07/25/2023 08:01:13 PM
-1,0.50,07/25/2023 07:50:27 PM
20,0.50,07/25/2023 07:40:13 PM
-1,0.50,07/25/2023 07:31:00 PM
27,0.50,07/25/2023 07:20:52 PM
25,0.50,07/25/2023 07:10:30 PM
23,0.50,07/25/2023 07:01:20 PM
-1,0.50,07/25/2023 06:50:31 PM
34,0.50,07/25/2023 06:40:19 PM
33,0.50,07/25/2023 06:31:05 PM
25,0.50,07/25/2023 06:20:58 PM
22,0.50,07/25/2023 06:10:42 PM
-1,0.50,07/25/2023 06:01:23 PM
18,0.50,07/25/2023 05:50:39 PM
29,0.50,07/25/2023 05:40:22 PM
24,0.50,07/25/2023 05:31:07 PM
27,0.50,07/25/2023 05:20:58 PM
14,0.50,07/25/2023 05:10:43 PM
20,0.50,07/25/2023 05:01:24 PM
-1,0.50,07/25/2023 04:50:41 PM
30,0.50,07/25/2023 04:40:23 PM
27,0.50,07/25/2023 04:31:10 PM
44,0.50,07/25/2023 04:20:59 PM
29,0.50,07/25/2023 04:10:42 PM
25,0.50,07/25/2023 04:01:23 PM
31,0.50,07/25/2023 03:50:40 PM
24,0.50,07/25/2023 03:40:23 PM
44,0.50,07/25/2023 03:31:07 PM
25,0.50,07/25/2023 03:20:57 PM
26,0.50,07/25/2023 03:10:56 PM
29,0.50,07/25/2023 03:01:37 PM
26,0.50,07/25/2023 02:50:35 PM
44,0.50,07/25/2023 02:40:20 PM
44,0.50,07/25/2023 02:31:04 PM
23,0.50,07/25/2023 02:20:55 PM
21,0.50,07/25/2023 02:10:35 PM
32,0.50,07/25/2023 02:01:18 PM
27,0.50,07/25/2023 01:50:30 PM
44,0.50,07/25/2023 01:40:18 PM
44,0.50,07/25/2023 01:31:02 PM
38,0.50,07/25/2023 01:20:52 PM
27,0.50,07/25/2023 01:10:32 PM
-1,0.50,07/25/2023 01:01:15 PM
25,0.50,07/25/2023 12:50:26 PM
44,0.50,07/25/2023 12:40:15 PM
44,0.50,07/25/2023 12:31:00 PM
22,0.50,07/25/2023 12:20:51 PM
28,0.50,07/25/2023 12:10:28 PM
28,0.50,07/25/2023 12:01:15 PM
25,0.50,07/25/2023 11:50:27 AM
44,0.50,07/25/2023 11:40:16 AM
44,0.50,07/25/2023 11:31:00 AM
20,0.50,07/25/2023 11:20:50 AM
27,0.50,07/25/2023 11:10:29 AM
29,0.50,07/25/2023 11:01:15 AM
28,0.50,07/25/2023 10:50:28 AM
34,0.50,07/25/2023 10:40:16 AM
44,0.50,07/25/2023 10:31:01 AM
24,0.50,07/25/2023 10:20:52 AM
34,0.50,07/25/2023 10:10:30 AM
26,0.50,07/25/2023 10:01:17 AM
27,0.50,07/25/2023 09:50:30 AM
44,0.50,07/25/2023 09:40:19 AM
-1,0.50,07/25/2023 09:31:04 AM
27,0.50,07/25/2023 09:20:55 AM
20,0.50,07/25/2023 09:10:37 AM
27,0.50,07/25/2023 09:01:21 AM
34,0.50,07/25/2023 08:50:37 AM
27,0.50,07/25/2023 08:40:22 AM
44,0.50,07/25/2023 08:31:06 AM
20,0.50,07/25/2023 08:10:40 AM
30,0.50,07/25/2023 08:01:21 AM
22,0.50,07/25/2023 07:50:37 AM
44,0.50,07/25/2023 07:40:21 AM
44,0.50,07/25/2023 07:31:09 AM
29,0.50,07/25/2023 07:20:56 AM
28,0.50,07/25/2023 07:10:40 AM
29,0.50,07/25/2023 07:01:20 AM
25,0.50,07/25/2023 06:50:33 AM
42,0.50,07/25/2023 06:40:19 AM
30,0.50,07/25/2023 06:31:01 AM
-1,0.50,07/25/2023 06:20:50 AM
30,0.50,07/25/2023 06:10:28 AM
27,0.50,07/25/2023 06:01:14 AM
35,0.50,07/25/2023 05:50:25 AM
44,0.50,07/25/2023 05:40:09 AM
38,0.50,07/25/2023 05:30:57 AM
29,0.50,07/25/2023 05:20:48 AM
29,0.50,07/25/2023 05:10:26 AM
27,0.50,07/25/2023 05:01:09 AM
29,0.50,07/25/2023 04:50:20 AM
33,0.50,07/25/2023 04:40:05 AM
29,0.50,07/25/2023 04:30:51 AM
38,0.50,07/25/2023 04:20:38 AM
34,0.50,07/25/2023 04:10:17 AM
24,0.50,07/25/2023 04:01:05 AM
34,0.50,07/25/2023 03:50:16 AM
-1,0.50,07/25/2023 03:40:02 AM
-1,0.50,07/25/2023 03:30:49 AM
-1,0.50,07/25/2023 03:20:35 AM
-1,0.50,07/25/2023 03:10:16 AM
-1,0.50,07/25/2023 03:01:04 AM
-1,0.50,07/25/2023 02:50:15 AM
-1,0.50,07/25/2023 02:40:02 AM
-1,0.50,07/25/2023 02:30:49 AM
-1,0.50,07/25/2023 02:20:36 AM
-1,0.50,07/25/2023 02:10:17 AM
-1,0.50,07/25/2023 02:01:06 AM
-1,0.50,07/25/2023 01:50:16 AM
-1,0.50,07/25/2023 01:40:03 AM
-1,0.50,07/25/2023 01:30:50 AM
-1,0.50,07/25/2023 01:20:38 AM
-1,0.50,07/25/2023 01:10:17 AM
-1,0.50,07/25/2023 01:01:06 AM
-1,0.50,07/25/2023 12:50:19 AM
-1,0.50,07/25/2023 12:40:06 AM
22,0.50,07/25/2023 12:30:52 AM
34,0.50,07/25/2023 12:20:41 AM
20,0.50,07/25/2023 12:10:19 AM
-1,0.50,07/25/2023 12:01:07 AM
27,0.50,07/24/2023 11:50:21 PM
-1,0.50,07/24/2023 11:40:07 PM
20,0.50,07/24/2023 11:30:54 PM
-1,0.50,07/24/2023 11:20:44 PM
27,0.50,07/24/2023 11:10:24 PM
23,0.50,07/24/2023 11:01:09 PM
24,0.50,07/24/2023 10:50:23 PM
21,0.50,07/24/2023 10:40:08 PM
-1,0.50,07/24/2023 10:30:55 PM
30,0.50,07/24/2023 10:20:54 PM
25,0.50,07/24/2023 10:10:36 PM
44,0.50,07/24/2023 10:01:20 PM
23,0.50,07/24/2023 09:50:24 PM
-1,0.50,07/24/2023 09:30:56 PM
24,0.50,07/24/2023 09:20:46 PM
-1,0.50,07/24/2023 09:10:26 PM
44,0.50,07/24/2023 09:01:12 PM
-1,0.50,07/24/2023 08:50:25 PM
-1,0.50,07/24/2023 08:30:57 PM
26,0.50,07/24/2023 08:20:47 PM
34,0.50,07/24/2023 08:10:27 PM
44,0.50,07/24/2023 08:01:13 PM
33,0.50,07/24/2023 07:50:27 PM
21,0.50,07/24/2023 07:40:13 PM
-1,0.50,07/24/2023 07:30:59 PM
25,0.50,07/24/2023 07:20:50 PM
23,0.50,07/24/2023 07:10:32 PM
44,0.50,07/24/2023 07:01:16 PM
34,0.50,07/24/2023 06:50:30 PM
24,0.50,07/24/2023 06:40:18 PM
29,0.50,07/24/2023 06:31:03 PM
27,0.50,07/24/2023 06:20:55 PM
30,0.50,07/24/2023 06:10:39 PM
31,0.50,07/24/2023 06:01:21 PM
44,0.50,07/24/2023 05:50:39 PM
33,0.50,07/24/2023 05:31:08 PM
27,0.50,07/24/2023 05:20:57 PM
27,0.50,07/24/2023 05:10:43 PM
23,0.50,07/24/2023 05:01:23 PM
44,0.50,07/24/2023 04:50:39 PM
27,0.50,07/24/2023 04:40:22 PM
32,0.50,07/24/2023 04:31:08 PM
27,0.50,07/24/2023 04:20:57 PM
27,0.50,07/24/2023 04:10:41 PM
30,0.50,07/24/2023 04:01:21 PM
44,0.50,07/24/2023 03:50:39 PM
31,0.50,07/24/2023 03:40:22 PM
31,0.50,07/24/2023 03:31:06 PM
25,0.50,07/24/2023 03:10:53 PM
-1,0.50,07/24/2023 02:50:32 PM
27,0.50,07/24/2023 02:31:03 PM
27,0.50,07/24/2023 02:10:35 PM
44,0.50,07/24/2023 02:01:17 PM
34,0.50,07/24/2023 01:50:29 PM
31,0.50,07/24/2023 01:31:01 PM
44,0.50,07/24/2023 01:10:30 PM
44,0.50,07/24/2023 01:01:15 PM
32,0.50,07/24/2023 12:50:26 PM
27,0.50,07/24/2023 12:40:15 PM
30,0.50,07/24/2023 12:31:00 PM
26,0.50,07/24/2023 12:20:49 PM
44,0.50,07/24/2023 12:10:32 PM
27,0.50,07/24/2023 11:50:29 AM
29,0.50,07/24/2023 11:40:18 AM
-1,0.50,07/24/2023 11:31:00 AM
30,0.50,07/24/2023 11:20:49 AM
44,0.50,07/24/2023 11:01:14 AM
29,0.50,07/24/2023 10:50:27 AM
36,0.50,07/24/2023 10:40:15 AM
36,0.50,07/24/2023 10:31:00 AM
27,0.50,07/24/2023 10:20:49 AM
44,0.50,07/24/2023 10:01:16 AM
29,0.50,07/24/2023 09:50:29 AM
26,0.50,07/24/2023 09:40:18 AM
25,0.50,07/24/2023 09:31:03 AM
26,0.50,07/24/2023 09:20:53 AM
20,0.50,07/24/2023 09:10:38 AM
44,0.50,07/24/2023 09:01:19 AM
34,0.50,07/24/2023 08:50:41 AM
23,0.50,07/24/2023 08:40:21 AM
26,0.50,07/24/2023 08:31:08 AM
24,0.50,07/24/2023 08:20:57 AM
28,0.50,07/24/2023 08:10:43 AM
44,0.50,07/24/2023 08:01:21 AM
34,0.50,07/24/2023 07:50:40 AM
29,0.50,07/24/2023 07:40:23 AM
25,0.50,07/24/2023 07:31:05 AM
26,0.50,07/24/2023 07:20:54 AM
44,0.50,07/24/2023 07:10:39 AM
44,0.50,07/24/2023 07:01:19 AM
31,0.50,07/24/2023 06:50:32 AM
27,0.50,07/24/2023 06:40:18 AM
30,0.50,07/24/2023 06:31:01 AM
44,0.50,07/24/2023 06:20:48 AM
25,0.50,07/24/2023 06:10:28 AM
38,0.50,07/24/2023 06:01:13 AM
26,0.50,07/24/2023 05:50:27 AM
31,0.50,07/24/2023 05:40:10 AM
27,0.50,07/24/2023 05:30:55 AM
35,0.50,07/24/2023 05:20:43 AM
27,0.50,07/24/2023 05:10:21 AM
-1,0.50,07/24/2023 05:01:09 AM
36,0.50,07/24/2023 04:50:20 AM
29,0.50,07/24/2023 04:40:05 AM
27,0.50,07/24/2023 04:30:52 AM
32,0.50,07/24/2023 04:20:39 AM
-1,0.50,07/24/2023 04:10:17 AM
29,0.50,07/24/2023 04:01:05 AM
34,0.50,07/24/2023 03:50:16 AM
-1,0.50,07/24/2023 03:40:02 AM
-1,0.50,07/24/2023 03:30:48 AM
-1,0.50,07/24/2023 03:20:34 AM
-1,0.50,07/24/2023 03:10:15 AM
-1,0.50,07/24/2023 03:01:04 AM
-1,0.50,07/24/2023 02:50:15 AM
-1,0.50,07/24/2023 02:40:01 AM
-1,0.50,07/24/2023 02:30:48 AM
-1,0.50,07/24/2023 02:20:35 AM
-1,0.50,07/24/2023 02:10:16 AM
-1,0.50,07/24/2023 02:01:06 AM
-1,0.50,07/24/2023 01:50:16 AM
-1,0.50,07/24/2023 01:40:03 AM
-1,0.50,07/24/2023 01:30:49 AM
-1,0.50,07/24/2023 01:20:37 AM
-1,0.50,07/24/2023 01:10:18 AM
-1,0.50,07/24/2023 01:01:06 AM
-1,0.50,07/24/2023 12:50:18 AM
-1,0.50,07/24/2023 12:40:05 AM
27,0.50,07/24/2023 12:30:52 AM
-1,0.50,07/24/2023 12:20:40 AM
19,0.50,07/24/2023 12:10:20 AM
-1,0.50,07/24/2023 12:01:08 AM
27,0.50,07/23/2023 11:50:20 PM
-1,0.50,07/23/2023 11:40:06 PM
20,0.50,07/23/2023 11:30:54 PM
35,0.50,07/23/2023 11:20:42 PM
-1,0.50,07/23/2023 11:10:23 PM
27,0.50,07/23/2023 11:01:07 PM
10,0.50,07/23/2023 10:50:20 PM
21,0.50,07/23/2023 10:40:05 PM
-1,0.50,07/23/2023 10:30:52 PM
44,0.50,07/23/2023 10:20:41 PM
25,0.50,07/23/2023 10:10:22 PM
22,0.50,07/23/2023 10:01:08 PM
-1,0.50,07/23/2023 09:50:21 PM
30,0.50,07/23/2023 09:40:06 PM
30,0.50,07/23/2023 09:30:53 PM
20,0.50,07/23/2023 09:20:42 PM
-1,0.50,07/23/2023 09:10:22 PM
-1,0.50,07/23/2023 09:01:09 PM
26,0.50,07/23/2023 08:50:21 PM
-1,0.50,07/23/2023 08:40:07 PM
25,0.50,07/23/2023 08:30:53 PM
23,0.50,07/23/2023 08:20:45 PM
-1,0.50,07/23/2023 08:10:26 PM
33,0.50,07/23/2023 08:01:11 PM
-1,0.50,07/23/2023 07:50:24 PM
33,0.50,07/23/2023 07:40:10 PM
-1,0.50,07/23/2023 07:30:57 PM
-1,0.50,07/23/2023 07:20:46 PM
28,0.50,07/23/2023 07:10:26 PM
28,0.50,07/23/2023 07:01:12 PM
25,0.50,07/23/2023 06:50:25 PM
-1,0.50,07/23/2023 06:40:10 PM
27,0.50,07/23/2023 06:30:57 PM
-1,0.50,07/23/2023 06:20:49 PM
27,0.50,07/23/2023 06:10:27 PM
22,0.50,07/23/2023 06:01:13 PM
25,0.50,07/23/2023 05:50:25 PM
25,0.50,07/23/2023 05:40:12 PM
29,0.50,07/23/2023 05:30:58 PM
-1,0.50,07/23/2023 05:20:49 PM
24,0.50,07/23/2023 05:10:29 PM
-1,0.50,07/23/2023 05:01:14 PM
25,0.50,07/23/2023 04:50:26 PM
25,0.50,07/23/2023 04:40:14 PM
26,0.50,07/23/2023 04:30:58 PM
25,0.50,07/23/2023 04:20:48 PM
25,0.50,07/23/2023 04:10:28 PM
25,0.50,07/23/2023 04:01:14 PM
25,0.50,07/23/2023 03:50:26 PM
33,0.50,07/23/2023 03:40:13 PM
-1,0.50,07/23/2023 03:30:58 PM
31,0.50,07/23/2023 03:20:48 PM
26,0.50,07/23/2023 03:10:38 PM
25,0.50,07/23/2023 03:01:22 PM
27,0.50,07/23/2023 02:50:26 PM
26,0.50,07/23/2023 02:40:14 PM
-1,0.50,07/23/2023 02:30:58 PM
25,0.50,07/23/2023 02:20:48 PM
35,0.50,07/23/2023 02:10:20 PM
31,0.50,07/23/2023 02:01:08 PM
34,0.50,07/23/2023 01:50:20 PM
24,0.50,07/23/2023 01:40:06 PM
27,0.50,07/23/2023 01:30:53 PM
31,0.50,07/23/2023 01:20:41 PM
31,0.50,07/23/2023 01:10:20 PM
26,0.50,07/23/2023 01:01:09 PM
22,0.50,07/23/2023 12:50:20 PM
25,0.50,07/23/2023 12:40:06 PM
31,0.50,07/23/2023 12:30:53 PM
-1,0.50,07/23/2023 12:20:44 PM
28,0.50,07/23/2023 12:10:20 PM
29,0.50,07/23/2023 12:01:08 PM
29,0.50,07/23/2023 11:50:19 AM
30,0.50,07/23/2023 11:40:06 AM
28,0.50,07/23/2023 11:30:52 AM
29,0.50,07/23/2023 11:20:42 AM
25,0.50,07/23/2023 11:10:20 AM
29,0.50,07/23/2023 11:01:08 AM
31,0.50,07/23/2023 10:50:19 AM
29,0.50,07/23/2023 10:40:06 AM
23,0.50,07/23/2023 10:30:52 AM
29,0.50,07/23/2023 10:20:42 AM
32,0.50,07/23/2023 10:10:20 AM
-1,0.50,07/23/2023 10:01:09 AM
29,0.50,07/23/2023 09:50:19 AM
29,0.50,07/23/2023 09:40:06 AM
26,0.50,07/23/2023 09:30:52 AM
29,0.50,07/23/2023 09:20:40 AM
28,0.50,07/23/2023 09:10:20 AM
26,0.50,07/23/2023 09:01:07 AM
25,0.50,07/23/2023 08:50:18 AM
40,0.50,07/23/2023 08:40:05 AM
34,0.50,07/23/2023 08:30:51 AM
34,0.50,07/23/2023 08:20:39 AM
31,0.50,07/23/2023 08:10:19 AM
32,0.50,07/23/2023 08:01:06 AM
32,0.50,07/23/2023 07:50:18 AM
25,0.50,07/23/2023 07:40:04 AM
24,0.50,07/23/2023 07:30:50 AM
-1,0.50,07/23/2023 07:20:38 AM
25,0.50,07/23/2023 07:10:18 AM
-1,0.50,07/23/2023 07:01:05 AM
30,0.50,07/23/2023 06:50:17 AM
-1,0.50,07/23/2023 06:40:03 AM
28,0.50,07/23/2023 06:30:52 AM
-1,0.50,07/23/2023 06:20:41 AM
25,0.50,07/23/2023 06:10:24 AM
34,0.50,07/23/2023 06:01:14 AM
25,0.50,07/23/2023 05:50:19 AM
31,0.50,07/23/2023 05:40:04 AM
28,0.50,07/23/2023 05:30:50 AM
35,0.50,07/23/2023 05:20:38 AM
34,0.50,07/23/2023 05:10:18 AM
29,0.50,07/23/2023 05:01:05 AM
27,0.50,07/23/2023 04:50:17 AM
29,0.50,07/23/2023 04:40:03 AM
29,0.50,07/23/2023 04:30:49 AM
-1,0.50,07/23/2023 04:20:35 AM
34,0.50,07/23/2023 04:10:16 AM
-1,0.50,07/23/2023 04:01:04 AM
-1,0.50,07/23/2023 03:50:16 AM
-1,0.50,07/23/2023 03:40:03 AM
-1,0.50,07/23/2023 03:30:48 AM
-1,0.50,07/23/2023 03:20:34 AM
-1,0.50,07/23/2023 03:10:15 AM
-1,0.50,07/23/2023 03:01:03 AM
-1,0.50,07/23/2023 02:50:16 AM
-1,0.50,07/23/2023 02:40:02 AM
-1,0.50,07/23/2023 02:30:48 AM
-1,0.50,07/23/2023 02:20:35 AM
-1,0.50,07/23/2023 02:10:17 AM
-1,0.50,07/23/2023 02:01:06 AM
-1,0.50,07/23/2023 01:50:17 AM
-1,0.50,07/23/2023 01:40:03 AM
-1,0.50,07/23/2023 01:30:50 AM
-1,0.50,07/23/2023 01:20:38 AM
-1,0.50,07/23/2023 01:10:18 AM
-1,0.50,07/23/2023 01:01:06 AM
-1,0.50,07/23/2023 12:50:18 AM
-1,0.50,07/23/2023 12:40:05 AM
31,0.50,07/23/2023 12:30:52 AM
-1,0.50,07/23/2023 12:20:41 AM
30,0.50,07/23/2023 12:10:19 AM
-1,0.50,07/23/2023 12:01:07 AM
25,0.50,07/22/2023 11:50:22 PM
40,0.50,07/22/2023 11:40:07 PM
40,0.50,07/22/2023 11:30:54 PM
29,0.50,07/22/2023 11:20:44 PM
34,0.50,07/22/2023 11:10:23 PM
27,0.50,07/22/2023 11:01:09 PM
32,0.50,07/22/2023 10:50:23 PM
-1,0.50,07/22/2023 10:40:08 PM
28,0.50,07/22/2023 10:30:56 PM
31,0.50,07/22/2023 10:20:51 PM
26,0.50,07/22/2023 10:10:31 PM
29,0.50,07/22/2023 10:01:10 PM
29,0.50,07/22/2023 09:50:25 PM
10,0.50,07/22/2023 09:40:10 PM
31,0.50,07/22/2023 09:30:57 PM
22,0.50,07/22/2023 09:20:46 PM
30,0.50,07/22/2023 09:10:26 PM
-1,0.50,07/22/2023 09:01:13 PM
29,0.50,07/22/2023 08:50:26 PM
31,0.50,07/22/2023 08:40:11 PM
27,0.50,07/22/2023 08:30:58 PM
27,0.50,07/22/2023 08:20:48 PM
29,0.50,07/22/2023 08:10:27 PM
25,0.50,07/22/2023 08:01:14 PM
25,0.50,07/22/2023 07:50:28 PM
34,0.50,07/22/2023 07:40:14 PM
25,0.50,07/22/2023 07:31:00 PM
32,0.50,07/22/2023 07:20:49 PM
26,0.50,07/22/2023 07:10:29 PM
34,0.50,07/22/2023 07:01:17 PM
25,0.50,07/22/2023 06:50:28 PM
25,0.50,07/22/2023 06:40:15 PM
30,0.50,07/22/2023 06:31:01 PM
-1,0.50,07/22/2023 06:20:52 PM
25,0.50,07/22/2023 06:10:32 PM
27,0.50,07/22/2023 06:01:16 PM
27,0.50,07/22/2023 05:50:30 PM
20,0.50,07/22/2023 05:40:16 PM
22,0.50,07/22/2023 05:31:01 PM
32,0.50,07/22/2023 05:20:51 PM
21,0.50,07/22/2023 05:10:32 PM
21,0.50,07/22/2023 05:01:17 PM
25,0.50,07/22/2023 04:50:29 PM
35,0.50,07/22/2023 04:40:16 PM
34,0.50,07/22/2023 04:31:02 PM
29,0.50,07/22/2023 04:20:51 PM
-1,0.50,07/22/2023 04:10:32 PM
23,0.50,07/22/2023 04:01:17 PM
24,0.50,07/22/2023 03:50:30 PM
34,0.50,07/22/2023 03:40:18 PM
29,0.50,07/22/2023 03:31:02 PM
30,0.50,07/22/2023 03:20:52 PM
26,0.50,07/22/2023 03:10:46 PM
-1,0.50,07/22/2023 02:50:30 PM
27,0.50,07/22/2023 02:40:16 PM
31,0.50,07/22/2023 02:31:02 PM
-1,0.50,07/22/2023 02:20:51 PM
21,0.50,07/22/2023 02:10:32 PM
27,0.50,07/22/2023 02:01:17 PM
27,0.50,07/22/2023 01:50:29 PM
31,0.50,07/22/2023 01:40:18 PM
25,0.50,07/22/2023 01:31:02 PM
23,0.50,07/22/2023 01:20:52 PM
31,0.50,07/22/2023 01:10:33 PM
23,0.50,07/22/2023 12:50:29 PM
24,0.50,07/22/2023 12:40:17 PM
22,0.50,07/22/2023 12:31:01 PM
28,0.50,07/22/2023 12:20:51 PM
29,0.50,07/22/2023 12:10:31 PM
26,0.50,07/22/2023 11:50:29 AM
44,0.50,07/22/2023 11:40:17 AM
24,0.50,07/22/2023 11:31:01 AM
33,0.50,07/22/2023 11:20:51 AM
26,0.50,07/22/2023 11:10:31 AM
31,0.50,07/22/2023 10:50:29 AM
23,0.50,07/22/2023 10:40:17 AM
30,0.50,07/22/2023 10:31:00 AM
35,0.50,07/22/2023 10:20:51 AM
33,0.50,07/22/2023 10:10:28 AM
28,0.50,07/22/2023 09:50:27 AM
-1,0.50,07/22/2023 09:40:13 AM
24,0.50,07/22/2023 09:30:59 AM
33,0.50,07/22/2023 09:20:49 AM
25,0.50,07/22/2023 09:10:27 AM
44,0.50,07/22/2023 08:50:26 AM
29,0.50,07/22/2023 08:40:12 AM
32,0.50,07/22/2023 08:30:57 AM
30,0.50,07/22/2023 08:20:47 AM
27,0.50,07/22/2023 08:10:26 AM
34,0.50,07/22/2023 07:50:24 AM
25,0.50,07/22/2023 07:40:11 AM
24,0.50,07/22/2023 07:30:56 AM
31,0.50,07/22/2023 07:20:46 AM
-1,0.50,07/22/2023 07:10:25 AM
32,0.50,07/22/2023 06:50:25 AM
36,0.50,07/22/2023 06:40:10 AM
34,0.50,07/22/2023 06:30:56 AM
29,0.50,07/22/2023 06:20:45 AM
33,0.50,07/22/2023 06:10:24 AM
34,0.50,07/22/2023 05:50:21 AM
31,0.50,07/22/2023 05:40:07 AM
31,0.50,07/22/2023 05:30:53 AM
31,0.50,07/22/2023 05:20:41 AM
32,0.50,07/22/2023 05:10:19 AM
38,0.50,07/22/2023 05:01:07 AM
27,0.50,07/22/2023 04:50:18 AM
34,0.50,07/22/2023 04:40:03 AM
-1,0.50,07/22/2023 04:30:48 AM
40,0.50,07/22/2023 04:20:36 AM
29,0.50,07/22/2023 04:10:17 AM
-1,0.50,07/22/2023 04:01:05 AM
34,0.50,07/22/2023 03:50:16 AM
-1,0.50,07/22/2023 03:40:02 AM
-1,0.50,07/22/2023 03:30:49 AM
-1,0.50,07/22/2023 03:20:34 AM
-1,0.50,07/22/2023 03:10:16 AM
-1,0.50,07/22/2023 03:01:04 AM
-1,0.50,07/22/2023 02:50:15 AM
-1,0.50,07/22/2023 02:40:02 AM
23,0.50,07/22/2023 02:30:49 AM
-1,0.50,07/22/2023 02:20:35 AM
-1,0.50,07/22/2023 02:10:18 AM
-1,0.50,07/22/2023 01:50:16 AM
-1,0.50,07/22/2023 01:40:03 AM
-1,0.50,07/22/2023 01:30:50 AM
-1,0.50,07/22/2023 01:20:37 AM
-1,0.50,07/22/2023 01:10:18 AM
-1,0.50,07/22/2023 12:50:19 AM
-1,0.50,07/22/2023 12:40:05 AM
-1,0.50,07/22/2023 12:20:41 AM
26,0.50,07/22/2023 12:10:20 AM
27,0.50,07/21/2023 11:50:22 PM
-1,0.50,07/21/2023 11:40:06 PM
-1,0.50,07/21/2023 11:20:44 PM
25,0.50,07/21/2023 11:10:24 PM
23,0.50,07/21/2023 10:50:24 PM
27,0.50,07/21/2023 10:40:08 PM
23,0.50,07/21/2023 10:20:51 PM
23,0.50,07/21/2023 10:10:30 PM
25,0.50,07/21/2023 10:01:20 PM
-1,0.50,07/21/2023 09:50:25 PM
23,0.50,07/21/2023 09:40:09 PM
27,0.50,07/21/2023 09:20:47 PM
-1,0.50,07/21/2023 09:10:27 PM
24,0.50,07/21/2023 09:01:11 PM
-1,0.50,07/21/2023 08:50:25 PM
26,0.50,07/21/2023 08:40:10 PM
-1,0.50,07/21/2023 08:30:57 PM
22,0.50,07/21/2023 08:20:52 PM
-1,0.50,07/21/2023 08:10:27 PM
27,0.50,07/21/2023 08:01:14 PM
24,0.50,07/21/2023 07:50:27 PM
34,0.50,07/21/2023 07:40:12 PM
23,0.50,07/21/2023 07:30:59 PM
-1,0.50,07/21/2023 07:20:54 PM
27,0.50,07/21/2023 07:10:30 PM
31,0.50,07/21/2023 07:01:17 PM
26,0.50,07/21/2023 06:50:33 PM
31,0.50,07/21/2023 06:40:20 PM
27,0.50,07/21/2023 06:31:05 PM
-1,0.50,07/21/2023 06:20:59 PM
16,0.50,07/21/2023 06:10:43 PM
25,0.50,07/21/2023 06:01:21 PM
29,0.50,07/21/2023 05:50:37 PM
35,0.50,07/21/2023 05:40:22 PM
35,0.50,07/21/2023 05:31:07 PM
-1,0.50,07/21/2023 05:21:00 PM
18,0.50,07/21/2023 05:10:41 PM
29,0.50,07/21/2023 05:01:22 PM
29,0.50,07/21/2023 04:50:39 PM
29,0.50,07/21/2023 04:40:26 PM
23,0.50,07/21/2023 04:31:07 PM
20,0.50,07/21/2023 04:21:01 PM
20,0.50,07/21/2023 04:10:42 PM
31,0.50,07/21/2023 04:01:22 PM
23,0.50,07/21/2023 03:50:38 PM
29,0.50,07/21/2023 03:40:23 PM
18,0.50,07/21/2023 03:31:07 PM
25,0.50,07/21/2023 03:20:58 PM
24,0.50,07/21/2023 03:10:54 PM
23,0.50,07/21/2023 03:01:37 PM
25,0.50,07/21/2023 02:50:33 PM
44,0.50,07/21/2023 02:40:19 PM
14,0.50,07/21/2023 02:31:04 PM
25,0.50,07/21/2023 02:20:55 PM
22,0.50,07/21/2023 02:10:33 PM
33,0.50,07/21/2023 02:01:19 PM
30,0.50,07/21/2023 01:50:30 PM
27,0.50,07/21/2023 01:40:16 PM
-1,0.50,07/21/2023 01:31:02 PM
26,0.50,07/21/2023 01:20:52 PM
20,0.50,07/21/2023 01:10:32 PM
-1,0.50,07/21/2023 01:01:16 PM
27,0.50,07/21/2023 12:50:27 PM
28,0.50,07/21/2023 12:40:15 PM
-1,0.50,07/21/2023 12:31:00 PM
26,0.50,07/21/2023 12:20:53 PM
25,0.50,07/21/2023 12:10:28 PM
-1,0.50,07/21/2023 12:01:15 PM
29,0.50,07/21/2023 11:50:28 AM
30,0.50,07/21/2023 11:40:15 AM
-1,0.50,07/21/2023 11:31:00 AM
23,0.50,07/21/2023 11:20:53 AM
20,0.50,07/21/2023 11:10:28 AM
20,0.50,07/21/2023 11:01:16 AM
29,0.50,07/21/2023 10:50:27 AM
34,0.50,07/21/2023 10:40:16 AM
29,0.50,07/21/2023 10:31:01 AM
33,0.50,07/21/2023 10:20:54 AM
-1,0.50,07/21/2023 10:10:30 AM
24,0.50,07/21/2023 10:01:17 AM
27,0.50,07/21/2023 09:50:32 AM
21,0.50,07/21/2023 09:40:21 AM
-1,0.50,07/21/2023 09:31:04 AM
23,0.50,07/21/2023 09:20:57 AM
23,0.50,07/21/2023 09:10:35 AM
27,0.50,07/21/2023 09:01:19 AM
28,0.50,07/21/2023 08:50:39 AM
27,0.50,07/21/2023 08:40:23 AM
23,0.50,07/21/2023 08:31:05 AM
31,0.50,07/21/2023 08:20:58 AM
23,0.50,07/21/2023 08:10:37 AM
20,0.50,07/21/2023 08:01:21 AM
10,0.50,07/21/2023 07:50:37 AM
24,0.50,07/21/2023 07:40:21 AM
27,0.50,07/21/2023 07:31:06 AM
26,0.50,07/21/2023 07:20:58 AM
33,0.50,07/21/2023 07:10:35 AM
34,0.50,07/21/2023 07:01:19 AM
28,0.50,07/21/2023 06:50:32 AM
33,0.50,07/21/2023 06:40:18 AM
27,0.50,07/21/2023 06:31:02 AM
38,0.50,07/21/2023 06:20:52 AM
40,0.50,07/21/2023 06:10:33 AM
29,0.50,07/21/2023 06:01:13 AM
30,0.50,07/21/2023 05:50:26 AM
31,0.50,07/21/2023 05:40:09 AM
44,0.50,07/21/2023 05:30:56 AM
28,0.50,07/21/2023 05:20:45 AM
23,0.50,07/21/2023 05:10:21 AM
27,0.50,07/21/2023 05:01:08 AM
39,0.50,07/21/2023 04:50:20 AM
41,0.50,07/21/2023 04:40:05 AM
30,0.50,07/21/2023 04:30:51 AM
34,0.50,07/21/2023 04:20:39 AM
25,0.50,07/21/2023 04:10:18 AM
34,0.50,07/21/2023 04:01:05 AM
32,0.50,07/21/2023 03:50:16 AM
-1,0.50,07/21/2023 03:40:02 AM
-1,0.50,07/21/2023 03:30:48 AM
-1,0.50,07/21/2023 03:20:34 AM
-1,0.50,07/21/2023 03:10:16 AM
-1,0.50,07/21/2023 03:01:04 AM
-1,0.50,07/21/2023 02:50:16 AM
-1,0.50,07/21/2023 02:40:02 AM
-1,0.50,07/21/2023 02:30:48 AM
-1,0.50,07/21/2023 02:20:34 AM
-1,0.50,07/21/2023 02:10:18 AM
-1,0.50,07/21/2023 02:01:08 AM
-1,0.50,07/21/2023 01:50:17 AM
-1,0.50,07/21/2023 01:40:03 AM
-1,0.50,07/21/2023 01:30:50 AM
-1,0.50,07/21/2023 01:20:37 AM
-1,0.50,07/21/2023 01:10:18 AM
-1,0.50,07/21/2023 01:01:06 AM
-1,0.50,07/21/2023 12:50:19 AM
34,0.50,07/21/2023 12:40:05 AM
25,0.50,07/21/2023 12:30:52 AM
-1,0.50,07/21/2023 12:20:41 AM
22,0.50,07/21/2023 12:10:20 AM
-1,0.50,07/21/2023 12:01:08 AM
24,0.50,07/20/2023 11:50:21 PM
-1,0.50,07/20/2023 11:40:07 PM
42,0.50,07/20/2023 11:30:53 PM
25,0.50,07/20/2023 11:20:44 PM
27,0.50,07/20/2023 11:10:25 PM
30,0.50,07/20/2023 11:01:10 PM
-1,0.50,07/20/2023 10:50:23 PM
25,0.50,07/20/2023 10:40:08 PM
23,0.50,07/20/2023 10:30:55 PM
25,0.50,07/20/2023 10:20:47 PM
-1,0.50,07/20/2023 10:10:31 PM
21,0.50,07/20/2023 10:01:20 PM
34,0.50,07/20/2023 09:50:24 PM
-1,0.50,07/20/2023 09:40:09 PM
-1,0.50,07/20/2023 09:30:55 PM
28,0.50,07/20/2023 09:20:47 PM
-1,0.50,07/20/2023 09:10:25 PM
20,0.50,07/20/2023 09:01:12 PM
-1,0.50,07/20/2023 08:50:25 PM
21,0.50,07/20/2023 08:40:11 PM
-1,0.50,07/20/2023 08:30:58 PM
27,0.50,07/20/2023 08:20:48 PM
-1,0.50,07/20/2023 08:10:28 PM
17,0.50,07/20/2023 08:01:14 PM
15,0.50,07/20/2023 07:50:28 PM
23,0.50,07/20/2023 07:40:16 PM
-1,0.50,07/20/2023 07:31:01 PM
25,0.50,07/20/2023 07:20:51 PM
18,0.50,07/20/2023 07:10:32 PM
22,0.50,07/20/2023 07:01:18 PM
-1,0.50,07/20/2023 06:50:31 PM
34,0.50,07/20/2023 06:40:20 PM
27,0.50,07/20/2023 06:31:08 PM
27,0.50,07/20/2023 06:20:57 PM
23,0.50,07/20/2023 06:10:40 PM
21,0.50,07/20/2023 06:01:21 PM
25,0.50,07/20/2023 05:50:37 PM
29,0.50,07/20/2023 05:40:23 PM
29,0.50,07/20/2023 05:31:08 PM
44,0.50,07/20/2023 05:20:58 PM
18,0.50,07/20/2023 05:10:42 PM
23,0.50,07/20/2023 05:01:22 PM
27,0.50,07/20/2023 04:50:38 PM
28,0.50,07/20/2023 04:40:24 PM
26,0.50,07/20/2023 04:31:08 PM
44,0.50,07/20/2023 04:20:59 PM
20,0.50,07/20/2023 04:10:42 PM
31,0.50,07/20/2023 04:01:22 PM
-1,0.50,07/20/2023 03:50:40 PM
28,0.50,07/20/2023 03:40:24 PM
44,0.50,07/20/2023 03:31:08 PM
28,0.50,07/20/2023 03:20:56 PM
25,0.50,07/20/2023 03:10:54 PM
29,0.50,07/20/2023 03:01:37 PM
25,0.50,07/20/2023 02:50:34 PM
44,0.50,07/20/2023 02:40:20 PM
22,0.50,07/20/2023 02:31:05 PM
27,0.50,07/20/2023 02:20:55 PM
23,0.50,07/20/2023 02:10:35 PM
30,0.50,07/20/2023 02:01:18 PM
24,0.50,07/20/2023 01:50:30 PM
44,0.50,07/20/2023 01:40:17 PM
-1,0.50,07/20/2023 01:31:01 PM
20,0.50,07/20/2023 01:20:52 PM
27,0.50,07/20/2023 01:10:31 PM
29,0.50,07/20/2023 01:01:16 PM
25,0.50,07/20/2023 12:50:28 PM
44,0.50,07/20/2023 12:40:16 PM
-1,0.50,07/20/2023 12:31:00 PM
35,0.50,07/20/2023 12:20:50 PM
27,0.50,07/20/2023 12:10:28 PM
-1,0.50,07/20/2023 12:01:15 PM
23,0.50,07/20/2023 11:50:27 AM
44,0.50,07/20/2023 11:40:14 AM
-1,0.50,07/20/2023 11:31:01 AM
31,0.50,07/20/2023 11:20:52 AM
33,0.50,07/20/2023 11:10:29 AM
33,0.50,07/20/2023 11:01:16 AM
27,0.50,07/20/2023 10:50:28 AM
44,0.50,07/20/2023 10:40:14 AM
31,0.50,07/20/2023 10:31:01 AM
-1,0.50,07/20/2023 10:20:52 AM
-1,0.50,07/20/2023 10:10:30 AM
23,0.50,07/20/2023 10:01:17 AM
14,0.50,07/20/2023 09:50:29 AM
44,0.50,07/20/2023 09:40:20 AM
44,0.50,07/20/2023 09:31:04 AM
25,0.50,07/20/2023 09:20:56 AM
23,0.50,07/20/2023 09:10:36 AM
27,0.50,07/20/2023 09:01:21 AM
13,0.50,07/20/2023 08:50:35 AM
-1,0.50,07/20/2023 08:40:23 AM
44,0.50,07/20/2023 08:31:06 AM
23,0.50,07/20/2023 08:20:57 AM
22,0.50,07/20/2023 08:10:39 AM
25,0.50,07/20/2023 08:01:21 AM
34,0.50,07/20/2023 07:50:36 AM
44,0.50,07/20/2023 07:40:22 AM
44,0.50,07/20/2023 07:31:06 AM
22,0.50,07/20/2023 07:20:56 AM
29,0.50,07/20/2023 07:10:39 AM
31,0.50,07/20/2023 07:01:19 AM
29,0.50,07/20/2023 06:50:30 AM
31,0.50,07/20/2023 06:40:19 AM
31,0.50,07/20/2023 06:31:01 AM
-1,0.50,07/20/2023 06:20:52 AM
26,0.50,07/20/2023 06:10:27 AM
28,0.50,07/20/2023 06:01:13 AM
22,0.50,07/20/2023 05:50:25 AM
27,0.50,07/20/2023 05:40:11 AM
44,0.50,07/20/2023 05:30:56 AM
34,0.50,07/20/2023 05:20:45 AM
30,0.50,07/20/2023 05:10:21 AM
31,0.50,07/20/2023 05:01:08 AM
29,0.50,07/20/2023 04:50:20 AM
35,0.50,07/20/2023 04:40:05 AM
29,0.50,07/20/2023 04:30:51 AM
32,0.50,07/20/2023 04:20:38 AM
-1,0.50,07/20/2023 04:10:17 AM
-1,0.50,07/20/2023 04:01:04 AM
25,0.50,07/20/2023 03:50:16 AM
44,0.50,07/20/2023 03:40:02 AM
-1,0.50,07/20/2023 03:30:48 AM
29,0.50,07/20/2023 03:20:35 AM
-1,0.50,07/20/2023 03:10:15 AM
-1,0.50,07/20/2023 03:01:03 AM
-1,0.50,07/20/2023 02:50:16 AM
-1,0.50,07/20/2023 02:40:02 AM
-1,0.50,07/20/2023 02:30:48 AM
-1,0.50,07/20/2023 02:20:35 AM
-1,0.50,07/20/2023 02:10:19 AM
-1,0.50,07/20/2023 02:01:06 AM
-1,0.50,07/20/2023 01:50:17 AM
-1,0.50,07/20/2023 01:40:03 AM
-1,0.50,07/20/2023 01:30:51 AM
-1,0.50,07/20/2023 01:20:38 AM
-1,0.50,07/20/2023 01:10:17 AM
-1,0.50,07/20/2023 01:01:06 AM
-1,0.50,07/20/2023 12:50:18 AM
-1,0.50,07/20/2023 12:40:05 AM
22,0.50,07/20/2023 12:30:53 AM
-1,0.50,07/20/2023 12:20:41 AM
22,0.50,07/20/2023 12:10:21 AM
-1,0.50,07/20/2023 12:01:12 AM
20,0.50,07/19/2023 11:50:21 PM
-1,0.50,07/19/2023 11:40:06 PM
33,0.50,07/19/2023 11:30:55 PM
33,0.50,07/19/2023 11:20:44 PM
30,0.50,07/19/2023 11:10:24 PM
20,0.50,07/19/2023 11:01:10 PM
27,0.50,07/19/2023 10:50:23 PM
25,0.50,07/19/2023 10:40:08 PM
-1,0.50,07/19/2023 10:30:50 PM
-1,0.50,07/19/2023 10:20:50 PM
18,0.50,07/19/2023 10:10:30 PM
28,0.50,07/19/2023 10:01:32 PM
-1,0.50,07/19/2023 09:50:24 PM
27,0.50,07/19/2023 09:40:10 PM
-1,0.50,07/19/2023 09:30:57 PM
21,0.50,07/19/2023 09:20:48 PM
-1,0.50,07/19/2023 09:10:25 PM
21,0.50,07/19/2023 09:01:13 PM
-1,0.50,07/19/2023 08:50:25 PM
22,0.50,07/19/2023 08:40:11 PM
-1,0.50,07/19/2023 08:30:57 PM
29,0.50,07/19/2023 08:20:49 PM
-1,0.50,07/19/2023 08:10:28 PM
28,0.50,07/19/2023 08:01:15 PM
-1,0.50,07/19/2023 07:50:27 PM
23,0.50,07/19/2023 07:40:13 PM
-1,0.50,07/19/2023 07:31:00 PM
21,0.50,07/19/2023 07:20:52 PM
21,0.50,07/19/2023 07:10:32 PM
20,0.50,07/19/2023 07:01:20 PM
14,0.50,07/19/2023 06:50:34 PM
26,0.50,07/19/2023 06:40:19 PM
26,0.50,07/19/2023 06:31:06 PM
30,0.50,07/19/2023 06:20:58 PM
24,0.50,07/19/2023 06:10:45 PM
23,0.50,07/19/2023 06:01:22 PM
22,0.50,07/19/2023 05:50:37 PM
20,0.50,07/19/2023 05:40:22 PM
20,0.50,07/19/2023 05:31:08 PM
29,0.50,07/19/2023 05:20:59 PM
26,0.50,07/19/2023 05:10:40 PM
25,0.50,07/19/2023 05:01:23 PM
24,0.50,07/19/2023 04:50:39 PM
23,0.50,07/19/2023 04:40:24 PM
29,0.50,07/19/2023 04:31:11 PM
28,0.50,07/19/2023 04:21:00 PM
23,0.50,07/19/2023 04:10:46 PM
28,0.50,07/19/2023 04:01:22 PM
21,0.50,07/19/2023 03:50:38 PM
26,0.50,07/19/2023 03:40:23 PM
29,0.50,07/19/2023 03:31:07 PM
31,0.50,07/19/2023 03:20:58 PM
25,0.50,07/19/2023 03:10:53 PM
25,0.50,07/19/2023 03:01:36 PM
25,0.50,07/19/2023 02:50:33 PM
26,0.50,07/19/2023 02:40:20 PM
33,0.50,07/19/2023 02:31:05 PM
34,0.50,07/19/2023 02:20:55 PM
24,0.50,07/19/2023 02:10:34 PM
31,0.50,07/19/2023 02:01:17 PM
25,0.50,07/19/2023 01:50:32 PM
27,0.50,07/19/2023 01:40:18 PM
29,0.50,07/19/2023 01:31:02 PM
23,0.50,07/19/2023 01:20:51 PM
30,0.50,07/19/2023 01:10:29 PM
29,0.50,07/19/2023 01:01:16 PM
27,0.50,07/19/2023 12:50:26 PM
25,0.50,07/19/2023 12:40:16 PM
27,0.50,07/19/2023 12:31:01 PM
26,0.50,07/19/2023 12:20:52 PM
29,0.50,07/19/2023 12:10:29 PM
-1,0.50,07/19/2023 12:01:14 PM
31,0.50,07/19/2023 11:50:26 AM
-1,0.50,07/19/2023 11:40:15 AM
-1,0.50,07/19/2023 11:31:00 AM
20,0.50,07/19/2023 11:20:50 AM
-1,0.50,07/19/2023 11:10:27 AM
28,0.50,07/19/2023 11:01:14 AM
31,0.50,07/19/2023 10:50:27 AM
-1,0.50,07/19/2023 10:40:17 AM
26,0.50,07/19/2023 10:31:01 AM
27,0.50,07/19/2023 10:20:52 AM
34,0.50,07/19/2023 10:10:31 AM
20,0.50,07/19/2023 10:01:17 AM
25,0.50,07/19/2023 09:50:30 AM
22,0.50,07/19/2023 09:40:19 AM
26,0.50,07/19/2023 09:20:55 AM
26,0.50,07/19/2023 09:10:37 AM
22,0.50,07/19/2023 09:01:20 AM
-1,0.50,07/19/2023 08:50:34 AM
25,0.50,07/19/2023 08:40:21 AM
25,0.50,07/19/2023 08:31:08 AM
25,0.50,07/19/2023 08:10:40 AM
24,0.50,07/19/2023 08:01:21 AM
24,0.50,07/19/2023 07:50:38 AM
25,0.50,07/19/2023 07:40:24 AM
27,0.50,07/19/2023 07:31:06 AM
23,0.50,07/19/2023 07:10:36 AM
26,0.50,07/19/2023 07:01:19 AM
31,0.50,07/19/2023 06:50:30 AM
31,0.50,07/19/2023 06:40:19 AM
28,0.50,07/19/2023 06:31:01 AM
31,0.50,07/19/2023 06:20:51 AM
23,0.50,07/19/2023 06:10:28 AM
24,0.50,07/19/2023 06:01:14 AM
37,0.50,07/19/2023 05:50:25 AM
30,0.50,07/19/2023 05:40:10 AM
28,0.50,07/19/2023 05:30:55 AM
-1,0.50,07/19/2023 05:20:46 AM
31,0.50,07/19/2023 05:01:08 AM
29,0.50,07/19/2023 04:40:05 AM
44,0.50,07/19/2023 04:30:51 AM
44,0.50,07/19/2023 04:20:38 AM
-1,0.50,07/19/2023 04:10:17 AM
32,0.50,07/19/2023 04:01:04 AM
-1,0.50,07/19/2023 03:50:16 AM
34,0.50,07/19/2023 03:40:02 AM
-1,0.50,07/19/2023 03:20:35 AM
-1,0.50,07/19/2023 03:10:15 AM
-1,0.50,07/19/2023 03:01:04 AM
-1,0.50,07/19/2023 02:50:15 AM
-1,0.50,07/19/2023 02:40:02 AM
-1,0.50,07/19/2023 02:30:48 AM
-1,0.50,07/19/2023 02:20:36 AM
-1,0.50,07/19/2023 02:01:05 AM
-1,0.50,07/19/2023 01:50:16 AM
-1,0.50,07/19/2023 01:30:49 AM
-1,0.50,07/19/2023 01:20:37 AM
-1,0.50,07/19/2023 01:10:18 AM
-1,0.50,07/19/2023 01:01:06 AM
-1,0.50,07/19/2023 12:50:18 AM
32,0.50,07/19/2023 12:30:52 AM
-1,0.50,07/19/2023 12:20:40 AM
30,0.50,07/19/2023 12:10:20 AM
-1,0.50,07/19/2023 12:01:09 AM
-1,0.50,07/18/2023 11:40:06 PM
-1,0.50,07/18/2023 11:30:54 PM
-1,0.50,07/18/2023 11:20:44 PM
26,0.50,07/18/2023 11:10:23 PM
27,0.50,07/18/2023 11:01:11 PM
30,0.50,07/18/2023 10:50:22 PM
34,0.50,07/18/2023 10:30:56 PM
25,0.50,07/18/2023 10:20:46 PM
-1,0.50,07/18/2023 10:10:30 PM
25,0.50,07/18/2023 10:01:23 PM
-1,0.50,07/18/2023 09:50:23 PM
-1,0.50,07/18/2023 09:30:57 PM
29,0.50,07/18/2023 09:20:46 PM
-1,0.50,07/18/2023 09:10:26 PM
25,0.50,07/18/2023 09:01:12 PM
-1,0.50,07/18/2023 08:50:25 PM
-1,0.50,07/18/2023 08:30:57 PM
28,0.50,07/18/2023 08:20:48 PM
-1,0.50,07/18/2023 08:10:27 PM
34,0.50,07/18/2023 07:50:27 PM
21,0.50,07/18/2023 07:40:14 PM
-1,0.50,07/18/2023 07:31:02 PM
29,0.50,07/18/2023 07:20:51 PM
27,0.50,07/18/2023 07:10:32 PM
29,0.50,07/18/2023 07:01:19 PM
25,0.50,07/18/2023 06:50:33 PM
29,0.50,07/18/2023 06:40:20 PM
25,0.50,07/18/2023 06:31:05 PM
29,0.50,07/18/2023 06:20:56 PM
34,0.50,07/18/2023 06:10:40 PM
20,0.50,07/18/2023 06:01:21 PM
25,0.50,07/18/2023 05:50:40 PM
26,0.50,07/18/2023 05:40:24 PM
31,0.50,07/18/2023 05:31:07 PM
22,0.50,07/18/2023 05:20:58 PM
29,0.50,07/18/2023 05:10:42 PM
24,0.50,07/18/2023 05:01:23 PM
23,0.50,07/18/2023 04:50:39 PM
30,0.50,07/18/2023 04:40:23 PM
27,0.50,07/18/2023 04:31:09 PM
27,0.50,07/18/2023 04:20:58 PM
30,0.50,07/18/2023 04:10:43 PM
25,0.50,07/18/2023 04:01:23 PM
29,0.50,07/18/2023 03:50:38 PM
32,0.50,07/18/2023 03:40:22 PM
27,0.50,07/18/2023 03:31:07 PM
29,0.50,07/18/2023 03:20:56 PM
26,0.50,07/18/2023 03:10:55 PM
27,0.50,07/18/2023 03:01:38 PM
31,0.50,07/18/2023 02:50:35 PM
23,0.50,07/18/2023 02:40:17 PM
29,0.50,07/18/2023 02:31:04 PM
34,0.50,07/18/2023 02:20:53 PM
25,0.50,07/18/2023 02:10:34 PM
29,0.50,07/18/2023 02:01:17 PM
25,0.50,07/18/2023 01:50:29 PM
25,0.50,07/18/2023 01:40:18 PM
28,0.50,07/18/2023 01:31:01 PM
20,0.50,07/18/2023 01:20:50 PM
28,0.50,07/18/2023 01:10:29 PM
24,0.50,07/18/2023 01:01:16 PM
29,0.50,07/18/2023 12:50:27 PM
22,0.50,07/18/2023 12:40:17 PM
31,0.50,07/18/2023 12:30:59 PM
25,0.50,07/18/2023 12:20:50 PM
34,0.50,07/18/2023 12:10:28 PM
25,0.50,07/18/2023 12:01:14 PM
27,0.50,07/18/2023 11:50:27 AM
26,0.50,07/18/2023 11:40:16 AM
-1,0.50,07/18/2023 11:30:59 AM
25,0.50,07/18/2023 11:20:50 AM
24,0.50,07/18/2023 11:10:28 AM
27,0.50,07/18/2023 11:01:15 AM
27,0.50,07/18/2023 10:50:27 AM
31,0.50,07/18/2023 10:40:16 AM
31,0.50,07/18/2023 10:31:01 AM
-1,0.50,07/18/2023 10:20:51 AM
34,0.50,07/18/2023 10:10:31 AM
29,0.50,07/18/2023 10:01:18 AM
29,0.50,07/18/2023 09:50:30 AM
34,0.50,07/18/2023 09:40:20 AM
24,0.50,07/18/2023 09:31:05 AM
23,0.50,07/18/2023 09:20:55 AM
26,0.50,07/18/2023 09:10:36 AM
26,0.50,07/18/2023 09:01:22 AM
34,0.50,07/18/2023 08:50:35 AM
29,0.50,07/18/2023 08:40:22 AM
27,0.50,07/18/2023 08:31:07 AM
25,0.50,07/18/2023 08:20:56 AM
22,0.50,07/18/2023 08:10:40 AM
27,0.50,07/18/2023 08:01:22 AM
29,0.50,07/18/2023 07:50:36 AM
34,0.50,07/18/2023 07:40:22 AM
25,0.50,07/18/2023 07:31:08 AM
23,0.50,07/18/2023 07:20:55 AM
26,0.50,07/18/2023 07:10:40 AM
27,0.50,07/18/2023 07:01:20 AM
27,0.50,07/18/2023 06:50:31 AM
29,0.50,07/18/2023 06:40:20 AM
25,0.50,07/18/2023 06:31:02 AM
32,0.50,07/18/2023 06:20:50 AM
36,0.50,07/18/2023 06:10:28 AM
31,0.50,07/18/2023 06:01:14 AM
31,0.50,07/18/2023 05:50:26 AM
28,0.50,07/18/2023 05:40:12 AM
25,0.50,07/18/2023 05:30:56 AM
44,0.50,07/18/2023 05:20:44 AM
30,0.50,07/18/2023 05:10:22 AM
32,0.50,07/18/2023 05:01:09 AM
32,0.50,07/18/2023 04:50:20 AM
28,0.50,07/18/2023 04:40:05 AM
31,0.50,07/18/2023 04:30:51 AM
35,0.50,07/18/2023 04:20:39 AM
-1,0.50,07/18/2023 04:10:17 AM
31,0.50,07/18/2023 04:01:05 AM
34,0.50,07/18/2023 03:50:16 AM
29,0.50,07/18/2023 03:40:02 AM
-1,0.50,07/18/2023 03:30:48 AM
-1,0.50,07/18/2023 03:20:35 AM
-1,0.50,07/18/2023 03:10:16 AM
-1,0.50,07/18/2023 03:01:04 AM
-1,0.50,07/18/2023 02:50:17 AM
-1,0.50,07/18/2023 02:40:02 AM
-1,0.50,07/18/2023 02:30:48 AM
-1,0.50,07/18/2023 02:20:35 AM
-1,0.50,07/18/2023 02:10:16 AM
-1,0.50,07/18/2023 02:01:05 AM
-1,0.50,07/18/2023 01:50:16 AM
-1,0.50,07/18/2023 01:40:02 AM
-1,0.50,07/18/2023 01:30:49 AM
-1,0.50,07/18/2023 01:20:36 AM
-1,0.50,07/18/2023 01:10:17 AM
-1,0.50,07/18/2023 01:01:05 AM
-1,0.50,07/18/2023 12:50:17 AM
-1,0.50,07/18/2023 12:40:03 AM
23,0.50,07/18/2023 12:30:51 AM
-1,0.50,07/18/2023 12:20:39 AM
28,0.50,07/18/2023 12:10:18 AM
-1,0.50,07/18/2023 12:01:07 AM
31,0.50,07/17/2023 11:50:20 PM
-1,0.50,07/17/2023 11:40:05 PM
23,0.50,07/17/2023 11:30:52 PM
34,0.50,07/17/2023 11:20:40 PM
30,0.50,07/17/2023 11:10:21 PM
-1,0.50,07/17/2023 11:01:09 PM
34,0.50,07/17/2023 10:50:21 PM
18,0.50,07/17/2023 10:40:06 PM
34,0.50,07/17/2023 10:30:54 PM
30,0.50,07/17/2023 10:20:45 PM
26,0.50,07/17/2023 10:10:27 PM
27,0.50,07/17/2023 10:01:19 PM
-1,0.50,07/17/2023 09:50:22 PM
20,0.50,07/17/2023 09:40:07 PM
-1,0.50,07/17/2023 09:30:54 PM
29,0.50,07/17/2023 09:20:43 PM
-1,0.50,07/17/2023 09:10:22 PM
26,0.50,07/17/2023 09:01:10 PM
-1,0.50,07/17/2023 08:50:22 PM
29,0.50,07/17/2023 08:40:08 PM
-1,0.50,07/17/2023 08:30:55 PM
21,0.50,07/17/2023 08:20:44 PM
34,0.50,07/17/2023 08:10:23 PM
30,0.50,07/17/2023 08:01:10 PM
25,0.50,07/17/2023 07:50:23 PM
-1,0.50,07/17/2023 07:40:09 PM
-1,0.50,07/17/2023 07:30:56 PM
25,0.50,07/17/2023 07:20:46 PM
31,0.50,07/17/2023 07:10:26 PM
27,0.50,07/17/2023 07:01:12 PM
13,0.50,07/17/2023 06:50:26 PM
27,0.50,07/17/2023 06:40:15 PM
24,0.50,07/17/2023 06:30:59 PM
23,0.50,07/17/2023 06:20:50 PM
26,0.50,07/17/2023 06:10:30 PM
-1,0.50,07/17/2023 06:01:16 PM
23,0.50,07/17/2023 05:50:30 PM
34,0.50,07/17/2023 05:40:19 PM
27,0.50,07/17/2023 05:31:01 PM
27,0.50,07/17/2023 05:20:52 PM
30,0.50,07/17/2023 05:10:30 PM
-1,0.50,07/17/2023 05:01:17 PM
34,0.50,07/17/2023 04:50:30 PM
27,0.50,07/17/2023 04:40:18 PM
28,0.50,07/17/2023 04:31:02 PM
30,0.50,07/17/2023 04:20:52 PM
30,0.50,07/17/2023 04:10:33 PM
29,0.50,07/17/2023 04:01:17 PM
28,0.50,07/17/2023 03:50:30 PM
29,0.50,07/17/2023 03:40:18 PM
28,0.50,07/17/2023 03:31:01 PM
28,0.50,07/17/2023 03:20:49 PM
26,0.50,07/17/2023 03:10:42 PM
27,0.50,07/17/2023 03:01:28 PM
25,0.50,07/17/2023 02:50:27 PM
44,0.50,07/17/2023 02:40:16 PM
31,0.50,07/17/2023 02:30:58 PM
28,0.50,07/17/2023 02:20:48 PM
-1,0.50,07/17/2023 02:10:27 PM
26,0.50,07/17/2023 02:01:15 PM
28,0.50,07/17/2023 01:50:25 PM
20,0.50,07/17/2023 01:40:12 PM
18,0.50,07/17/2023 01:30:57 PM
23,0.50,07/17/2023 01:20:46 PM
30,0.50,07/17/2023 01:10:25 PM
-1,0.50,07/17/2023 01:01:12 PM
27,0.50,07/17/2023 12:50:23 PM
31,0.50,07/17/2023 12:40:12 PM
-1,0.50,07/17/2023 12:30:56 PM
27,0.50,07/17/2023 12:20:46 PM
28,0.50,07/17/2023 12:10:25 PM
23,0.50,07/17/2023 12:01:11 PM
24,0.50,07/17/2023 11:50:24 AM
31,0.50,07/17/2023 11:40:12 AM
-1,0.50,07/17/2023 11:30:56 AM
17,0.50,07/17/2023 11:20:46 AM
24,0.50,07/17/2023 11:10:25 AM
27,0.50,07/17/2023 11:01:11 AM
33,0.50,07/17/2023 10:50:23 AM
27,0.50,07/17/2023 10:40:13 AM
27,0.50,07/17/2023 10:30:57 AM
42,0.50,07/17/2023 10:20:46 AM
-1,0.50,07/17/2023 10:10:26 AM
28,0.50,07/17/2023 10:01:13 AM
27,0.50,07/17/2023 09:50:26 AM
11,0.50,07/17/2023 09:40:15 AM
20,0.50,07/17/2023 09:31:01 AM
25,0.50,07/17/2023 09:20:49 AM
26,0.50,07/17/2023 09:10:30 AM
34,0.50,07/17/2023 09:01:15 AM
11,0.50,07/17/2023 08:50:27 AM
27,0.50,07/17/2023 08:40:17 AM
31,0.50,07/17/2023 08:31:01 AM
25,0.50,07/17/2023 08:20:49 AM
25,0.50,07/17/2023 08:10:30 AM
17,0.50,07/17/2023 08:01:16 AM
31,0.50,07/17/2023 07:50:28 AM
22,0.50,07/17/2023 07:40:17 AM
31,0.50,07/17/2023 07:31:02 AM
35,0.50,07/17/2023 07:20:49 AM
31,0.50,07/17/2023 07:10:30 AM
28,0.50,07/17/2023 07:01:18 AM
31,0.50,07/17/2023 06:50:26 AM
44,0.50,07/17/2023 06:40:15 AM
29,0.50,07/17/2023 06:30:57 AM
29,0.50,07/17/2023 06:20:45 AM
38,0.50,07/17/2023 06:10:24 AM
44,0.50,07/17/2023 06:01:11 AM
31,0.50,07/17/2023 05:50:22 AM
28,0.50,07/17/2023 05:40:08 AM
31,0.50,07/17/2023 05:30:53 AM
29,0.50,07/17/2023 05:20:41 AM
31,0.50,07/17/2023 05:10:19 AM
31,0.50,07/17/2023 05:01:07 AM
34,0.50,07/17/2023 04:50:19 AM
35,0.50,07/17/2023 04:40:04 AM
27,0.50,07/17/2023 04:30:50 AM
34,0.50,07/17/2023 04:20:37 AM
-1,0.50,07/17/2023 04:10:16 AM
26,0.50,07/17/2023 04:01:04 AM
27,0.50,07/17/2023 03:50:16 AM
-1,0.50,07/17/2023 03:40:01 AM
-1,0.50,07/17/2023 03:30:48 AM
-1,0.50,07/17/2023 03:20:34 AM
-1,0.50,07/17/2023 03:10:15 AM
-1,0.50,07/17/2023 03:01:03 AM
-1,0.50,07/17/2023 02:50:15 AM
-1,0.50,07/17/2023 02:40:01 AM
-1,0.50,07/17/2023 02:30:48 AM
-1,0.50,07/17/2023 02:20:34 AM
-1,0.50,07/17/2023 02:10:15 AM
-1,0.50,07/17/2023 02:01:05 AM
-1,0.50,07/17/2023 01:50:15 AM
-1,0.50,07/17/2023 01:40:02 AM
-1,0.50,07/17/2023 01:30:49 AM
-1,0.50,07/17/2023 01:20:36 AM
-1,0.50,07/17/2023 01:10:18 AM
-1,0.50,07/17/2023 01:01:06 AM
-1,0.50,07/17/2023 12:50:18 AM
-1,0.50,07/17/2023 12:40:06 AM
33,0.50,07/17/2023 12:30:52 AM
-1,0.50,07/17/2023 12:20:40 AM
26,0.50,07/17/2023 12:10:19 AM
24,0.50,07/17/2023 12:01:07 AM
29,0.50,07/16/2023 11:50:20 PM
-1,0.50,07/16/2023 11:40:06 PM
-1,0.50,07/16/2023 11:30:53 PM
26,0.50,07/16/2023 11:20:42 PM
29,0.50,07/16/2023 11:10:23 PM
29,0.50,07/16/2023 11:01:09 PM
-1,0.50,07/16/2023 10:50:22 PM
24,0.50,07/16/2023 10:40:08 PM
-1,0.50,07/16/2023 10:30:54 PM
27,0.50,07/16/2023 10:20:43 PM
29,0.50,07/16/2023 10:10:24 PM
29,0.50,07/16/2023 10:01:10 PM
24,0.50,07/16/2023 09:50:23 PM
-1,0.50,07/16/2023 09:40:08 PM
27,0.50,07/16/2023 09:30:55 PM
29,0.50,07/16/2023 09:20:44 PM
27,0.50,07/16/2023 09:10:24 PM
-1,0.50,07/16/2023 09:01:10 PM
24,0.50,07/16/2023 08:50:24 PM
-1,0.50,07/16/2023 08:40:11 PM
25,0.50,07/16/2023 08:30:56 PM
22,0.50,07/16/2023 08:20:44 PM
-1,0.50,07/16/2023 08:10:25 PM
-1,0.50,07/16/2023 08:01:11 PM
34,0.50,07/16/2023 07:50:25 PM
25,0.50,07/16/2023 07:40:11 PM
28,0.50,07/16/2023 07:30:57 PM
-1,0.50,07/16/2023 07:20:47 PM
35,0.50,07/16/2023 07:10:27 PM
-1,0.50,07/16/2023 06:50:25 PM
27,0.50,07/16/2023 06:40:12 PM
25,0.50,07/16/2023 06:30:58 PM
25,0.50,07/16/2023 06:20:47 PM
29,0.50,07/16/2023 06:10:27 PM
23,0.50,07/16/2023 05:50:25 PM
28,0.50,07/16/2023 05:40:13 PM
28,0.50,07/16/2023 05:30:59 PM
31,0.50,07/16/2023 05:20:48 PM
-1,0.50,07/16/2023 05:10:27 PM
29,0.50,07/16/2023 04:50:27 PM
27,0.50,07/16/2023 04:40:14 PM
24,0.50,07/16/2023 04:20:48 PM
26,0.50,07/16/2023 04:10:27 PM
-1,0.50,07/16/2023 03:50:26 PM
25,0.50,07/16/2023 03:40:14 PM
31,0.50,07/16/2023 03:20:48 PM
26,0.50,07/16/2023 03:01:23 PM
33,0.50,07/16/2023 02:50:26 PM
27,0.50,07/16/2023 02:40:15 PM
28,0.50,07/16/2023 02:20:48 PM
31,0.50,07/16/2023 02:10:28 PM
29,0.50,07/16/2023 01:50:27 PM
44,0.50,07/16/2023 01:40:14 PM
35,0.50,07/16/2023 01:20:47 PM
31,0.50,07/16/2023 01:10:28 PM
30,0.50,07/16/2023 01:01:14 PM
34,0.50,07/16/2023 12:50:27 PM
33,0.50,07/16/2023 12:40:16 PM
-1,0.50,07/16/2023 12:20:48 PM
30,0.50,07/16/2023 12:10:27 PM
29,0.50,07/16/2023 11:50:25 AM
27,0.50,07/16/2023 11:40:14 AM
31,0.50,07/16/2023 11:20:48 AM
28,0.50,07/16/2023 11:10:26 AM
32,0.50,07/16/2023 10:50:24 AM
33,0.50,07/16/2023 10:40:13 AM
29,0.50,07/16/2023 10:20:46 AM
28,0.50,07/16/2023 10:10:25 AM
26,0.50,07/16/2023 09:50:23 AM
33,0.50,07/16/2023 09:40:12 AM
25,0.50,07/16/2023 09:20:45 AM
29,0.50,07/16/2023 09:10:24 AM
25,0.50,07/16/2023 08:50:23 AM
-1,0.50,07/16/2023 08:40:11 AM
29,0.50,07/16/2023 08:20:45 AM
27,0.50,07/16/2023 08:10:23 AM
29,0.50,07/16/2023 07:50:22 AM
31,0.50,07/16/2023 07:40:09 AM
34,0.50,07/16/2023 07:20:44 AM
27,0.50,07/16/2023 07:10:22 AM
27,0.50,07/16/2023 06:50:21 AM
34,0.50,07/16/2023 06:40:07 AM
34,0.50,07/16/2023 06:20:43 AM
29,0.50,07/16/2023 06:10:22 AM
34,0.50,07/16/2023 06:01:10 AM
27,0.50,07/16/2023 05:50:19 AM
37,0.50,07/16/2023 05:40:05 AM
24,0.50,07/16/2023 05:20:38 AM
35,0.50,07/16/2023 05:10:17 AM
34,0.50,07/16/2023 04:50:17 AM
35,0.50,07/16/2023 04:40:03 AM
-1,0.50,07/16/2023 04:20:36 AM
28,0.50,07/16/2023 04:10:15 AM
-1,0.50,07/16/2023 03:50:16 AM
-1,0.50,07/16/2023 03:40:02 AM
-1,0.50,07/16/2023 03:20:35 AM
-1,0.50,07/16/2023 03:10:15 AM
-1,0.50,07/16/2023 02:50:16 AM
-1,0.50,07/16/2023 02:40:02 AM
-1,0.50,07/16/2023 02:20:35 AM
-1,0.50,07/16/2023 02:10:18 AM
-1,0.50,07/16/2023 02:01:06 AM
-1,0.50,07/16/2023 01:50:17 AM
-1,0.50,07/16/2023 01:40:03 AM
-1,0.50,07/16/2023 01:20:38 AM
-1,0.50,07/16/2023 01:10:18 AM
-1,0.50,07/16/2023 01:01:06 AM
-1,0.50,07/16/2023 12:50:18 AM
-1,0.50,07/16/2023 12:40:05 AM
-1,0.50,07/16/2023 12:20:42 AM
26,0.50,07/16/2023 12:10:20 AM
-1,0.50,07/16/2023 12:01:08 AM
31,0.50,07/15/2023 11:50:22 PM
27,0.50,07/15/2023 11:40:07 PM
27,0.50,07/15/2023 11:30:54 PM
21,0.50,07/15/2023 11:20:44 PM
-1,0.50,07/15/2023 11:10:24 PM
32,0.50,07/15/2023 11:01:09 PM
22,0.50,07/15/2023 10:50:22 PM
23,0.50,07/15/2023 10:40:08 PM
23,0.50,07/15/2023 10:30:55 PM
29,0.50,07/15/2023 10:20:51 PM
29,0.50,07/15/2023 10:10:30 PM
27,0.50,07/15/2023 10:01:10 PM
26,0.50,07/15/2023 09:50:24 PM
44,0.50,07/15/2023 09:40:10 PM
21,0.50,07/15/2023 09:30:56 PM
24,0.50,07/15/2023 09:20:46 PM
29,0.50,07/15/2023 09:10:26 PM
-1,0.50,07/15/2023 09:01:12 PM
18,0.50,07/15/2023 08:50:25 PM
29,0.50,07/15/2023 08:40:11 PM
13,0.50,07/15/2023 08:30:58 PM
23,0.50,07/15/2023 08:20:49 PM
28,0.50,07/15/2023 08:10:27 PM
-1,0.50,07/15/2023 08:01:14 PM
26,0.50,07/15/2023 07:50:26 PM
25,0.50,07/15/2023 07:40:13 PM
28,0.50,07/15/2023 07:30:59 PM
27,0.50,07/15/2023 07:20:49 PM
-1,0.50,07/15/2023 07:10:29 PM
18,0.50,07/15/2023 07:01:15 PM
34,0.50,07/15/2023 06:50:27 PM
24,0.50,07/15/2023 06:40:14 PM
24,0.50,07/15/2023 06:30:59 PM
23,0.50,07/15/2023 06:20:51 PM
28,0.50,07/15/2023 06:10:30 PM
26,0.50,07/15/2023 06:01:16 PM
34,0.50,07/15/2023 05:50:28 PM
29,0.50,07/15/2023 05:40:16 PM
30,0.50,07/15/2023 05:31:02 PM
31,0.50,07/15/2023 05:20:53 PM
22,0.50,07/15/2023 05:10:31 PM
34,0.50,07/15/2023 05:01:17 PM
23,0.50,07/15/2023 04:50:29 PM
24,0.50,07/15/2023 04:40:18 PM
16,0.50,07/15/2023 04:31:01 PM
28,0.50,07/15/2023 04:20:52 PM
25,0.50,07/15/2023 04:10:30 PM
22,0.50,07/15/2023 04:01:17 PM
29,0.50,07/15/2023 03:50:29 PM
-1,0.50,07/15/2023 03:40:17 PM
25,0.50,07/15/2023 03:31:01 PM
29,0.50,07/15/2023 03:20:52 PM
23,0.50,07/15/2023 03:10:45 PM
34,0.50,07/15/2023 03:01:29 PM
29,0.50,07/15/2023 02:50:30 PM
24,0.50,07/15/2023 02:40:17 PM
-1,0.50,07/15/2023 02:31:01 PM
34,0.50,07/15/2023 02:20:51 PM
33,0.50,07/15/2023 02:10:32 PM
36,0.50,07/15/2023 02:01:17 PM
38,0.50,07/15/2023 01:50:29 PM
28,0.50,07/15/2023 01:40:18 PM
32,0.50,07/15/2023 01:31:03 PM
29,0.50,07/15/2023 01:20:53 PM
26,0.50,07/15/2023 01:10:33 PM
-1,0.50,07/15/2023 01:01:17 PM
34,0.50,07/15/2023 12:40:17 PM
33,0.50,07/15/2023 12:31:01 PM
27,0.50,07/15/2023 12:20:51 PM
24,0.50,07/15/2023 12:10:30 PM
44,0.50,07/15/2023 12:01:16 PM
34,0.50,07/15/2023 11:50:28 AM
26,0.50,07/15/2023 11:40:15 AM
28,0.50,07/15/2023 11:31:01 AM
29,0.50,07/15/2023 11:20:51 AM
27,0.50,07/15/2023 11:10:28 AM
34,0.50,07/15/2023 11:01:15 AM
25,0.50,07/15/2023 10:50:28 AM
27,0.50,07/15/2023 10:40:15 AM
25,0.50,07/15/2023 10:31:00 AM
25,0.50,07/15/2023 10:20:50 AM
35,0.50,07/15/2023 10:10:28 AM
23,0.50,07/15/2023 10:01:15 AM
29,0.50,07/15/2023 09:50:26 AM
30,0.50,07/15/2023 09:40:14 AM
24,0.50,07/15/2023 09:31:00 AM
34,0.50,07/15/2023 09:20:50 AM
26,0.50,07/15/2023 09:10:27 AM
27,0.50,07/15/2023 09:01:13 AM
25,0.50,07/15/2023 08:50:25 AM
29,0.50,07/15/2023 08:40:13 AM
29,0.50,07/15/2023 08:30:58 AM
22,0.50,07/15/2023 08:20:47 AM
30,0.50,07/15/2023 08:10:26 AM
31,0.50,07/15/2023 08:01:12 AM
-1,0.50,07/15/2023 07:50:24 AM
31,0.50,07/15/2023 07:40:12 AM
27,0.50,07/15/2023 07:30:57 AM
29,0.50,07/15/2023 07:20:47 AM
27,0.50,07/15/2023 07:10:24 AM
39,0.50,07/15/2023 07:01:10 AM
-1,0.50,07/15/2023 06:50:22 AM
29,0.50,07/15/2023 06:40:09 AM
34,0.50,07/15/2023 06:30:55 AM
29,0.50,07/15/2023 06:20:44 AM
34,0.50,07/15/2023 06:10:22 AM
27,0.50,07/15/2023 06:01:14 AM
32,0.50,07/15/2023 05:50:20 AM
29,0.50,07/15/2023 05:40:07 AM
28,0.50,07/15/2023 05:30:54 AM
-1,0.50,07/15/2023 05:20:42 AM
33,0.50,07/15/2023 05:10:19 AM
25,0.50,07/15/2023 05:01:06 AM
29,0.50,07/15/2023 04:50:17 AM
27,0.50,07/15/2023 04:40:03 AM
30,0.50,07/15/2023 04:30:50 AM
29,0.50,07/15/2023 04:20:37 AM
29,0.50,07/15/2023 04:10:16 AM
-1,0.50,07/15/2023 04:01:04 AM
33,0.50,07/15/2023 03:50:16 AM
-1,0.50,07/15/2023 03:40:02 AM
-1,0.50,07/15/2023 03:30:49 AM
-1,0.50,07/15/2023 03:20:35 AM
-1,0.50,07/15/2023 03:10:15 AM
-1,0.50,07/15/2023 03:01:04 AM
-1,0.50,07/15/2023 02:50:15 AM
-1,0.50,07/15/2023 02:40:02 AM
-1,0.50,07/15/2023 02:30:49 AM
-1,0.50,07/15/2023 02:20:35 AM
-1,0.50,07/15/2023 02:10:16 AM
-1,0.50,07/15/2023 02:01:06 AM
-1,0.50,07/15/2023 01:50:17 AM
-1,0.50,07/15/2023 01:40:03 AM
-1,0.50,07/15/2023 01:30:50 AM
23,0.50,07/15/2023 01:20:37 AM
-1,0.50,07/15/2023 01:10:18 AM
-1,0.50,07/15/2023 01:01:06 AM
-1,0.50,07/15/2023 12:50:19 AM
-1,0.50,07/15/2023 12:40:05 AM
25,0.50,07/15/2023 12:30:52 AM
-1,0.50,07/15/2023 12:20:42 AM
25,0.50,07/15/2023 12:10:19 AM
-1,0.50,07/15/2023 12:01:10 AM
27,0.50,07/14/2023 11:50:21 PM
-1,0.50,07/14/2023 11:40:07 PM
24,0.50,07/14/2023 11:30:53 PM
25,0.50,07/14/2023 11:20:43 PM
27,0.50,07/14/2023 11:10:23 PM
29,0.50,07/14/2023 11:01:10 PM
-1,0.50,07/14/2023 10:50:23 PM
20,0.50,07/14/2023 10:40:08 PM
-1,0.50,07/14/2023 10:30:55 PM
33,0.50,07/14/2023 10:20:47 PM
25,0.50,07/14/2023 10:10:30 PM
27,0.50,07/14/2023 10:01:27 PM
-1,0.50,07/14/2023 09:50:24 PM
28,0.50,07/14/2023 09:40:09 PM
29,0.50,07/14/2023 09:30:56 PM
-1,0.50,07/14/2023 09:20:46 PM
-1,0.50,07/14/2023 09:10:25 PM
25,0.50,07/14/2023 09:01:13 PM
-1,0.50,07/14/2023 08:50:25 PM
30,0.50,07/14/2023 08:40:11 PM
-1,0.50,07/14/2023 08:30:57 PM
21,0.50,07/14/2023 08:20:48 PM
-1,0.50,07/14/2023 08:10:27 PM
27,0.50,07/14/2023 08:01:13 PM
34,0.50,07/14/2023 07:50:27 PM
32,0.50,07/14/2023 07:40:16 PM
25,0.50,07/14/2023 07:31:00 PM
13,0.50,07/14/2023 07:20:51 PM
14,0.50,07/14/2023 07:10:30 PM
27,0.50,07/14/2023 07:01:17 PM
29,0.50,07/14/2023 06:50:32 PM
-1,0.50,07/14/2023 06:40:19 PM
30,0.50,07/14/2023 06:31:04 PM
-1,0.50,07/14/2023 06:20:55 PM
0,0.50,07/14/2023 06:10:41 PM
33,0.50,07/14/2023 06:01:20 PM
-1,0.50,07/14/2023 05:50:40 PM
28,0.50,07/14/2023 05:40:22 PM
25,0.50,07/14/2023 05:31:07 PM
-1,0.50,07/14/2023 05:20:57 PM
20,0.50,07/14/2023 05:10:42 PM
29,0.50,07/14/2023 05:01:25 PM
34,0.50,07/14/2023 04:50:40 PM
14,0.50,07/14/2023 04:40:24 PM
27,0.50,07/14/2023 04:31:08 PM
24,0.50,07/14/2023 04:20:59 PM
32,0.50,07/14/2023 04:10:40 PM
25,0.50,07/14/2023 04:01:23 PM
26,0.50,07/14/2023 03:50:41 PM
31,0.50,07/14/2023 03:40:23 PM
35,0.50,07/14/2023 03:31:08 PM
25,0.50,07/14/2023 03:20:56 PM
25,0.50,07/14/2023 03:10:54 PM
31,0.50,07/14/2023 03:01:38 PM
27,0.50,07/14/2023 02:50:34 PM
27,0.50,07/14/2023 02:40:20 PM
34,0.50,07/14/2023 02:31:05 PM
23,0.50,07/14/2023 02:20:52 PM
31,0.50,07/14/2023 02:10:33 PM
25,0.50,07/14/2023 02:01:19 PM
25,0.50,07/14/2023 01:50:27 PM
30,0.50,07/14/2023 01:40:17 PM
-1,0.50,07/14/2023 01:31:01 PM
29,0.50,07/14/2023 01:20:51 PM
25,0.50,07/14/2023 01:10:28 PM
17,0.50,07/14/2023 01:01:15 PM
29,0.50,07/14/2023 12:50:27 PM
29,0.50,07/14/2023 12:40:16 PM
34,0.50,07/14/2023 12:30:59 PM
28,0.50,07/14/2023 12:20:50 PM
22,0.50,07/14/2023 12:10:28 PM
-1,0.50,07/14/2023 12:01:14 PM
23,0.50,07/14/2023 11:50:27 AM
32,0.50,07/14/2023 11:40:14 AM
-1,0.50,07/14/2023 11:31:00 AM
27,0.50,07/14/2023 11:20:52 AM
20,0.50,07/14/2023 11:10:28 AM
24,0.50,07/14/2023 11:01:15 AM
31,0.50,07/14/2023 10:50:27 AM
34,0.50,07/14/2023 10:40:15 AM
31,0.50,07/14/2023 10:31:00 AM
24,0.50,07/14/2023 10:20:51 AM
-1,0.50,07/14/2023 10:10:28 AM
30,0.50,07/14/2023 10:01:16 AM
23,0.50,07/14/2023 09:50:29 AM
-1,0.50,07/14/2023 09:40:18 AM
27,0.50,07/14/2023 09:31:03 AM
24,0.50,07/14/2023 09:20:54 AM
23,0.50,07/14/2023 09:10:34 AM
34,0.50,07/14/2023 09:01:22 AM
23,0.50,07/14/2023 08:50:34 AM
30,0.50,07/14/2023 08:40:21 AM
23,0.50,07/14/2023 08:31:07 AM
24,0.50,07/14/2023 08:20:58 AM
22,0.50,07/14/2023 08:10:38 AM
44,0.50,07/14/2023 08:01:22 AM
12,0.50,07/14/2023 07:50:40 AM
28,0.50,07/14/2023 07:40:23 AM
28,0.50,07/14/2023 07:31:07 AM
24,0.50,07/14/2023 07:20:56 AM
30,0.50,07/14/2023 07:10:40 AM
24,0.50,07/14/2023 07:01:19 AM
31,0.50,07/14/2023 06:50:31 AM
22,0.50,07/14/2023 06:40:18 AM
27,0.50,07/14/2023 06:31:00 AM
28,0.50,07/14/2023 06:20:50 AM
20,0.50,07/14/2023 06:10:26 AM
25,0.50,07/14/2023 06:01:13 AM
29,0.50,07/14/2023 05:50:25 AM
27,0.50,07/14/2023 05:40:11 AM
34,0.50,07/14/2023 05:30:55 AM
34,0.50,07/14/2023 05:20:45 AM
30,0.50,07/14/2023 05:10:24 AM
29,0.50,07/14/2023 05:01:08 AM
31,0.50,07/14/2023 04:50:20 AM
32,0.50,07/14/2023 04:40:05 AM
31,0.50,07/14/2023 04:30:52 AM
40,0.50,07/14/2023 04:20:38 AM
34,0.50,07/14/2023 04:10:17 AM
31,0.50,07/14/2023 03:50:16 AM
34,0.50,07/14/2023 03:40:02 AM
-1,0.50,07/14/2023 03:30:49 AM
-1,0.50,07/14/2023 03:20:35 AM
-1,0.50,07/14/2023 03:10:16 AM
-1,0.50,07/14/2023 03:01:04 AM
-1,0.50,07/14/2023 02:50:16 AM
-1,0.50,07/14/2023 02:40:02 AM
-1,0.50,07/14/2023 02:30:49 AM
-1,0.50,07/14/2023 02:20:35 AM
-1,0.50,07/14/2023 02:10:19 AM
-1,0.50,07/14/2023 02:01:06 AM
-1,0.50,07/14/2023 01:50:16 AM
-1,0.50,07/14/2023 01:40:02 AM
-1,0.50,07/14/2023 01:30:50 AM
-1,0.50,07/14/2023 01:20:37 AM
-1,0.50,07/14/2023 01:10:18 AM
-1,0.50,07/14/2023 01:01:06 AM
-1,0.50,07/14/2023 12:50:18 AM
12,0.50,07/14/2023 12:40:04 AM
26,0.50,07/14/2023 12:30:52 AM
-1,0.50,07/14/2023 12:20:41 AM
27,0.50,07/14/2023 12:10:20 AM
-1,0.50,07/14/2023 12:01:09 AM
25,0.50,07/13/2023 11:50:20 PM
-1,0.50,07/13/2023 11:40:06 PM
31,0.50,07/13/2023 11:30:54 PM
-1,0.50,07/13/2023 11:20:43 PM
27,0.50,07/13/2023 11:10:24 PM
23,0.50,07/13/2023 11:01:10 PM
24,0.50,07/13/2023 10:50:23 PM
-1,0.50,07/13/2023 10:40:08 PM
-1,0.50,07/13/2023 10:30:55 PM
-1,0.50,07/13/2023 10:20:46 PM
-1,0.50,07/13/2023 10:10:31 PM
22,0.50,07/13/2023 10:01:26 PM
34,0.50,07/13/2023 09:50:24 PM
18,0.50,07/13/2023 09:40:10 PM
-1,0.50,07/13/2023 09:30:56 PM
-1,0.50,07/13/2023 09:20:47 PM
-1,0.50,07/13/2023 09:10:26 PM
22,0.50,07/13/2023 09:01:12 PM
-1,0.50,07/13/2023 08:50:26 PM
28,0.50,07/13/2023 08:40:10 PM
-1,0.50,07/13/2023 08:30:57 PM
25,0.50,07/13/2023 08:20:47 PM
-1,0.50,07/13/2023 08:10:28 PM
20,0.50,07/13/2023 08:01:14 PM
-1,0.50,07/13/2023 07:50:27 PM
23,0.50,07/13/2023 07:40:13 PM
34,0.50,07/13/2023 07:31:02 PM
27,0.50,07/13/2023 07:20:52 PM
18,0.50,07/13/2023 07:10:35 PM
21,0.50,07/13/2023 07:01:17 PM
34,0.50,07/13/2023 06:50:35 PM
28,0.50,07/13/2023 06:40:17 PM
25,0.50,07/13/2023 06:31:04 PM
34,0.50,07/13/2023 06:20:56 PM
18,0.50,07/13/2023 06:10:39 PM
24,0.50,07/13/2023 06:01:21 PM
23,0.50,07/13/2023 05:50:40 PM
27,0.50,07/13/2023 05:40:22 PM
28,0.50,07/13/2023 05:31:06 PM
-1,0.50,07/13/2023 05:20:58 PM
18,0.50,07/13/2023 05:10:42 PM
25,0.50,07/13/2023 05:01:22 PM
27,0.50,07/13/2023 04:50:43 PM
26,0.50,07/13/2023 04:40:24 PM
25,0.50,07/13/2023 04:31:11 PM
-1,0.50,07/13/2023 04:21:00 PM
28,0.50,07/13/2023 04:10:46 PM
30,0.50,07/13/2023 04:01:23 PM
34,0.50,07/13/2023 03:50:42 PM
28,0.50,07/13/2023 03:40:21 PM
28,0.50,07/13/2023 03:31:07 PM
25,0.50,07/13/2023 03:20:57 PM
26,0.50,07/13/2023 03:10:56 PM
32,0.50,07/13/2023 03:01:38 PM
26,0.50,07/13/2023 02:40:18 PM
26,0.50,07/13/2023 02:31:05 PM
29,0.50,07/13/2023 02:20:54 PM
25,0.50,07/13/2023 02:10:31 PM
25,0.50,07/13/2023 01:50:29 PM
25,0.50,07/13/2023 01:40:14 PM
25,0.50,07/13/2023 01:31:02 PM
27,0.50,07/13/2023 01:20:51 PM
29,0.50,07/13/2023 01:10:28 PM
23,0.50,07/13/2023 01:01:15 PM
34,0.50,07/13/2023 12:50:27 PM
25,0.50,07/13/2023 12:31:00 PM
25,0.50,07/13/2023 12:20:49 PM
29,0.50,07/13/2023 12:10:27 PM
30,0.50,07/13/2023 12:01:14 PM
23,0.50,07/13/2023 11:50:27 AM
23,0.50,07/13/2023 11:31:01 AM
34,0.50,07/13/2023 11:10:28 AM
25,0.50,07/13/2023 11:01:17 AM
26,0.50,07/13/2023 10:50:27 AM
14,0.50,07/13/2023 10:40:13 AM
27,0.50,07/13/2023 10:31:01 AM
-1,0.50,07/13/2023 10:20:52 AM
23,0.50,07/13/2023 10:10:30 AM
23,0.50,07/13/2023 10:01:19 AM
34,0.50,07/13/2023 09:40:17 AM
25,0.50,07/13/2023 09:31:05 AM
26,0.50,07/13/2023 09:20:55 AM
23,0.50,07/13/2023 09:10:38 AM
16,0.50,07/13/2023 09:01:23 AM
27,0.50,07/13/2023 08:50:36 AM
24,0.50,07/13/2023 08:40:20 AM
25,0.50,07/13/2023 08:31:08 AM
25,0.50,07/13/2023 08:10:42 AM
23,0.50,07/13/2023 08:01:23 AM
27,0.50,07/13/2023 07:50:37 AM
25,0.50,07/13/2023 07:31:06 AM
28,0.50,07/13/2023 07:20:56 AM
26,0.50,07/13/2023 07:10:36 AM
27,0.50,07/13/2023 07:01:20 AM
28,0.50,07/13/2023 06:50:31 AM
30,0.50,07/13/2023 06:40:16 AM
28,0.50,07/13/2023 06:31:02 AM
32,0.50,07/13/2023 06:20:52 AM
21,0.50,07/13/2023 06:10:29 AM
27,0.50,07/13/2023 06:01:13 AM
29,0.50,07/13/2023 05:50:24 AM
31,0.50,07/13/2023 05:40:10 AM
26,0.50,07/13/2023 05:30:56 AM
31,0.50,07/13/2023 05:10:22 AM
29,0.50,07/13/2023 05:01:09 AM
31,0.50,07/13/2023 04:50:19 AM
24,0.50,07/13/2023 04:40:05 AM
26,0.50,07/13/2023 04:30:51 AM
38,0.50,07/13/2023 04:20:38 AM
-1,0.50,07/13/2023 04:10:17 AM
-1,0.50,07/13/2023 04:01:04 AM
30,0.50,07/13/2023 03:50:16 AM
34,0.50,07/13/2023 03:40:02 AM
-1,0.50,07/13/2023 03:30:49 AM
-1,0.50,07/13/2023 03:20:35 AM
-1,0.50,07/13/2023 03:10:15 AM
-1,0.50,07/13/2023 03:01:03 AM
-1,0.50,07/13/2023 02:50:15 AM
-1,0.50,07/13/2023 02:40:02 AM
-1,0.50,07/13/2023 02:30:49 AM
-1,0.50,07/13/2023 02:20:35 AM
-1,0.50,07/13/2023 02:10:17 AM
-1,0.50,07/13/2023 02:01:06 AM
-1,0.50,07/13/2023 01:50:16 AM
-1,0.50,07/13/2023 01:40:03 AM
-1,0.50,07/13/2023 01:30:50 AM
-1,0.50,07/13/2023 01:20:38 AM
-1,0.50,07/13/2023 01:10:18 AM
-1,0.50,07/13/2023 01:01:06 AM
-1,0.50,07/13/2023 12:50:18 AM
-1,0.50,07/13/2023 12:40:05 AM
44,0.50,07/13/2023 12:30:52 AM
-1,0.50,07/13/2023 12:20:41 AM
25,0.50,07/13/2023 12:10:19 AM
-1,0.50,07/13/2023 12:01:10 AM
44,0.50,07/12/2023 11:50:21 PM
44,0.50,07/12/2023 11:40:07 PM
25,0.50,07/12/2023 11:30:54 PM
34,0.50,07/12/2023 11:20:43 PM
25,0.50,07/12/2023 11:10:21 PM
44,0.50,07/12/2023 11:01:09 PM
-1,0.50,07/12/2023 10:50:22 PM
32,0.50,07/12/2023 10:40:08 PM
31,0.50,07/12/2023 10:30:55 PM
44,0.50,07/12/2023 10:20:53 PM
-1,0.50,07/12/2023 10:10:29 PM
20,0.50,07/12/2023 10:01:26 PM
26,0.50,07/12/2023 09:50:24 PM
27,0.50,07/12/2023 09:40:11 PM
-1,0.50,07/12/2023 09:30:56 PM
44,0.50,07/12/2023 09:20:46 PM
-1,0.50,07/12/2023 09:10:24 PM
18,0.50,07/12/2023 09:01:11 PM
-1,0.50,07/12/2023 08:50:24 PM
19,0.50,07/12/2023 08:40:10 PM
-1,0.50,07/12/2023 08:30:56 PM
44,0.50,07/12/2023 08:20:48 PM
-1,0.50,07/12/2023 08:10:25 PM
20,0.50,07/12/2023 08:01:13 PM
-1,0.50,07/12/2023 07:50:26 PM
19,0.50,07/12/2023 07:40:12 PM
-1,0.50,07/12/2023 07:30:59 PM
44,0.50,07/12/2023 07:20:49 PM
28,0.50,07/12/2023 07:10:28 PM
22,0.50,07/12/2023 07:01:18 PM
10,0.50,07/12/2023 06:50:29 PM
22,0.50,07/12/2023 06:40:15 PM
21,0.50,07/12/2023 06:31:03 PM
44,0.50,07/12/2023 06:20:56 PM
20,0.50,07/12/2023 06:10:39 PM
0,0.50,07/12/2023 06:01:22 PM
27,0.50,07/12/2023 05:50:35 PM
24,0.50,07/12/2023 05:40:18 PM
24,0.50,07/12/2023 05:31:07 PM
44,0.50,07/12/2023 05:20:57 PM
26,0.50,07/12/2023 05:10:38 PM
0,0.50,07/12/2023 05:01:23 PM
31,0.50,07/12/2023 04:50:37 PM
24,0.50,07/12/2023 04:40:21 PM
27,0.50,07/12/2023 04:31:09 PM
44,0.50,07/12/2023 04:20:57 PM
23,0.50,07/12/2023 04:10:39 PM
27,0.50,07/12/2023 04:01:24 PM
13,0.50,07/12/2023 03:50:36 PM
23,0.50,07/12/2023 03:40:20 PM
44,0.50,07/12/2023 03:31:08 PM
26,0.50,07/12/2023 03:20:56 PM
23,0.50,07/12/2023 03:10:54 PM
28,0.50,07/12/2023 03:01:38 PM
25,0.50,07/12/2023 02:50:32 PM
44,0.50,07/12/2023 02:40:17 PM
29,0.50,07/12/2023 02:31:05 PM
25,0.50,07/12/2023 02:20:53 PM
21,0.50,07/12/2023 02:10:31 PM
25,0.50,07/12/2023 02:01:18 PM
23,0.50,07/12/2023 01:50:31 PM
24,0.50,07/12/2023 01:40:16 PM
-1,0.50,07/12/2023 01:31:01 PM
22,0.50,07/12/2023 01:20:51 PM
28,0.50,07/12/2023 01:10:28 PM
28,0.50,07/12/2023 01:01:16 PM
32,0.50,07/12/2023 12:50:26 PM
-1,0.50,07/12/2023 12:40:14 PM
27,0.50,07/12/2023 12:30:59 PM
19,0.50,07/12/2023 12:20:51 PM
33,0.50,07/12/2023 12:10:28 PM
25,0.50,07/12/2023 12:01:16 PM
20,0.50,07/12/2023 11:50:27 AM
25,0.50,07/12/2023 11:40:13 AM
-1,0.50,07/12/2023 11:31:00 AM
23,0.50,07/12/2023 11:20:51 AM
12,0.50,07/12/2023 11:10:29 AM
21,0.50,07/12/2023 11:01:17 AM
34,0.50,07/12/2023 10:50:27 AM
25,0.50,07/12/2023 10:40:14 AM
25,0.50,07/12/2023 10:31:01 AM
30,0.50,07/12/2023 10:20:52 AM
34,0.50,07/12/2023 10:10:31 AM
23,0.50,07/12/2023 10:01:20 AM
-1,0.50,07/12/2023 09:50:30 AM
23,0.50,07/12/2023 09:40:16 AM
25,0.50,07/12/2023 09:31:04 AM
27,0.50,07/12/2023 09:20:54 AM
20,0.50,07/12/2023 09:10:35 AM
-1,0.50,07/12/2023 09:01:23 AM
20,0.50,07/12/2023 08:50:34 AM
27,0.50,07/12/2023 08:40:19 AM
24,0.50,07/12/2023 08:31:06 AM
44,0.50,07/12/2023 08:20:57 AM
20,0.50,07/12/2023 08:10:39 AM
24,0.50,07/12/2023 08:01:24 AM
12,0.50,07/12/2023 07:50:36 AM
23,0.50,07/12/2023 07:40:21 AM
25,0.50,07/12/2023 07:31:06 AM
21,0.50,07/12/2023 07:20:55 AM
27,0.50,07/12/2023 07:10:36 AM
27,0.50,07/12/2023 07:01:22 AM
25,0.50,07/12/2023 06:50:30 AM
29,0.50,07/12/2023 06:40:16 AM
28,0.50,07/12/2023 06:31:02 AM
27,0.50,07/12/2023 06:20:51 AM
23,0.50,07/12/2023 06:10:27 AM
28,0.50,07/12/2023 06:01:18 AM
34,0.50,07/12/2023 05:50:24 AM
-1,0.50,07/12/2023 05:40:10 AM
27,0.50,07/12/2023 05:30:55 AM
36,0.50,07/12/2023 05:20:45 AM
31,0.50,07/12/2023 05:10:21 AM
33,0.50,07/12/2023 05:01:08 AM
28,0.50,07/12/2023 04:50:20 AM
-1,0.50,07/12/2023 04:40:05 AM
29,0.50,07/12/2023 04:30:51 AM
44,0.50,07/12/2023 04:20:38 AM
34,0.50,07/12/2023 04:10:17 AM
34,0.50,07/12/2023 04:01:04 AM
32,0.50,07/12/2023 03:50:16 AM
34,0.50,07/12/2023 03:40:02 AM
-1,0.50,07/12/2023 03:30:48 AM
-1,0.50,07/12/2023 03:20:34 AM
-1,0.50,07/12/2023 03:10:15 AM
-1,0.50,07/12/2023 03:01:03 AM
-1,0.50,07/12/2023 02:50:16 AM
-1,0.50,07/12/2023 02:40:02 AM
-1,0.50,07/12/2023 02:30:48 AM
-1,0.50,07/12/2023 02:20:35 AM
-1,0.50,07/12/2023 02:10:17 AM
-1,0.50,07/12/2023 02:01:06 AM
-1,0.50,07/12/2023 01:50:17 AM
-1,0.50,07/12/2023 01:40:03 AM
-1,0.50,07/12/2023 01:30:51 AM
-1,0.50,07/12/2023 01:20:38 AM
-1,0.50,07/12/2023 01:10:17 AM
-1,0.50,07/12/2023 01:01:05 AM
-1,0.50,07/12/2023 12:50:18 AM
-1,0.50,07/12/2023 12:40:04 AM
27,0.50,07/12/2023 12:30:52 AM
-1,0.50,07/12/2023 12:20:40 AM
25,0.50,07/12/2023 12:10:20 AM
-1,0.50,07/12/2023 12:01:11 AM
27,0.50,07/11/2023 11:50:20 PM
-1,0.50,07/11/2023 11:40:06 PM
25,0.50,07/11/2023 11:30:54 PM
34,0.50,07/11/2023 11:20:44 PM
25,0.50,07/11/2023 11:10:22 PM
25,0.50,07/11/2023 11:01:10 PM
25,0.50,07/11/2023 10:50:22 PM
-1,0.50,07/11/2023 10:40:08 PM
-1,0.50,07/11/2023 10:30:55 PM
25,0.50,07/11/2023 10:20:53 PM
20,0.50,07/11/2023 10:10:30 PM
21,0.50,07/11/2023 10:01:31 PM
14,0.50,07/11/2023 09:50:23 PM
29,0.50,07/11/2023 09:40:09 PM
-1,0.50,07/11/2023 09:30:56 PM
-1,0.50,07/11/2023 09:20:47 PM
-1,0.50,07/11/2023 09:10:25 PM
27,0.50,07/11/2023 09:01:14 PM
30,0.50,07/11/2023 08:50:24 PM
-1,0.50,07/11/2023 08:40:10 PM
-1,0.50,07/11/2023 08:30:57 PM
23,0.50,07/11/2023 08:20:48 PM
-1,0.50,07/11/2023 08:10:26 PM
25,0.50,07/11/2023 08:01:15 PM
18,0.50,07/11/2023 07:50:25 PM
20,0.50,07/11/2023 07:40:12 PM
-1,0.50,07/11/2023 07:31:01 PM
28,0.50,07/11/2023 07:20:51 PM
25,0.50,07/11/2023 07:10:29 PM
28,0.50,07/11/2023 07:01:19 PM
25,0.50,07/11/2023 06:50:29 PM
-1,0.50,07/11/2023 06:40:16 PM
32,0.50,07/11/2023 06:31:05 PM
27,0.50,07/11/2023 06:20:55 PM
24,0.50,07/11/2023 06:10:36 PM
44,0.50,07/11/2023 06:01:26 PM
29,0.50,07/11/2023 05:50:39 PM
25,0.50,07/11/2023 05:40:23 PM
33,0.50,07/11/2023 05:31:06 PM
27,0.50,07/11/2023 05:20:58 PM
27,0.50,07/11/2023 05:10:40 PM
44,0.50,07/11/2023 05:01:24 PM
24,0.50,07/11/2023 04:50:37 PM
34,0.50,07/11/2023 04:40:20 PM
29,0.50,07/11/2023 04:31:09 PM
28,0.50,07/11/2023 04:20:57 PM
29,0.50,07/11/2023 04:10:39 PM
44,0.50,07/11/2023 04:01:24 PM
23,0.50,07/11/2023 03:50:36 PM
29,0.50,07/11/2023 03:40:19 PM
29,0.50,07/11/2023 03:31:06 PM
30,0.50,07/11/2023 03:20:57 PM
29,0.50,07/11/2023 03:01:38 PM
28,0.50,07/11/2023 02:50:34 PM
29,0.50,07/11/2023 02:40:17 PM
-1,0.50,07/11/2023 02:31:03 PM
25,0.50,07/11/2023 02:20:52 PM
44,0.50,07/11/2023 02:10:33 PM
29,0.50,07/11/2023 02:01:20 PM
25,0.50,07/11/2023 01:50:29 PM
34,0.50,07/11/2023 01:40:14 PM
34,0.50,07/11/2023 01:31:01 PM
22,0.50,07/11/2023 01:20:50 PM
26,0.50,07/11/2023 01:10:29 PM
34,0.50,07/11/2023 01:01:17 PM
24,0.50,07/11/2023 12:50:27 PM
-1,0.50,07/11/2023 12:40:13 PM
32,0.50,07/11/2023 12:30:59 PM
25,0.50,07/11/2023 12:20:50 PM
44,0.50,07/11/2023 12:10:28 PM
24,0.50,07/11/2023 12:01:16 PM
27,0.50,07/11/2023 11:50:27 AM
29,0.50,07/11/2023 11:40:12 AM
-1,0.50,07/11/2023 11:31:00 AM
30,0.50,07/11/2023 11:20:49 AM
34,0.50,07/11/2023 11:10:28 AM
26,0.50,07/11/2023 11:01:17 AM
30,0.50,07/11/2023 10:50:27 AM
-1,0.50,07/11/2023 10:40:13 AM
26,0.50,07/11/2023 10:31:02 AM
33,0.50,07/11/2023 10:20:51 AM
25,0.50,07/11/2023 10:10:29 AM
25,0.50,07/11/2023 09:50:31 AM
34,0.50,07/11/2023 09:40:16 AM
24,0.50,07/11/2023 09:31:06 AM
25,0.50,07/11/2023 09:20:54 AM
27,0.50,07/11/2023 09:10:39 AM
25,0.50,07/11/2023 08:50:36 AM
24,0.50,07/11/2023 08:40:19 AM
23,0.50,07/11/2023 08:20:56 AM
27,0.50,07/11/2023 08:10:38 AM
27,0.50,07/11/2023 07:50:35 AM
29,0.50,07/11/2023 07:40:19 AM
24,0.50,07/11/2023 07:20:54 AM
29,0.50,07/11/2023 07:10:36 AM
31,0.50,07/11/2023 06:50:32 AM
31,0.50,07/11/2023 06:40:16 AM
25,0.50,07/11/2023 06:31:01 AM
29,0.50,07/11/2023 06:20:49 AM
38,0.50,07/11/2023 06:10:27 AM
29,0.50,07/11/2023 05:50:24 AM
26,0.50,07/11/2023 05:40:10 AM
33,0.50,07/11/2023 05:30:56 AM
31,0.50,07/11/2023 05:20:45 AM
29,0.50,07/11/2023 05:10:24 AM
32,0.50,07/11/2023 05:01:11 AM
32,0.50,07/11/2023 04:50:19 AM
-1,0.50,07/11/2023 04:40:05 AM
44,0.50,07/11/2023 04:30:51 AM
35,0.50,07/11/2023 04:20:38 AM
34,0.50,07/11/2023 04:10:17 AM
34,0.50,07/11/2023 04:01:05 AM
44,0.50,07/11/2023 03:50:16 AM
29,0.50,07/11/2023 03:40:02 AM
-1,0.50,07/11/2023 03:30:49 AM
-1,0.50,07/11/2023 03:20:35 AM
-1,0.50,07/11/2023 03:10:16 AM
-1,0.50,07/11/2023 03:01:04 AM
-1,0.50,07/11/2023 02:50:15 AM
-1,0.50,07/11/2023 02:40:02 AM
-1,0.50,07/11/2023 02:30:49 AM
-1,0.50,07/11/2023 02:20:35 AM
-1,0.50,07/11/2023 02:10:16 AM
-1,0.50,07/11/2023 02:01:07 AM
-1,0.50,07/11/2023 01:50:16 AM
-1,0.50,07/11/2023 01:40:03 AM
-1,0.50,07/11/2023 01:30:50 AM
-1,0.50,07/11/2023 01:20:38 AM
-1,0.50,07/11/2023 01:10:19 AM
-1,0.50,07/11/2023 01:01:07 AM
-1,0.50,07/11/2023 12:50:18 AM
-1,0.50,07/11/2023 12:40:05 AM
24,0.50,07/11/2023 12:30:52 AM
-1,0.50,07/11/2023 12:20:41 AM
25,0.50,07/11/2023 12:10:20 AM
21,0.50,07/10/2023 11:50:19 PM
-1,0.50,07/10/2023 11:40:06 PM
24,0.50,07/10/2023 11:30:54 PM
-1,0.50,07/10/2023 11:20:43 PM
25,0.50,07/10/2023 11:10:22 PM
25,0.50,07/10/2023 10:50:21 PM
24,0.50,07/10/2023 10:40:08 PM
25,0.50,07/10/2023 10:20:52 PM
-1,0.50,07/10/2023 10:10:29 PM
26,0.50,07/10/2023 10:01:25 PM
-1,0.50,07/10/2023 09:50:22 PM
-1,0.50,07/10/2023 09:40:09 PM
24,0.50,07/10/2023 09:20:46 PM
-1,0.50,07/10/2023 09:10:24 PM
-1,0.50,07/10/2023 08:50:24 PM
-1,0.50,07/10/2023 08:40:10 PM
27,0.50,07/10/2023 08:20:46 PM
34,0.50,07/10/2023 08:10:26 PM
-1,0.50,07/10/2023 07:50:25 PM
-1,0.50,07/10/2023 07:40:12 PM
27,0.50,07/10/2023 07:20:49 PM
22,0.50,07/10/2023 07:10:28 PM
31,0.50,07/10/2023 07:01:17 PM
-1,0.50,07/10/2023 06:50:29 PM
23,0.50,07/10/2023 06:40:16 PM
29,0.50,07/10/2023 06:31:06 PM
28,0.50,07/10/2023 06:20:57 PM
27,0.50,07/10/2023 06:10:42 PM
23,0.50,07/10/2023 06:01:21 PM
26,0.50,07/10/2023 05:50:35 PM
-1,0.50,07/10/2023 05:40:19 PM
25,0.50,07/10/2023 05:31:10 PM
33,0.50,07/10/2023 05:20:56 PM
28,0.50,07/10/2023 05:10:41 PM
25,0.50,07/10/2023 05:01:23 PM
27,0.50,07/10/2023 04:50:37 PM
-1,0.50,07/10/2023 04:40:21 PM
25,0.50,07/10/2023 04:31:11 PM
29,0.50,07/10/2023 04:20:56 PM
22,0.50,07/10/2023 04:10:41 PM
26,0.50,07/10/2023 04:01:24 PM
35,0.50,07/10/2023 03:50:37 PM
33,0.50,07/10/2023 03:40:19 PM
31,0.50,07/10/2023 03:31:09 PM
29,0.50,07/10/2023 03:20:55 PM
25,0.50,07/10/2023 03:10:52 PM
30,0.50,07/10/2023 03:01:38 PM
32,0.50,07/10/2023 02:50:34 PM
34,0.50,07/10/2023 02:40:16 PM
32,0.50,07/10/2023 02:31:06 PM
34,0.50,07/10/2023 02:20:52 PM
26,0.50,07/10/2023 02:10:33 PM
35,0.50,07/10/2023 02:01:19 PM
-1,0.50,07/10/2023 01:50:30 PM
23,0.50,07/10/2023 01:40:15 PM
30,0.50,07/10/2023 01:31:02 PM
21,0.50,07/10/2023 01:20:49 PM
29,0.50,07/10/2023 01:10:29 PM
27,0.50,07/10/2023 01:01:16 PM
34,0.50,07/10/2023 12:50:26 PM
33,0.50,07/10/2023 12:40:13 PM
34,0.50,07/10/2023 12:31:01 PM
26,0.50,07/10/2023 12:20:49 PM
29,0.50,07/10/2023 12:10:28 PM
29,0.50,07/10/2023 12:01:16 PM
-1,0.50,07/10/2023 11:50:25 AM
23,0.50,07/10/2023 11:40:13 AM
23,0.50,07/10/2023 11:31:00 AM
27,0.50,07/10/2023 11:20:49 AM
27,0.50,07/10/2023 11:10:28 AM
27,0.50,07/10/2023 11:01:17 AM
-1,0.50,07/10/2023 10:50:27 AM
27,0.50,07/10/2023 10:40:13 AM
27,0.50,07/10/2023 10:31:02 AM
35,0.50,07/10/2023 10:20:50 AM
-1,0.50,07/10/2023 10:10:30 AM
25,0.50,07/10/2023 10:01:19 AM
-1,0.50,07/10/2023 09:50:31 AM
-1,0.50,07/10/2023 09:40:17 AM
25,0.50,07/10/2023 09:31:05 AM
23,0.50,07/10/2023 09:20:53 AM
23,0.50,07/10/2023 09:10:36 AM
34,0.50,07/10/2023 09:01:20 AM
27,0.50,07/10/2023 08:50:34 AM
-1,0.50,07/10/2023 08:40:19 AM
25,0.50,07/10/2023 08:31:09 AM
25,0.50,07/10/2023 08:20:55 AM
27,0.50,07/10/2023 08:10:38 AM
27,0.50,07/10/2023 08:01:24 AM
24,0.50,07/10/2023 07:50:38 AM
27,0.50,07/10/2023 07:40:20 AM
25,0.50,07/10/2023 07:31:08 AM
35,0.50,07/10/2023 07:20:54 AM
33,0.50,07/10/2023 07:10:36 AM
28,0.50,07/10/2023 07:01:19 AM
44,0.50,07/10/2023 06:50:30 AM
31,0.50,07/10/2023 06:40:15 AM
29,0.50,07/10/2023 06:31:03 AM
28,0.50,07/10/2023 06:20:49 AM
22,0.50,07/10/2023 06:10:27 AM
44,0.50,07/10/2023 06:01:13 AM
28,0.50,07/10/2023 05:50:25 AM
44,0.50,07/10/2023 05:40:10 AM
25,0.50,07/10/2023 05:30:56 AM
35,0.50,07/10/2023 05:20:43 AM
31,0.50,07/10/2023 05:10:22 AM
33,0.50,07/10/2023 05:01:08 AM
32,0.50,07/10/2023 04:50:20 AM
36,0.50,07/10/2023 04:40:05 AM
28,0.50,07/10/2023 04:30:51 AM
39,0.50,07/10/2023 04:20:38 AM
-1,0.50,07/10/2023 04:10:17 AM
25,0.50,07/10/2023 04:01:04 AM
34,0.50,07/10/2023 03:50:16 AM
-1,0.50,07/10/2023 03:40:02 AM
-1,0.50,07/10/2023 03:30:48 AM
-1,0.50,07/10/2023 03:20:34 AM
-1,0.50,07/10/2023 03:10:15 AM
-1,0.50,07/10/2023 03:01:03 AM
-1,0.50,07/10/2023 02:50:16 AM
26,0.50,07/10/2023 02:40:02 AM
32,0.50,07/10/2023 02:30:49 AM
-1,0.50,07/10/2023 02:20:35 AM
-1,0.50,07/10/2023 02:10:16 AM
-1,0.50,07/10/2023 02:01:05 AM
-1,0.50,07/10/2023 01:50:16 AM
-1,0.50,07/10/2023 01:40:02 AM
-1,0.50,07/10/2023 01:30:50 AM
-1,0.50,07/10/2023 01:20:37 AM
-1,0.50,07/10/2023 01:10:17 AM
-1,0.50,07/10/2023 01:01:05 AM
-1,0.50,07/10/2023 12:50:18 AM
-1,0.50,07/10/2023 12:40:04 AM
26,0.50,07/10/2023 12:30:51 AM
-1,0.50,07/10/2023 12:20:41 AM
24,0.50,07/10/2023 12:10:19 AM
-1,0.50,07/10/2023 12:01:07 AM
34,0.50,07/09/2023 11:50:19 PM
27,0.50,07/09/2023 11:40:06 PM
27,0.50,07/09/2023 11:30:53 PM
34,0.50,07/09/2023 11:20:42 PM
-1,0.50,07/09/2023 11:10:20 PM
-1,0.50,07/09/2023 11:01:09 PM
26,0.50,07/09/2023 10:50:21 PM
34,0.50,07/09/2023 10:40:07 PM
34,0.50,07/09/2023 10:30:56 PM
-1,0.50,07/09/2023 10:20:43 PM
-1,0.50,07/09/2023 10:10:23 PM
25,0.50,07/09/2023 10:01:10 PM
20,0.50,07/09/2023 09:50:21 PM
-1,0.50,07/09/2023 09:40:08 PM
-1,0.50,07/09/2023 09:30:57 PM
36,0.50,07/09/2023 09:20:44 PM
23,0.50,07/09/2023 09:10:23 PM
-1,0.50,07/09/2023 09:01:10 PM
-1,0.50,07/09/2023 08:50:21 PM
-1,0.50,07/09/2023 08:40:08 PM
26,0.50,07/09/2023 08:30:57 PM
21,0.50,07/09/2023 08:20:44 PM
-1,0.50,07/09/2023 08:10:24 PM
-1,0.50,07/09/2023 08:01:11 PM
33,0.50,07/09/2023 07:50:23 PM
25,0.50,07/09/2023 07:40:09 PM
29,0.50,07/09/2023 07:30:58 PM
26,0.50,07/09/2023 07:20:45 PM
25,0.50,07/09/2023 07:10:26 PM
29,0.50,07/09/2023 07:01:12 PM
-1,0.50,07/09/2023 06:50:25 PM
27,0.50,07/09/2023 06:40:11 PM
29,0.50,07/09/2023 06:30:59 PM
-1,0.50,07/09/2023 06:20:48 PM
29,0.50,07/09/2023 06:10:36 PM
-1,0.50,07/09/2023 06:01:13 PM
27,0.50,07/09/2023 05:50:27 PM
28,0.50,07/09/2023 05:40:12 PM
31,0.50,07/09/2023 05:31:00 PM
25,0.50,07/09/2023 05:20:47 PM
-1,0.50,07/09/2023 05:10:27 PM
24,0.50,07/09/2023 05:01:14 PM
29,0.50,07/09/2023 04:50:26 PM
25,0.50,07/09/2023 04:40:12 PM
27,0.50,07/09/2023 04:31:00 PM
-1,0.50,07/09/2023 04:20:48 PM
25,0.50,07/09/2023 04:10:27 PM
29,0.50,07/09/2023 04:01:14 PM
-1,0.50,07/09/2023 03:50:26 PM
29,0.50,07/09/2023 03:40:13 PM
34,0.50,07/09/2023 03:31:01 PM
31,0.50,07/09/2023 03:20:47 PM
25,0.50,07/09/2023 03:10:37 PM
25,0.50,07/09/2023 03:01:22 PM
30,0.50,07/09/2023 02:50:26 PM
28,0.50,07/09/2023 02:40:12 PM
23,0.50,07/09/2023 02:31:01 PM
31,0.50,07/09/2023 02:20:47 PM
35,0.50,07/09/2023 02:10:26 PM
31,0.50,07/09/2023 02:01:14 PM
28,0.50,07/09/2023 01:50:27 PM
34,0.50,07/09/2023 01:40:14 PM
22,0.50,07/09/2023 01:31:01 PM
29,0.50,07/09/2023 01:20:47 PM
-1,0.50,07/09/2023 01:10:26 PM
30,0.50,07/09/2023 01:01:13 PM
-1,0.50,07/09/2023 12:50:25 PM
29,0.50,07/09/2023 12:40:11 PM
31,0.50,07/09/2023 12:31:00 PM
34,0.50,07/09/2023 12:20:48 PM
44,0.50,07/09/2023 12:10:26 PM
18,0.50,07/09/2023 12:01:12 PM
30,0.50,07/09/2023 11:50:25 AM
25,0.50,07/09/2023 11:40:11 AM
-1,0.50,07/09/2023 11:31:00 AM
29,0.50,07/09/2023 11:20:48 AM
29,0.50,07/09/2023 11:10:26 AM
29,0.50,07/09/2023 11:01:12 AM
23,0.50,07/09/2023 10:50:24 AM
34,0.50,07/09/2023 10:40:10 AM
27,0.50,07/09/2023 10:30:59 AM
30,0.50,07/09/2023 10:20:47 AM
25,0.50,07/09/2023 10:10:24 AM
34,0.50,07/09/2023 10:01:12 AM
34,0.50,07/09/2023 09:50:26 AM
27,0.50,07/09/2023 09:40:12 AM
28,0.50,07/09/2023 09:30:58 AM
25,0.50,07/09/2023 09:20:46 AM
23,0.50,07/09/2023 09:10:23 AM
28,0.50,07/09/2023 09:01:11 AM
27,0.50,07/09/2023 08:50:22 AM
25,0.50,07/09/2023 08:40:09 AM
26,0.50,07/09/2023 08:30:57 AM
34,0.50,07/09/2023 08:20:44 AM
28,0.50,07/09/2023 08:10:22 AM
27,0.50,07/09/2023 08:01:10 AM
29,0.50,07/09/2023 07:50:21 AM
-1,0.50,07/09/2023 07:40:07 AM
33,0.50,07/09/2023 07:30:56 AM
-1,0.50,07/09/2023 07:20:43 AM
27,0.50,07/09/2023 07:10:20 AM
-1,0.50,07/09/2023 07:01:08 AM
29,0.50,07/09/2023 06:50:20 AM
29,0.50,07/09/2023 06:40:06 AM
26,0.50,07/09/2023 06:30:54 AM
31,0.50,07/09/2023 06:20:42 AM
29,0.50,07/09/2023 06:10:23 AM
-1,0.50,07/09/2023 06:01:11 AM
27,0.50,07/09/2023 05:50:18 AM
29,0.50,07/09/2023 05:40:04 AM
30,0.50,07/09/2023 05:30:52 AM
35,0.50,07/09/2023 05:20:39 AM
33,0.50,07/09/2023 05:10:18 AM
33,0.50,07/09/2023 05:01:05 AM
33,0.50,07/09/2023 04:50:18 AM
34,0.50,07/09/2023 04:40:03 AM
33,0.50,07/09/2023 04:30:50 AM
33,0.50,07/09/2023 04:20:37 AM
30,0.50,07/09/2023 04:10:16 AM
-1,0.50,07/09/2023 04:01:04 AM
-1,0.50,07/09/2023 03:50:16 AM
-1,0.50,07/09/2023 03:40:01 AM
-1,0.50,07/09/2023 03:30:49 AM
-1,0.50,07/09/2023 03:20:35 AM
-1,0.50,07/09/2023 03:10:16 AM
-1,0.50,07/09/2023 03:01:04 AM
-1,0.50,07/09/2023 02:50:16 AM
-1,0.50,07/09/2023 02:40:01 AM
-1,0.50,07/09/2023 02:30:49 AM
-1,0.50,07/09/2023 02:20:35 AM
-1,0.50,07/09/2023 02:10:18 AM
-1,0.50,07/09/2023 02:01:06 AM
-1,0.50,07/09/2023 01:50:19 AM
-1,0.50,07/09/2023 01:40:03 AM
-1,0.50,07/09/2023 01:30:51 AM
-1,0.50,07/09/2023 01:20:39 AM
-1,0.50,07/09/2023 01:10:18 AM
-1,0.50,07/09/2023 01:01:06 AM
-1,0.50,07/09/2023 12:50:22 AM
-1,0.50,07/09/2023 12:40:05 AM
26,0.50,07/09/2023 12:30:54 AM
-1,0.50,07/09/2023 12:20:44 AM
31,0.50,07/09/2023 12:10:20 AM
-1,0.50,07/09/2023 12:01:08 AM
29,0.50,07/08/2023 11:50:25 PM
25,0.50,07/08/2023 11:40:07 PM
26,0.50,07/08/2023 11:30:55 PM
31,0.50,07/08/2023 11:20:46 PM
44,0.50,07/08/2023 11:10:21 PM
25,0.50,07/08/2023 11:01:10 PM
25,0.50,07/08/2023 10:50:28 PM
34,0.50,07/08/2023 10:40:09 PM
26,0.50,07/08/2023 10:30:57 PM
30,0.50,07/08/2023 10:20:53 PM
31,0.50,07/08/2023 10:10:32 PM
24,0.50,07/08/2023 10:01:11 PM
25,0.50,07/08/2023 09:50:30 PM
-1,0.50,07/08/2023 09:40:10 PM
-1,0.50,07/08/2023 09:30:57 PM
28,0.50,07/08/2023 09:20:54 PM
25,0.50,07/08/2023 09:10:25 PM
23,0.50,07/08/2023 09:01:12 PM
-1,0.50,07/08/2023 08:50:33 PM
-1,0.50,07/08/2023 08:40:11 PM
33,0.50,07/08/2023 08:30:59 PM
-1,0.50,07/08/2023 08:20:56 PM
27,0.50,07/08/2023 08:10:26 PM
25,0.50,07/08/2023 08:01:14 PM
23,0.50,07/08/2023 07:50:36 PM
-1,0.50,07/08/2023 07:40:12 PM
27,0.50,07/08/2023 07:31:01 PM
-1,0.50,07/08/2023 07:21:00 PM
25,0.50,07/08/2023 07:10:29 PM
-1,0.50,07/08/2023 07:01:15 PM
22,0.50,07/08/2023 06:50:39 PM
27,0.50,07/08/2023 06:40:15 PM
-1,0.50,07/08/2023 06:31:01 PM
-1,0.50,07/08/2023 06:21:02 PM
-1,0.50,07/08/2023 06:10:32 PM
22,0.50,07/08/2023 06:01:16 PM
25,0.50,07/08/2023 05:50:40 PM
-1,0.50,07/08/2023 05:40:15 PM
-1,0.50,07/08/2023 05:31:01 PM
-1,0.50,07/08/2023 05:21:02 PM
-1,0.50,07/08/2023 05:10:33 PM
26,0.50,07/08/2023 05:01:16 PM
23,0.50,07/08/2023 04:50:43 PM
34,0.50,07/08/2023 04:40:15 PM
-1,0.50,07/08/2023 04:31:02 PM
34,0.50,07/08/2023 04:21:03 PM
23,0.50,07/08/2023 04:10:32 PM
24,0.50,07/08/2023 04:01:17 PM
34,0.50,07/08/2023 03:50:43 PM
-1,0.50,07/08/2023 03:40:16 PM
-1,0.50,07/08/2023 03:31:06 PM
32,0.50,07/08/2023 03:21:06 PM
22,0.50,07/08/2023 03:10:50 PM
24,0.50,07/08/2023 03:01:29 PM
-1,0.50,07/08/2023 02:50:42 PM
-1,0.50,07/08/2023 02:40:16 PM
25,0.50,07/08/2023 02:31:03 PM
-1,0.50,07/08/2023 02:21:03 PM
25,0.50,07/08/2023 02:10:33 PM
33,0.50,07/08/2023 02:01:18 PM
-1,0.50,07/08/2023 01:50:42 PM
-1,0.50,07/08/2023 01:40:15 PM
29,0.50,07/08/2023 01:31:03 PM
26,0.50,07/08/2023 01:21:03 PM
26,0.50,07/08/2023 01:10:31 PM
-1,0.50,07/08/2023 01:01:17 PM
25,0.50,07/08/2023 12:50:42 PM
25,0.50,07/08/2023 12:40:15 PM
24,0.50,07/08/2023 12:31:03 PM
26,0.50,07/08/2023 12:21:03 PM
27,0.50,07/08/2023 12:10:34 PM
26,0.50,07/08/2023 12:01:19 PM
26,0.50,07/08/2023 11:50:40 AM
26,0.50,07/08/2023 11:40:14 AM
-1,0.50,07/08/2023 11:31:01 AM
27,0.50,07/08/2023 11:21:01 AM
25,0.50,07/08/2023 11:10:31 AM
29,0.50,07/08/2023 11:01:16 AM
24,0.50,07/08/2023 10:50:39 AM
27,0.50,07/08/2023 10:40:13 AM
27,0.50,07/08/2023 10:31:00 AM
25,0.50,07/08/2023 10:20:59 AM
27,0.50,07/08/2023 10:10:28 AM
23,0.50,07/08/2023 10:01:15 AM
32,0.50,07/08/2023 09:50:37 AM
27,0.50,07/08/2023 09:40:12 AM
23,0.50,07/08/2023 09:30:59 AM
27,0.50,07/08/2023 09:20:58 AM
23,0.50,07/08/2023 09:10:28 AM
27,0.50,07/08/2023 09:01:14 AM
27,0.50,07/08/2023 08:50:35 AM
29,0.50,07/08/2023 08:40:11 AM
29,0.50,07/08/2023 08:30:58 AM
28,0.50,07/08/2023 08:20:55 AM
26,0.50,07/08/2023 08:10:27 AM
34,0.50,07/08/2023 08:01:15 AM
-1,0.50,07/08/2023 07:50:32 AM
27,0.50,07/08/2023 07:40:10 AM
25,0.50,07/08/2023 07:30:56 AM
23,0.50,07/08/2023 07:10:25 AM
31,0.50,07/08/2023 07:01:11 AM
27,0.50,07/08/2023 06:50:29 AM
-1,0.50,07/08/2023 06:40:09 AM
-1,0.50,07/08/2023 06:30:55 AM
33,0.50,07/08/2023 06:20:48 AM
32,0.50,07/08/2023 06:10:22 AM
32,0.50,07/08/2023 06:01:15 AM
31,0.50,07/08/2023 05:50:26 AM
30,0.50,07/08/2023 05:40:06 AM
32,0.50,07/08/2023 05:30:52 AM
34,0.50,07/08/2023 05:10:19 AM
-1,0.50,07/08/2023 04:50:21 AM
26,0.50,07/08/2023 04:40:03 AM
34,0.50,07/08/2023 04:30:49 AM
29,0.50,07/08/2023 04:20:38 AM
-1,0.50,07/08/2023 04:10:17 AM
23,0.50,07/08/2023 03:50:17 AM
-1,0.50,07/08/2023 03:40:01 AM
-1,0.50,07/08/2023 03:30:48 AM
-1,0.50,07/08/2023 03:20:35 AM
-1,0.50,07/08/2023 03:10:15 AM
-1,0.50,07/08/2023 03:01:03 AM
-1,0.50,07/08/2023 02:50:17 AM
-1,0.50,07/08/2023 02:40:02 AM
-1,0.50,07/08/2023 02:30:49 AM
-1,0.50,07/08/2023 02:20:36 AM
-1,0.50,07/08/2023 02:10:16 AM
-1,0.50,07/08/2023 01:50:18 AM
-1,0.50,07/08/2023 01:40:03 AM
-1,0.50,07/08/2023 01:30:50 AM
-1,0.50,07/08/2023 01:20:40 AM
-1,0.50,07/08/2023 01:10:18 AM
-1,0.50,07/08/2023 01:01:05 AM
-1,0.50,07/08/2023 12:50:21 AM
34,0.50,07/08/2023 12:40:05 AM
20,0.50,07/08/2023 12:30:52 AM
31,0.50,07/08/2023 12:10:20 AM
-1,0.50,07/08/2023 12:01:14 AM
28,0.50,07/07/2023 11:40:07 PM
28,0.50,07/07/2023 11:30:54 PM
30,0.50,07/07/2023 11:20:47 PM
34,0.50,07/07/2023 11:10:22 PM
27,0.50,07/07/2023 10:50:28 PM
-1,0.50,07/07/2023 10:30:55 PM
-1,0.50,07/07/2023 10:20:51 PM
34,0.50,07/07/2023 10:10:29 PM
26,0.50,07/07/2023 10:01:22 PM
-1,0.50,07/07/2023 09:50:29 PM
-1,0.50,07/07/2023 09:30:56 PM
-1,0.50,07/07/2023 09:20:53 PM
-1,0.50,07/07/2023 09:10:24 PM
-1,0.50,07/07/2023 08:50:31 PM
-1,0.50,07/07/2023 08:30:57 PM
23,0.50,07/07/2023 08:20:56 PM
34,0.50,07/07/2023 08:10:26 PM
24,0.50,07/07/2023 08:01:13 PM
25,0.50,07/07/2023 07:40:12 PM
28,0.50,07/07/2023 07:31:00 PM
-1,0.50,07/07/2023 07:21:00 PM
18,0.50,07/07/2023 07:10:30 PM
31,0.50,07/07/2023 07:01:18 PM
22,0.50,07/07/2023 06:50:44 PM
27,0.50,07/07/2023 06:40:16 PM
29,0.50,07/07/2023 06:31:04 PM
27,0.50,07/07/2023 06:21:08 PM
18,0.50,07/07/2023 06:10:37 PM
23,0.50,07/07/2023 06:01:20 PM
12,0.50,07/07/2023 05:50:49 PM
28,0.50,07/07/2023 05:31:06 PM
-1,0.50,07/07/2023 05:21:10 PM
19,0.50,07/07/2023 05:10:39 PM
27,0.50,07/07/2023 05:01:22 PM
25,0.50,07/07/2023 04:50:54 PM
28,0.50,07/07/2023 04:40:20 PM
35,0.50,07/07/2023 04:31:10 PM
21,0.50,07/07/2023 04:21:12 PM
21,0.50,07/07/2023 04:10:41 PM
26,0.50,07/07/2023 04:01:21 PM
27,0.50,07/07/2023 03:40:19 PM
26,0.50,07/07/2023 03:31:06 PM
32,0.50,07/07/2023 03:21:08 PM
22,0.50,07/07/2023 03:10:53 PM
26,0.50,07/07/2023 03:01:37 PM
27,0.50,07/07/2023 02:50:47 PM
32,0.50,07/07/2023 02:40:16 PM
25,0.50,07/07/2023 02:31:03 PM
29,0.50,07/07/2023 02:21:04 PM
23,0.50,07/07/2023 02:10:32 PM
37,0.50,07/07/2023 02:01:17 PM
29,0.50,07/07/2023 01:50:42 PM
-1,0.50,07/07/2023 01:40:14 PM
36,0.50,07/07/2023 01:31:00 PM
22,0.50,07/07/2023 01:21:00 PM
25,0.50,07/07/2023 01:10:28 PM
19,0.50,07/07/2023 01:01:15 PM
36,0.50,07/07/2023 12:50:38 PM
33,0.50,07/07/2023 12:40:13 PM
16,0.50,07/07/2023 12:30:59 PM
22,0.50,07/07/2023 12:20:59 PM
26,0.50,07/07/2023 12:10:27 PM
-1,0.50,07/07/2023 12:01:14 PM
23,0.50,07/07/2023 11:50:37 AM
25,0.50,07/07/2023 11:40:12 AM
25,0.50,07/07/2023 11:30:59 AM
20,0.50,07/07/2023 11:21:00 AM
-1,0.50,07/07/2023 11:10:28 AM
25,0.50,07/07/2023 11:01:16 AM
25,0.50,07/07/2023 10:50:40 AM
34,0.50,07/07/2023 10:40:14 AM
27,0.50,07/07/2023 10:31:00 AM
31,0.50,07/07/2023 10:21:02 AM
34,0.50,07/07/2023 10:10:32 AM
23,0.50,07/07/2023 10:01:16 AM
28,0.50,07/07/2023 09:50:45 AM
34,0.50,07/07/2023 09:40:16 AM
25,0.50,07/07/2023 09:31:05 AM
28,0.50,07/07/2023 09:21:07 AM
22,0.50,07/07/2023 09:10:37 AM
17,0.50,07/07/2023 09:01:21 AM
21,0.50,07/07/2023 08:50:51 AM
30,0.50,07/07/2023 08:40:19 AM
29,0.50,07/07/2023 08:31:06 AM
27,0.50,07/07/2023 08:21:10 AM
22,0.50,07/07/2023 08:10:43 AM
19,0.50,07/07/2023 08:01:21 AM
24,0.50,07/07/2023 07:50:53 AM
31,0.50,07/07/2023 07:40:20 AM
29,0.50,07/07/2023 07:31:06 AM
27,0.50,07/07/2023 07:21:09 AM
25,0.50,07/07/2023 07:10:35 AM
24,0.50,07/07/2023 07:01:19 AM
33,0.50,07/07/2023 06:50:49 AM
29,0.50,07/07/2023 06:40:17 AM
28,0.50,07/07/2023 06:31:03 AM
34,0.50,07/07/2023 06:21:00 AM
25,0.50,07/07/2023 06:10:29 AM
31,0.50,07/07/2023 06:01:13 AM
24,0.50,07/07/2023 05:50:34 AM
33,0.50,07/07/2023 05:40:10 AM
26,0.50,07/07/2023 05:30:56 AM
35,0.50,07/07/2023 05:20:50 AM
29,0.50,07/07/2023 05:10:21 AM
34,0.50,07/07/2023 05:01:09 AM
30,0.50,07/07/2023 04:50:24 AM
34,0.50,07/07/2023 04:40:06 AM
35,0.50,07/07/2023 04:30:52 AM
-1,0.50,07/07/2023 04:20:41 AM
34,0.50,07/07/2023 04:10:17 AM
33,0.50,07/07/2023 04:01:05 AM
-1,0.50,07/07/2023 03:50:17 AM
25,0.50,07/07/2023 03:40:02 AM
-1,0.50,07/07/2023 03:30:49 AM
-1,0.50,07/07/2023 03:20:36 AM
-1,0.50,07/07/2023 03:10:15 AM
-1,0.50,07/07/2023 03:01:04 AM
-1,0.50,07/07/2023 02:50:16 AM
-1,0.50,07/07/2023 02:40:02 AM
-1,0.50,07/07/2023 02:30:49 AM
-1,0.50,07/07/2023 02:20:36 AM
-1,0.50,07/07/2023 02:10:16 AM
-1,0.50,07/07/2023 02:01:06 AM
-1,0.50,07/07/2023 01:50:18 AM
-1,0.50,07/07/2023 01:40:03 AM
-1,0.50,07/07/2023 01:30:50 AM
-1,0.50,07/07/2023 01:20:39 AM
-1,0.50,07/07/2023 01:10:17 AM
-1,0.50,07/07/2023 01:01:06 AM
-1,0.50,07/07/2023 12:50:21 AM
-1,0.50,07/07/2023 12:40:04 AM
-1,0.50,07/07/2023 12:30:52 AM
15,0.50,07/07/2023 12:20:43 AM
-1,0.50,07/07/2023 12:10:19 AM
-1,0.50,07/07/2023 12:01:11 AM
-1,0.50,07/06/2023 11:50:25 PM
-1,0.50,07/06/2023 11:40:06 PM
21,0.50,07/06/2023 11:30:53 PM
-1,0.50,07/06/2023 11:20:47 PM
-1,0.50,07/06/2023 11:10:21 PM
-1,0.50,07/06/2023 11:01:09 PM
26,0.50,07/06/2023 10:50:27 PM
21,0.50,07/06/2023 10:40:08 PM
34,0.50,07/06/2023 10:30:55 PM
34,0.50,07/06/2023 10:20:50 PM
-1,0.50,07/06/2023 10:10:29 PM
23,0.50,07/06/2023 10:01:26 PM
-1,0.50,07/06/2023 09:50:31 PM
22,0.50,07/06/2023 09:40:10 PM
-1,0.50,07/06/2023 09:30:56 PM
-1,0.50,07/06/2023 09:20:52 PM
-1,0.50,07/06/2023 09:10:24 PM
21,0.50,07/06/2023 09:01:12 PM
-1,0.50,07/06/2023 08:50:33 PM
19,0.50,07/06/2023 08:40:10 PM
-1,0.50,07/06/2023 08:30:57 PM
-1,0.50,07/06/2023 08:20:55 PM
-1,0.50,07/06/2023 08:10:26 PM
23,0.50,07/06/2023 08:01:13 PM
-1,0.50,07/06/2023 07:50:37 PM
22,0.50,07/06/2023 07:40:12 PM
-1,0.50,07/06/2023 07:31:00 PM
-1,0.50,07/06/2023 07:20:59 PM
21,0.50,07/06/2023 07:10:30 PM
25,0.50,07/06/2023 07:01:18 PM
-1,0.50,07/06/2023 06:50:48 PM
28,0.50,07/06/2023 06:40:16 PM
30,0.50,07/06/2023 06:31:05 PM
-1,0.50,07/06/2023 06:21:08 PM
22,0.50,07/06/2023 06:10:36 PM
25,0.50,07/06/2023 06:01:22 PM
21,0.50,07/06/2023 05:50:55 PM
29,0.50,07/06/2023 05:40:22 PM
29,0.50,07/06/2023 05:31:07 PM
23,0.50,07/06/2023 05:21:10 PM
28,0.50,07/06/2023 05:10:42 PM
25,0.50,07/06/2023 05:01:23 PM
30,0.50,07/06/2023 04:50:55 PM
30,0.50,07/06/2023 04:40:22 PM
31,0.50,07/06/2023 04:31:09 PM
34,0.50,07/06/2023 04:21:11 PM
29,0.50,07/06/2023 04:10:43 PM
24,0.50,07/06/2023 04:01:22 PM
26,0.50,07/06/2023 03:50:54 PM
27,0.50,07/06/2023 03:40:21 PM
34,0.50,07/06/2023 03:31:07 PM
23,0.50,07/06/2023 03:21:07 PM
26,0.50,07/06/2023 03:10:55 PM
29,0.50,07/06/2023 03:01:37 PM
31,0.50,07/06/2023 02:50:49 PM
-1,0.50,07/06/2023 02:40:17 PM
27,0.50,07/06/2023 02:31:04 PM
29,0.50,07/06/2023 02:21:04 PM
24,0.50,07/06/2023 02:10:34 PM
30,0.50,07/06/2023 02:01:19 PM
20,0.50,07/06/2023 01:50:43 PM
-1,0.50,07/06/2023 01:40:14 PM
-1,0.50,07/06/2023 01:31:01 PM
25,0.50,07/06/2023 01:20:58 PM
28,0.50,07/06/2023 01:10:31 PM
-1,0.50,07/06/2023 01:01:15 PM
27,0.50,07/06/2023 12:50:40 PM
30,0.50,07/06/2023 12:40:13 PM
31,0.50,07/06/2023 12:31:00 PM
25,0.50,07/06/2023 12:20:57 PM
35,0.50,07/06/2023 12:10:29 PM
27,0.50,07/06/2023 12:01:16 PM
25,0.50,07/06/2023 11:50:38 AM
-1,0.50,07/06/2023 11:40:14 AM
34,0.50,07/06/2023 11:31:00 AM
24,0.50,07/06/2023 11:20:58 AM
34,0.50,07/06/2023 11:10:30 AM
30,0.50,07/06/2023 11:01:15 AM
31,0.50,07/06/2023 10:50:39 AM
-1,0.50,07/06/2023 10:40:14 AM
-1,0.50,07/06/2023 10:31:01 AM
25,0.50,07/06/2023 10:20:59 AM
19,0.50,07/06/2023 10:10:32 AM
27,0.50,07/06/2023 10:01:19 AM
26,0.50,07/06/2023 09:50:46 AM
-1,0.50,07/06/2023 09:40:16 AM
-1,0.50,07/06/2023 09:31:04 AM
26,0.50,07/06/2023 09:21:04 AM
23,0.50,07/06/2023 09:10:39 AM
25,0.50,07/06/2023 09:01:22 AM
-1,0.50,07/06/2023 08:50:50 AM
29,0.50,07/06/2023 08:40:19 AM
24,0.50,07/06/2023 08:31:07 AM
23,0.50,07/06/2023 08:21:09 AM
24,0.50,07/06/2023 08:10:45 AM
25,0.50,07/06/2023 08:01:22 AM
28,0.50,07/06/2023 07:50:52 AM
27,0.50,07/06/2023 07:40:20 AM
22,0.50,07/06/2023 07:31:07 AM
26,0.50,07/06/2023 07:21:06 AM
25,0.50,07/06/2023 07:10:40 AM
25,0.50,07/06/2023 07:01:21 AM
27,0.50,07/06/2023 06:50:48 AM
33,0.50,07/06/2023 06:40:16 AM
27,0.50,07/06/2023 06:31:02 AM
38,0.50,07/06/2023 06:20:57 AM
20,0.50,07/06/2023 06:10:27 AM
27,0.50,07/06/2023 06:01:15 AM
29,0.50,07/06/2023 05:50:34 AM
32,0.50,07/06/2023 05:40:09 AM
29,0.50,07/06/2023 05:30:55 AM
26,0.50,07/06/2023 05:20:48 AM
20,0.50,07/06/2023 05:10:21 AM
29,0.50,07/06/2023 05:01:09 AM
27,0.50,07/06/2023 04:50:23 AM
34,0.50,07/06/2023 04:40:05 AM
23,0.50,07/06/2023 04:30:51 AM
31,0.50,07/06/2023 04:20:40 AM
26,0.50,07/06/2023 04:10:17 AM
34,0.50,07/06/2023 04:01:04 AM
30,0.50,07/06/2023 03:50:17 AM
-1,0.50,07/06/2023 03:40:01 AM
-1,0.50,07/06/2023 03:30:49 AM
-1,0.50,07/06/2023 03:20:36 AM
-1,0.50,07/06/2023 03:10:15 AM
-1,0.50,07/06/2023 03:01:03 AM
-1,0.50,07/06/2023 02:50:17 AM
-1,0.50,07/06/2023 02:40:02 AM
-1,0.50,07/06/2023 02:30:49 AM
-1,0.50,07/06/2023 02:20:37 AM
-1,0.50,07/06/2023 02:10:16 AM
-1,0.50,07/06/2023 02:01:06 AM
-1,0.50,07/06/2023 01:50:18 AM
-1,0.50,07/06/2023 01:40:03 AM
-1,0.50,07/06/2023 01:30:50 AM
-1,0.50,07/06/2023 01:20:39 AM
-1,0.50,07/06/2023 01:10:17 AM
-1,0.50,07/06/2023 01:01:06 AM
-1,0.50,07/06/2023 12:50:22 AM
-1,0.50,07/06/2023 12:40:05 AM
26,0.50,07/06/2023 12:30:52 AM
-1,0.50,07/06/2023 12:20:44 AM
27,0.50,07/06/2023 12:10:20 AM
-1,0.50,07/06/2023 12:01:09 AM
23,0.50,07/05/2023 11:50:25 PM
-1,0.50,07/05/2023 11:40:06 PM
26,0.50,07/05/2023 11:30:53 PM
25,0.50,07/05/2023 11:20:47 PM
27,0.50,07/05/2023 11:10:23 PM
23,0.50,07/05/2023 11:01:09 PM
-1,0.50,07/05/2023 10:50:29 PM
25,0.50,07/05/2023 10:40:08 PM
-1,0.50,07/05/2023 10:30:55 PM
34,0.50,07/05/2023 10:20:49 PM
29,0.50,07/05/2023 10:10:32 PM
-1,0.50,07/05/2023 10:01:16 PM
29,0.50,07/05/2023 09:50:31 PM
23,0.50,07/05/2023 09:40:09 PM
-1,0.50,07/05/2023 09:30:56 PM
20,0.50,07/05/2023 09:20:52 PM
-1,0.50,07/05/2023 09:10:26 PM
25,0.50,07/05/2023 09:01:14 PM
-1,0.50,07/05/2023 08:50:34 PM
24,0.50,07/05/2023 08:40:10 PM
-1,0.50,07/05/2023 08:30:57 PM
24,0.50,07/05/2023 08:20:55 PM
-1,0.50,07/05/2023 08:10:28 PM
29,0.50,07/05/2023 08:01:14 PM
25,0.50,07/05/2023 07:50:36 PM
20,0.50,07/05/2023 07:40:12 PM
-1,0.50,07/05/2023 07:31:01 PM
27,0.50,07/05/2023 07:10:32 PM
12,0.50,07/05/2023 06:50:43 PM
25,0.50,07/05/2023 06:40:17 PM
23,0.50,07/05/2023 06:21:05 PM
31,0.50,07/05/2023 06:10:38 PM
-1,0.50,07/05/2023 05:50:51 PM
24,0.50,07/05/2023 05:40:20 PM
23,0.50,07/05/2023 05:21:10 PM
25,0.50,07/05/2023 05:10:40 PM
25,0.50,07/05/2023 04:50:56 PM
24,0.50,07/05/2023 04:40:25 PM
26,0.50,07/05/2023 04:21:09 PM
23,0.50,07/05/2023 04:10:43 PM
23,0.50,07/05/2023 04:01:22 PM
27,0.50,07/05/2023 03:50:52 PM
27,0.50,07/05/2023 03:40:22 PM
27,0.50,07/05/2023 03:21:07 PM
26,0.50,07/05/2023 03:10:54 PM
33,0.50,07/05/2023 03:01:35 PM
27,0.50,07/05/2023 02:50:49 PM
34,0.50,07/05/2023 02:40:20 PM
-1,0.50,07/05/2023 02:21:02 PM
22,0.50,07/05/2023 02:10:35 PM
25,0.50,07/05/2023 01:50:42 PM
25,0.50,07/05/2023 01:40:14 PM
31,0.50,07/05/2023 01:20:57 PM
29,0.50,07/05/2023 01:10:31 PM
25,0.50,07/05/2023 12:50:40 PM
23,0.50,07/05/2023 12:40:13 PM
31,0.50,07/05/2023 12:20:57 PM
34,0.50,07/05/2023 12:10:29 PM
25,0.50,07/05/2023 11:50:39 AM
27,0.50,07/05/2023 11:40:13 AM
28,0.50,07/05/2023 11:20:56 AM
20,0.50,07/05/2023 11:10:31 AM
25,0.50,07/05/2023 10:50:40 AM
27,0.50,07/05/2023 10:40:14 AM
29,0.50,07/05/2023 10:20:58 AM
12,0.50,07/05/2023 10:10:31 AM
29,0.50,07/05/2023 09:50:43 AM
34,0.50,07/05/2023 09:40:15 AM
27,0.50,07/05/2023 09:21:05 AM
18,0.50,07/05/2023 09:10:37 AM
23,0.50,07/05/2023 09:01:20 AM
34,0.50,07/05/2023 08:50:49 AM
29,0.50,07/05/2023 08:40:20 AM
26,0.50,07/05/2023 08:31:07 AM
26,0.50,07/05/2023 08:21:07 AM
23,0.50,07/05/2023 08:10:41 AM
29,0.50,07/05/2023 08:01:20 AM
29,0.50,07/05/2023 07:50:50 AM
25,0.50,07/05/2023 07:40:21 AM
26,0.50,07/05/2023 07:31:06 AM
21,0.50,07/05/2023 07:21:05 AM
44,0.50,07/05/2023 07:10:37 AM
29,0.50,07/05/2023 07:01:21 AM
-1,0.50,07/05/2023 06:50:46 AM
28,0.50,07/05/2023 06:40:14 AM
27,0.50,07/05/2023 06:31:02 AM
44,0.50,07/05/2023 06:20:57 AM
31,0.50,07/05/2023 06:10:28 AM
-1,0.50,07/05/2023 06:01:13 AM
31,0.50,07/05/2023 05:50:34 AM
31,0.50,07/05/2023 05:40:10 AM
37,0.50,07/05/2023 05:20:48 AM
30,0.50,07/05/2023 05:10:24 AM
33,0.50,07/05/2023 04:50:24 AM
35,0.50,07/05/2023 04:40:05 AM
34,0.50,07/05/2023 04:20:39 AM
31,0.50,07/05/2023 04:10:18 AM
-1,0.50,07/05/2023 03:50:19 AM
31,0.50,07/05/2023 03:40:02 AM
-1,0.50,07/05/2023 03:20:35 AM
-1,0.50,07/05/2023 03:10:16 AM
-1,0.50,07/05/2023 02:50:17 AM
-1,0.50,07/05/2023 02:40:02 AM
-1,0.50,07/05/2023 02:20:36 AM
-1,0.50,07/05/2023 02:10:16 AM
-1,0.50,07/05/2023 01:50:19 AM
-1,0.50,07/05/2023 01:40:03 AM
-1,0.50,07/05/2023 01:20:39 AM
-1,0.50,07/05/2023 01:10:18 AM
-1,0.50,07/05/2023 12:50:22 AM
-1,0.50,07/05/2023 12:40:04 AM
-1,0.50,07/05/2023 12:20:43 AM
25,0.50,07/05/2023 12:10:21 AM
-1,0.50,07/05/2023 12:01:11 AM
29,0.50,07/04/2023 11:50:25 PM
25,0.50,07/04/2023 11:40:07 PM
-1,0.50,07/04/2023 11:20:45 PM
-1,0.50,07/04/2023 11:10:22 PM
27,0.50,07/04/2023 11:01:09 PM
23,0.50,07/04/2023 10:50:27 PM
-1,0.50,07/04/2023 10:40:07 PM
-1,0.50,07/04/2023 10:30:55 PM
29,0.50,07/04/2023 10:20:48 PM
34,0.50,07/04/2023 10:10:28 PM
0,0.50,07/04/2023 10:01:18 PM
23,0.50,07/04/2023 09:50:28 PM
-1,0.50,07/04/2023 09:40:08 PM
29,0.50,07/04/2023 09:30:56 PM
0,0.50,07/04/2023 09:20:49 PM
25,0.50,07/04/2023 09:10:25 PM
-1,0.50,07/04/2023 09:01:11 PM
30,0.50,07/04/2023 08:50:30 PM
-1,0.50,07/04/2023 08:40:09 PM
0,0.50,07/04/2023 08:30:56 PM
23,0.50,07/04/2023 08:20:52 PM
21,0.50,07/04/2023 08:10:25 PM
31,0.50,07/04/2023 08:01:11 PM
11,0.50,07/04/2023 07:50:31 PM
34,0.50,07/04/2023 07:40:10 PM
21,0.50,07/04/2023 07:30:57 PM
-1,0.50,07/04/2023 07:20:55 PM
28,0.50,07/04/2023 07:10:27 PM
34,0.50,07/04/2023 07:01:13 PM
34,0.50,07/04/2023 06:50:34 PM
24,0.50,07/04/2023 06:40:12 PM
25,0.50,07/04/2023 06:30:58 PM
34,0.50,07/04/2023 06:20:55 PM
25,0.50,07/04/2023 06:10:27 PM
-1,0.50,07/04/2023 06:01:14 PM
19,0.50,07/04/2023 05:50:36 PM
21,0.50,07/04/2023 05:40:14 PM
25,0.50,07/04/2023 05:30:59 PM
27,0.50,07/04/2023 05:20:56 PM
-1,0.50,07/04/2023 05:10:28 PM
-1,0.50,07/04/2023 05:01:14 PM
26,0.50,07/04/2023 04:50:36 PM
0,0.50,07/04/2023 04:40:14 PM
20,0.50,07/04/2023 04:30:59 PM
-1,0.50,07/04/2023 04:20:56 PM
32,0.50,07/04/2023 04:10:27 PM
27,0.50,07/04/2023 04:01:14 PM
11,0.50,07/04/2023 03:50:37 PM
30,0.50,07/04/2023 03:40:16 PM
-1,0.50,07/04/2023 03:30:59 PM
-1,0.50,07/04/2023 03:20:55 PM
25,0.50,07/04/2023 03:10:40 PM
0,0.50,07/04/2023 03:01:24 PM
25,0.50,07/04/2023 02:50:37 PM
30,0.50,07/04/2023 02:40:14 PM
30,0.50,07/04/2023 02:30:59 PM
31,0.50,07/04/2023 02:20:56 PM
0,0.50,07/04/2023 02:10:28 PM
25,0.50,07/04/2023 02:01:15 PM
29,0.50,07/04/2023 01:50:37 PM
32,0.50,07/04/2023 01:40:14 PM
31,0.50,07/04/2023 01:30:58 PM
34,0.50,07/04/2023 01:20:56 PM
34,0.50,07/04/2023 01:10:28 PM
32,0.50,07/04/2023 01:01:14 PM
-1,0.50,07/04/2023 12:50:36 PM
24,0.50,07/04/2023 12:40:13 PM
29,0.50,07/04/2023 12:30:58 PM
-1,0.50,07/04/2023 12:20:55 PM
34,0.50,07/04/2023 12:10:27 PM
14,0.50,07/04/2023 12:01:13 PM
31,0.50,07/04/2023 11:50:35 AM
34,0.50,07/04/2023 11:40:13 AM
-1,0.50,07/04/2023 11:30:58 AM
34,0.50,07/04/2023 11:20:54 AM
28,0.50,07/04/2023 11:10:26 AM
34,0.50,07/04/2023 11:01:13 AM
-1,0.50,07/04/2023 10:50:34 AM
44,0.50,07/04/2023 10:40:13 AM
-1,0.50,07/04/2023 10:30:57 AM
29,0.50,07/04/2023 10:20:54 AM
-1,0.50,07/04/2023 10:10:26 AM
-1,0.50,07/04/2023 10:01:12 AM
31,0.50,07/04/2023 09:50:30 AM
27,0.50,07/04/2023 09:40:11 AM
-1,0.50,07/04/2023 09:30:56 AM
34,0.50,07/04/2023 09:20:51 AM
27,0.50,07/04/2023 09:10:24 AM
31,0.50,07/04/2023 09:01:11 AM
25,0.50,07/04/2023 08:50:30 AM
34,0.50,07/04/2023 08:40:10 AM
34,0.50,07/04/2023 08:30:56 AM
34,0.50,07/04/2023 08:20:50 AM
30,0.50,07/04/2023 08:10:23 AM
16,0.50,07/04/2023 08:01:10 AM
32,0.50,07/04/2023 07:50:27 AM
-1,0.50,07/04/2023 07:40:08 AM
-1,0.50,07/04/2023 07:30:55 AM
-1,0.50,07/04/2023 07:20:47 AM
27,0.50,07/04/2023 07:10:21 AM
44,0.50,07/04/2023 07:01:08 AM
-1,0.50,07/04/2023 06:50:24 AM
24,0.50,07/04/2023 06:40:06 AM
29,0.50,07/04/2023 06:30:53 AM
31,0.50,07/04/2023 06:20:43 AM
-1,0.50,07/04/2023 06:10:19 AM
-1,0.50,07/04/2023 06:01:07 AM
29,0.50,07/04/2023 05:50:21 AM
29,0.50,07/04/2023 05:40:04 AM
34,0.50,07/04/2023 05:30:51 AM
33,0.50,07/04/2023 05:20:39 AM
34,0.50,07/04/2023 05:10:17 AM
-1,0.50,07/04/2023 05:01:05 AM
28,0.50,07/04/2023 04:50:18 AM
34,0.50,07/04/2023 04:40:02 AM
39,0.50,07/04/2023 04:30:50 AM
-1,0.50,07/04/2023 04:20:36 AM
27,0.50,07/04/2023 04:10:16 AM
-1,0.50,07/04/2023 04:01:04 AM
-1,0.50,07/04/2023 03:50:17 AM
-1,0.50,07/04/2023 03:40:02 AM
-1,0.50,07/04/2023 03:30:49 AM
-1,0.50,07/04/2023 03:20:36 AM
-1,0.50,07/04/2023 03:10:15 AM
-1,0.50,07/04/2023 03:01:03 AM
-1,0.50,07/04/2023 02:50:16 AM
-1,0.50,07/04/2023 02:40:01 AM
-1,0.50,07/04/2023 02:30:49 AM
-1,0.50,07/04/2023 02:20:36 AM
-1,0.50,07/04/2023 02:10:15 AM
-1,0.50,07/04/2023 02:01:05 AM
-1,0.50,07/04/2023 01:50:18 AM
-1,0.50,07/04/2023 01:40:03 AM
-1,0.50,07/04/2023 01:30:50 AM
-1,0.50,07/04/2023 01:20:40 AM
-1,0.50,07/04/2023 01:10:17 AM
-1,0.50,07/04/2023 01:01:07 AM
-1,0.50,07/04/2023 12:50:21 AM
-1,0.50,07/04/2023 12:40:06 AM
27,0.50,07/04/2023 12:30:52 AM
-1,0.50,07/04/2023 12:20:43 AM
-1,0.50,07/04/2023 12:10:20 AM
-1,0.50,07/04/2023 12:01:13 AM
23,0.50,07/03/2023 11:50:24 PM
-1,0.50,07/03/2023 11:40:09 PM
34,0.50,07/03/2023 11:30:54 PM
-1,0.50,07/03/2023 11:20:46 PM
28,0.50,07/03/2023 11:10:23 PM
29,0.50,07/03/2023 11:01:10 PM
-1,0.50,07/03/2023 10:50:27 PM
-1,0.50,07/03/2023 10:40:10 PM
-1,0.50,07/03/2023 10:30:55 PM
32,0.50,07/03/2023 10:20:54 PM
25,0.50,07/03/2023 10:10:30 PM
24,0.50,07/03/2023 10:01:23 PM
-1,0.50,07/03/2023 09:50:30 PM
-1,0.50,07/03/2023 09:40:12 PM
-1,0.50,07/03/2023 09:30:59 PM
24,0.50,07/03/2023 09:20:51 PM
-1,0.50,07/03/2023 09:10:25 PM
27,0.50,07/03/2023 09:01:12 PM
-1,0.50,07/03/2023 08:50:30 PM
-1,0.50,07/03/2023 08:40:12 PM
-1,0.50,07/03/2023 08:30:57 PM
18,0.50,07/03/2023 08:20:53 PM
31,0.50,07/03/2023 08:10:26 PM
20,0.50,07/03/2023 08:01:13 PM
-1,0.50,07/03/2023 07:50:35 PM
-1,0.50,07/03/2023 07:40:14 PM
-1,0.50,07/03/2023 07:30:59 PM
25,0.50,07/03/2023 07:20:57 PM
23,0.50,07/03/2023 07:10:29 PM
26,0.50,07/03/2023 07:01:17 PM
-1,0.50,07/03/2023 06:50:43 PM
-1,0.50,07/03/2023 06:40:18 PM
25,0.50,07/03/2023 06:31:03 PM
27,0.50,07/03/2023 06:21:05 PM
25,0.50,07/03/2023 06:10:36 PM
20,0.50,07/03/2023 06:01:21 PM
22,0.50,07/03/2023 05:50:50 PM
-1,0.50,07/03/2023 05:40:22 PM
29,0.50,07/03/2023 05:31:06 PM
33,0.50,07/03/2023 05:21:07 PM
31,0.50,07/03/2023 05:10:37 PM
26,0.50,07/03/2023 05:01:22 PM
-1,0.50,07/03/2023 04:50:53 PM
-1,0.50,07/03/2023 04:40:23 PM
27,0.50,07/03/2023 04:31:07 PM
29,0.50,07/03/2023 04:21:08 PM
29,0.50,07/03/2023 04:10:39 PM
28,0.50,07/03/2023 04:01:23 PM
27,0.50,07/03/2023 03:50:51 PM
24,0.50,07/03/2023 03:40:22 PM
31,0.50,07/03/2023 03:31:07 PM
32,0.50,07/03/2023 03:21:07 PM
28,0.50,07/03/2023 03:10:51 PM
29,0.50,07/03/2023 03:01:38 PM
31,0.50,07/03/2023 02:50:48 PM
28,0.50,07/03/2023 02:40:19 PM
27,0.50,07/03/2023 02:31:04 PM
29,0.50,07/03/2023 02:21:03 PM
21,0.50,07/03/2023 02:10:31 PM
27,0.50,07/03/2023 02:01:16 PM
25,0.50,07/03/2023 01:50:42 PM
24,0.50,07/03/2023 01:40:16 PM
27,0.50,07/03/2023 01:31:01 PM
31,0.50,07/03/2023 01:20:59 PM
38,0.50,07/03/2023 01:10:28 PM
-1,0.50,07/03/2023 01:01:16 PM
25,0.50,07/03/2023 12:50:38 PM
25,0.50,07/03/2023 12:40:16 PM
37,0.50,07/03/2023 12:30:59 PM
29,0.50,07/03/2023 12:20:57 PM
25,0.50,07/03/2023 12:10:28 PM
22,0.50,07/03/2023 12:01:15 PM
26,0.50,07/03/2023 11:50:37 AM
27,0.50,07/03/2023 11:40:15 AM
26,0.50,07/03/2023 11:31:00 AM
27,0.50,07/03/2023 11:20:57 AM
-1,0.50,07/03/2023 11:10:27 AM
24,0.50,07/03/2023 11:01:14 AM
33,0.50,07/03/2023 10:50:39 AM
-1,0.50,07/03/2023 10:40:15 AM
24,0.50,07/03/2023 10:31:01 AM
29,0.50,07/03/2023 10:20:58 AM
20,0.50,07/03/2023 10:10:28 AM
20,0.50,07/03/2023 10:01:17 AM
29,0.50,07/03/2023 09:50:41 AM
-1,0.50,07/03/2023 09:40:18 AM
25,0.50,07/03/2023 09:31:04 AM
25,0.50,07/03/2023 09:21:03 AM
31,0.50,07/03/2023 09:10:35 AM
29,0.50,07/03/2023 09:01:19 AM
-1,0.50,07/03/2023 08:50:47 AM
29,0.50,07/03/2023 08:40:20 AM
28,0.50,07/03/2023 08:31:06 AM
28,0.50,07/03/2023 08:21:06 AM
31,0.50,07/03/2023 08:10:38 AM
29,0.50,07/03/2023 08:01:21 AM
26,0.50,07/03/2023 07:50:48 AM
27,0.50,07/03/2023 07:40:20 AM
27,0.50,07/03/2023 07:31:08 AM
27,0.50,07/03/2023 07:21:06 AM
32,0.50,07/03/2023 07:10:34 AM
31,0.50,07/03/2023 07:01:20 AM
26,0.50,07/03/2023 06:50:45 AM
31,0.50,07/03/2023 06:40:16 AM
29,0.50,07/03/2023 06:31:01 AM
28,0.50,07/03/2023 06:20:56 AM
-1,0.50,07/03/2023 06:10:27 AM
33,0.50,07/03/2023 06:01:14 AM
32,0.50,07/03/2023 05:50:32 AM
30,0.50,07/03/2023 05:40:09 AM
31,0.50,07/03/2023 05:30:56 AM
37,0.50,07/03/2023 05:20:46 AM
32,0.50,07/03/2023 05:10:21 AM
44,0.50,07/03/2023 05:01:09 AM
37,0.50,07/03/2023 04:50:23 AM
40,0.50,07/03/2023 04:40:05 AM
35,0.50,07/03/2023 04:30:51 AM
38,0.50,07/03/2023 04:20:39 AM
29,0.50,07/03/2023 04:10:17 AM
21,0.50,07/03/2023 04:01:05 AM
35,0.50,07/03/2023 03:50:17 AM
-1,0.50,07/03/2023 03:40:03 AM
-1,0.50,07/03/2023 03:30:48 AM
-1,0.50,07/03/2023 03:20:34 AM
-1,0.50,07/03/2023 03:10:16 AM
-1,0.50,07/03/2023 03:01:04 AM
-1,0.50,07/03/2023 02:50:16 AM
-1,0.50,07/03/2023 02:40:02 AM
-1,0.50,07/03/2023 02:30:48 AM
-1,0.50,07/03/2023 02:20:35 AM
-1,0.50,07/03/2023 02:10:16 AM
-1,0.50,07/03/2023 02:01:06 AM
-1,0.50,07/03/2023 01:50:17 AM
-1,0.50,07/03/2023 01:40:03 AM
-1,0.50,07/03/2023 01:30:49 AM
-1,0.50,07/03/2023 01:20:39 AM
-1,0.50,07/03/2023 01:10:17 AM
-1,0.50,07/03/2023 01:01:06 AM
-1,0.50,07/03/2023 12:50:21 AM
-1,0.50,07/03/2023 12:40:06 AM
25,0.50,07/03/2023 12:30:52 AM
-1,0.50,07/03/2023 12:20:43 AM
27,0.50,07/03/2023 12:10:19 AM
-1,0.50,07/03/2023 12:01:07 AM
23,0.50,07/02/2023 11:50:24 PM
-1,0.50,07/02/2023 11:40:06 PM
25,0.50,07/02/2023 11:30:53 PM
34,0.50,07/02/2023 11:20:45 PM
-1,0.50,07/02/2023 11:10:20 PM
24,0.50,07/02/2023 11:01:08 PM
-1,0.50,07/02/2023 10:50:26 PM
25,0.50,07/02/2023 10:40:07 PM
-1,0.50,07/02/2023 10:30:54 PM
26,0.50,07/02/2023 10:20:48 PM
29,0.50,07/02/2023 10:10:26 PM
27,0.50,07/02/2023 10:01:10 PM
21,0.50,07/02/2023 09:50:27 PM
-1,0.50,07/02/2023 09:40:08 PM
25,0.50,07/02/2023 09:30:54 PM
28,0.50,07/02/2023 09:20:50 PM
-1,0.50,07/02/2023 09:10:22 PM
20,0.50,07/02/2023 09:01:10 PM
24,0.50,07/02/2023 08:50:28 PM
16,0.50,07/02/2023 08:40:09 PM
31,0.50,07/02/2023 08:30:55 PM
26,0.50,07/02/2023 08:20:49 PM
34,0.50,07/02/2023 08:10:23 PM
25,0.50,07/02/2023 08:01:11 PM
-1,0.50,07/02/2023 07:50:29 PM
35,0.50,07/02/2023 07:40:10 PM
22,0.50,07/02/2023 07:30:57 PM
24,0.50,07/02/2023 07:20:50 PM
28,0.50,07/02/2023 07:10:25 PM
30,0.50,07/02/2023 07:01:12 PM
-1,0.50,07/02/2023 06:50:31 PM
29,0.50,07/02/2023 06:40:10 PM
18,0.50,07/02/2023 06:30:57 PM
27,0.50,07/02/2023 06:20:52 PM
28,0.50,07/02/2023 06:10:34 PM
26,0.50,07/02/2023 06:01:12 PM
25,0.50,07/02/2023 05:50:31 PM
31,0.50,07/02/2023 05:40:11 PM
34,0.50,07/02/2023 05:30:57 PM
33,0.50,07/02/2023 05:20:52 PM
-1,0.50,07/02/2023 05:10:25 PM
26,0.50,07/02/2023 04:50:32 PM
24,0.50,07/02/2023 04:40:11 PM
22,0.50,07/02/2023 04:30:58 PM
-1,0.50,07/02/2023 04:20:53 PM
23,0.50,07/02/2023 04:10:26 PM
25,0.50,07/02/2023 04:01:13 PM
25,0.50,07/02/2023 03:50:33 PM
27,0.50,07/02/2023 03:40:11 PM
34,0.50,07/02/2023 03:30:58 PM
25,0.50,07/02/2023 03:20:53 PM
31,0.50,07/02/2023 03:10:36 PM
26,0.50,07/02/2023 02:50:32 PM
25,0.50,07/02/2023 02:40:11 PM
-1,0.50,07/02/2023 02:30:58 PM
25,0.50,07/02/2023 02:20:54 PM
26,0.50,07/02/2023 02:10:36 PM
26,0.50,07/02/2023 02:01:13 PM
25,0.50,07/02/2023 01:50:33 PM
20,0.50,07/02/2023 01:40:11 PM
24,0.50,07/02/2023 01:30:58 PM
34,0.50,07/02/2023 01:20:54 PM
27,0.50,07/02/2023 01:10:26 PM
25,0.50,07/02/2023 01:01:12 PM
37,0.50,07/02/2023 12:50:34 PM
25,0.50,07/02/2023 12:40:11 PM
31,0.50,07/02/2023 12:30:57 PM
34,0.50,07/02/2023 12:20:53 PM
33,0.50,07/02/2023 12:10:26 PM
23,0.50,07/02/2023 12:01:12 PM
34,0.50,07/02/2023 11:50:33 AM
29,0.50,07/02/2023 11:40:21 AM
-1,0.50,07/02/2023 11:30:57 AM
27,0.50,07/02/2023 11:20:53 AM
-1,0.50,07/02/2023 11:01:12 AM
23,0.50,07/02/2023 10:40:10 AM
-1,0.50,07/02/2023 10:30:56 AM
29,0.50,07/02/2023 10:20:52 AM
26,0.50,07/02/2023 10:10:35 AM
-1,0.50,07/02/2023 10:01:13 AM
28,0.50,07/02/2023 09:50:32 AM
44,0.50,07/02/2023 09:40:10 AM
27,0.50,07/02/2023 09:20:51 AM
23,0.50,07/02/2023 09:10:25 AM
24,0.50,07/02/2023 09:01:11 AM
22,0.50,07/02/2023 08:50:30 AM
26,0.50,07/02/2023 08:40:09 AM
27,0.50,07/02/2023 08:30:55 AM
28,0.50,07/02/2023 08:10:23 AM
29,0.50,07/02/2023 07:50:27 AM
32,0.50,07/02/2023 07:40:08 AM
32,0.50,07/02/2023 07:30:54 AM
-1,0.50,07/02/2023 07:20:46 AM
-1,0.50,07/02/2023 07:10:21 AM
-1,0.50,07/02/2023 07:01:08 AM
-1,0.50,07/02/2023 06:40:07 AM
28,0.50,07/02/2023 06:20:44 AM
-1,0.50,07/02/2023 06:01:11 AM
27,0.50,07/02/2023 05:50:21 AM
34,0.50,07/02/2023 05:40:04 AM
29,0.50,07/02/2023 05:20:40 AM
-1,0.50,07/02/2023 05:10:17 AM
35,0.50,07/02/2023 05:01:05 AM
-1,0.50,07/02/2023 04:50:18 AM
32,0.50,07/02/2023 04:40:03 AM
34,0.50,07/02/2023 04:20:36 AM
31,0.50,07/02/2023 04:10:16 AM
-1,0.50,07/02/2023 04:01:04 AM
-1,0.50,07/02/2023 03:50:16 AM
-1,0.50,07/02/2023 03:40:02 AM
-1,0.50,07/02/2023 03:30:49 AM
-1,0.50,07/02/2023 03:20:35 AM
-1,0.50,07/02/2023 03:10:15 AM
-1,0.50,07/02/2023 03:01:04 AM
-1,0.50,07/02/2023 02:50:16 AM
-1,0.50,07/02/2023 02:40:02 AM
-1,0.50,07/02/2023 02:30:49 AM
-1,0.50,07/02/2023 02:20:35 AM
-1,0.50,07/02/2023 02:10:17 AM
-1,0.50,07/02/2023 02:01:06 AM
-1,0.50,07/02/2023 01:50:18 AM
-1,0.50,07/02/2023 01:40:03 AM
-1,0.50,07/02/2023 01:30:50 AM
-1,0.50,07/02/2023 01:20:39 AM
-1,0.50,07/02/2023 01:10:17 AM
-1,0.50,07/02/2023 01:01:06 AM
-1,0.50,07/02/2023 12:50:22 AM
-1,0.50,07/02/2023 12:40:04 AM
27,0.50,07/02/2023 12:30:52 AM
24,0.50,07/02/2023 12:10:19 AM
-1,0.50,07/02/2023 12:01:10 AM
27,0.50,07/01/2023 11:50:25 PM
17,0.50,07/01/2023 11:40:06 PM
17,0.50,07/01/2023 11:30:54 PM
18,0.50,07/01/2023 11:20:46 PM
22,0.50,07/01/2023 11:10:21 PM
26,0.50,07/01/2023 11:01:10 PM
25,0.50,07/01/2023 10:50:28 PM
34,0.50,07/01/2023 10:40:08 PM
20,0.50,07/01/2023 10:30:55 PM
25,0.50,07/01/2023 10:20:55 PM
29,0.50,07/01/2023 10:10:31 PM
27,0.50,07/01/2023 10:01:10 PM
29,0.50,07/01/2023 09:50:29 PM
25,0.50,07/01/2023 09:40:09 PM
-1,0.50,07/01/2023 09:30:56 PM
25,0.50,07/01/2023 09:20:51 PM
25,0.50,07/01/2023 09:10:25 PM
-1,0.50,07/01/2023 09:01:12 PM
20,0.50,07/01/2023 08:50:33 PM
21,0.50,07/01/2023 08:40:11 PM
25,0.50,07/01/2023 08:30:58 PM
25,0.50,07/01/2023 08:20:54 PM
27,0.50,07/01/2023 08:10:27 PM
28,0.50,07/01/2023 08:01:13 PM
23,0.50,07/01/2023 07:50:35 PM
-1,0.50,07/01/2023 07:40:12 PM
25,0.50,07/01/2023 07:30:59 PM
31,0.50,07/01/2023 07:20:57 PM
31,0.50,07/01/2023 07:10:28 PM
34,0.50,07/01/2023 07:01:16 PM
25,0.50,07/01/2023 06:50:37 PM
23,0.50,07/01/2023 06:40:12 PM
25,0.50,07/01/2023 06:30:59 PM
-1,0.50,07/01/2023 06:20:59 PM
27,0.50,07/01/2023 06:10:39 PM
27,0.50,07/01/2023 06:01:16 PM
23,0.50,07/01/2023 05:50:41 PM
28,0.50,07/01/2023 05:40:15 PM
28,0.50,07/01/2023 05:31:02 PM
27,0.50,07/01/2023 05:21:01 PM
25,0.50,07/01/2023 05:10:30 PM
28,0.50,07/01/2023 05:01:16 PM
25,0.50,07/01/2023 04:50:41 PM
25,0.50,07/01/2023 04:40:14 PM
27,0.50,07/01/2023 04:31:01 PM
